0 0 0 -0.0500000007450581 0 -85.0000103339208
0.02 0 0 -0.0500000007450581 0 -85.0000103339208
0.04 0 0 -0.0500000007450581 0 -85.0000103339208
0.06 0 0 -0.0500000007450581 0 -85.0000103339208
0.08 0 0 -0.0500000007450581 0 -85.0000103339208
0.1 0 0 -0.0500000007450581 0 -85.0000103339208
0.12 0 0 -0.0500000007450581 0 -85.0000103339208
0.14 0 0 -0.0500000007450581 0 -85.0000103339208
0.16 0 0 -0.0500000007450581 0 -85.0000103339208
0.18 0 0 -0.0500000007450581 0 -85.0000103339208
0.2 0 0 -0.0500000007450581 0 -85.0000103339208
0.22 0 0 -0.0500000007450581 0 -85.0000103339208
0.24 0 0 -0.0500000007450581 0 -85.0000103339208
0.26 0 0 -0.0500000007450581 0 -85.0000103339208
0.28 0 0 -0.0500000007450581 0 -85.0000103339208
0.3 0 0 -0.0500000007450581 0 -85.0000103339208
0.32 0 0 -0.0500000007450581 0 -85.0000103339208
0.34 0 0 -0.0500000007450581 0 -85.0000103339208
0.36 0 0 -0.0500000007450581 0 -85.0000103339208
0.38 0 0 -0.0500000007450581 0 -85.0000103339208
0.4 0 0 -0.0500000007450581 0 -85.0000103339208
0.42 0 0 -0.0500000007450581 0 -85.0000103339208
0.44 0 0 -0.0500000007450581 0 -85.0000103339208
0.46 0 0 -0.0500000007450581 0 -85.0000103339208
0.48 0 0 -0.0500000007450581 0 -85.0000103339208
0.5 0 0 -0.0500000007450581 0 -85.0000103339208
0.52 0 0 -0.0500000007450581 0 -85.0000103339208
0.54 0 0 -0.0500000007450581 0 -85.0000103339208
0.56 0 0 -0.0500000007450581 0 -85.0000103339208
0.58 0 0 -0.0500000007450581 0 -85.0000103339208
0.6 0 0 -0.0500000007450581 0 -85.0000103339208
0.62 0 0 -0.0500000007450581 0 -85.0000103339208
0.64 0 0 -0.0500000007450581 0 -85.0000103339208
0.66 0 0 -0.0500000007450581 0 -85.0000103339208
0.68 0 0 -0.0500000007450581 0 -85.0000103339208
0.7 0 0 -0.0500000007450581 0 -85.0000103339208
0.72 0 0 -0.0500000007450581 0 -85.0000103339208
0.74 0 0 -0.0500000007450581 0 -85.0000103339208
0.76 0 0 -0.0500000007450581 0 -85.0000103339208
0.78 0 0 -0.0500000007450581 0 -85.0000103339208
0.8 0 0 -0.0500000007450581 0 -85.0000103339208
0.82 0 0 -0.0500000007450581 0 -85.0000103339208
0.84 0 0 -0.0500000007450581 0 -85.0000103339208
0.86 0 0 -0.0500000007450581 0 -85.0000103339208
0.88 0 0 -0.0500000007450581 0 -85.0000103339208
0.9 0 0 -0.0500000007450581 0 -85.0000103339208
0.92 0 0 -0.0500000007450581 0 -85.0000103339208
0.94 0 0 -0.0500000007450581 0 -85.0000103339208
0.96 0 0 -0.0500000007450581 0 -85.0000103339208
0.98 0 0 -0.0500000007450581 0 -85.0000103339208
1 0 0 -0.0500000007450581 0 -85.0000103339208
1.02 0 0 -0.0500000007450581 0 -85.0000103339208
1.04 0 0 -0.0500000007450581 0 -85.0000103339208
1.06 0 0 -0.0500000007450581 0 -85.0000103339208
1.08 0 0 -0.0500000007450581 0 -85.0000103339208
1.1 0 0 -0.0500000007450581 0 -85.0000103339208
1.12 0 0 -0.0500000007450581 0 -85.0000103339208
1.14 0 0 -0.0500000007450581 0 -85.0000103339208
1.16 0 0 -0.0500000007450581 0 -85.0000103339208
1.18 0 0 -0.0500000007450581 0 -85.0000103339208
1.2 0 0 -0.0500000007450581 0 -85.0000103339208
1.22 0 0 -0.0500000007450581 0 -85.0000103339208
1.24 0 0 -0.0500000007450581 0 -85.0000103339208
1.26 0 0 -0.0500000007450581 0 -85.0000103339208
1.28 0 0 -0.0500000007450581 0 -85.0000103339208
1.3 0 0 -0.0500000007450581 0 -85.0000103339208
1.32 0 0 -0.0500000007450581 0 -85.0000103339208
1.34 0 0 -0.0500000007450581 0 -85.0000103339208
1.36 0 0 -0.0500000007450581 0 -85.0000103339208
1.38 0 0 -0.0500000007450581 0 -85.0000103339208
1.4 0 0 -0.0500000007450581 0 -85.0000103339208
1.42 0 0 -0.0500000007450581 0 -85.0000103339208
1.44 0 0 -0.0500000007450581 0 -85.0000103339208
1.46 0 0 -0.0500000007450581 0 -85.0000103339208
1.48 0 0 -0.0500000007450581 0 -85.0000103339208
1.5 0 0 -0.0500000007450581 0 -85.0000103339208
1.52 0 0 -0.0500000007450581 0 -85.0000103339208
1.54 0 0 -0.0500000007450581 0 -85.0000103339208
1.56 0 0 -0.0500000007450581 0 -85.0000103339208
1.58 0 0 -0.0500000007450581 0 -85.0000103339208
1.6 0 0 -0.0500000007450581 0 -85.0000103339208
1.62 0 0 -0.0500000007450581 0 -85.0000103339208
1.64 0 0 -0.0500000007450581 0 -85.0000103339208
1.66 0 0 -0.0500000007450581 0 -85.0000103339208
1.68 0 0 -0.0500000007450581 0 -85.0000103339208
1.7 0 0 -0.0500000007450581 0 -85.0000103339208
1.72 0 0 -0.0500000007450581 0 -85.0000103339208
1.74 0 0 -0.0500000007450581 0 -85.0000103339208
1.76 0 0 -0.0500000007450581 0 -85.0000103339208
1.78 0 0 -0.0500000007450581 0 -85.0000103339208
1.8 0 0 -0.0500000007450581 0 -85.0000103339208
1.82 0 0 -0.0500000007450581 0 -85.0000103339208
1.84 0 0 -0.0500000007450581 0 -85.0000103339208
1.86 0 0 -0.0500000007450581 0 -85.0000103339208
1.88 0 0 -0.0500000007450581 0 -85.0000103339208
1.9 0 0 -0.0500000007450581 0 -85.0000103339208
1.92 0 0 -0.0500000007450581 0 -85.0000103339208
1.94 0 0 -0.0500000007450581 0 -85.0000103339208
1.96 0 0 -0.0500000007450581 0 -85.0000103339208
1.98 0 0 -0.0500000007450581 0 -85.0000103339208
2 0 0 -0.0500000007450581 0 -85.0000103339208
2.02 0 0 -0.0500000007450581 0 -85.0000103339208
2.04 0 0 -0.0500000007450581 0 -85.0000103339208
2.06 0 0 -0.0500000007450581 0 -85.0000103339208
2.08 0 0 -0.0500000007450581 0 -85.0000103339208
2.1 0 0 -0.0500000007450581 0 -85.0000103339208
2.12 0 0 -0.0500000007450581 0 -85.0000103339208
2.14 0 0 -0.0500000007450581 0 -85.0000103339208
2.16 0 0 -0.0500000007450581 0 -85.0000103339208
2.18 0 0 -0.0500000007450581 0 -85.0000103339208
2.2 0 0 -0.0500000007450581 0 -85.0000103339208
2.22 0 0 -0.0500000007450581 0 -85.0000103339208
2.24 0 0 -0.0500000007450581 0 -85.0000103339208
2.26 0 0 -0.0500000007450581 0 -85.0000103339208
2.28 0 0 -0.0500000007450581 0 -85.0000103339208
2.3 0 0 -0.0500000007450581 0 -85.0000103339208
2.32 0 0 -0.0500000007450581 0 -85.0000103339208
2.34 0 0 -0.0500000007450581 0 -85.0000103339208
2.36 0 0 -0.0500000007450581 0 -85.0000103339208
2.38 0 0 -0.0500000007450581 0 -85.0000103339208
2.4 0 0 -0.0500000007450581 0 -85.0000103339208
2.42 0 0 -0.0500000007450581 0 -85.0000103339208
2.44 0 0 -0.0500000007450581 0 -85.0000103339208
2.46 0 0 -0.0500000007450581 0 -85.0000103339208
2.48 0 0 -0.0500000007450581 0 -85.0000103339208
2.5 0 0 -0.0500000007450581 0 -85.0000103339208
2.52 0 0 -0.0500000007450581 0 -85.0000103339208
2.54 0 0 -0.0500000007450581 0 -85.0000103339208
2.56 0 0 -0.0500000007450581 0 -85.0000103339208
2.58 0 0 -0.0500000007450581 0 -85.0000103339208
2.6 0 0 -0.0500000007450581 0 -85.0000103339208
2.62 0 0 -0.0500000007450581 0 -85.0000103339208
2.64 0 0 -0.0500000007450581 0 -85.0000103339208
2.66 0 0 -0.0500000007450581 0 -85.0000103339208
2.68 0 0 -0.0500000007450581 0 -85.0000103339208
2.7 0 0 -0.0500000007450581 0 -85.0000103339208
2.72 0 0 -0.0500000007450581 0 -85.0000103339208
2.74 0 0 -0.0500000007450581 0 -85.0000103339208
2.76 0 0 -0.0500000007450581 0 -85.0000103339208
2.78 0 0 -0.0500000007450581 0 -85.0000103339208
2.8 0 0 -0.0500000007450581 0 -85.0000103339208
2.82 0 0 -0.0500000007450581 0 -85.0000103339208
2.84 0 0 -0.0500000007450581 0 -85.0000103339208
2.86 0 0 -0.0500000007450581 0 -85.0000103339208
2.88 0 0 -0.0500000007450581 0 -85.0000103339208
2.9 0 0 -0.0500000007450581 0 -85.0000103339208
2.92 0 0 -0.0500000007450581 0 -85.0000103339208
2.94 0 0 -0.0500000007450581 0 -85.0000103339208
2.96 0 0 -0.0500000007450581 0 -85.0000103339208
2.98 0 0 -0.0500000007450581 0 -85.0000103339208
3 0 0 -0.0500000007450581 0 -85.0000103339208
3.02 0 0 -0.0500000007450581 0 -85.0000103339208
3.04 0 0 -0.0500000007450581 0 -85.0000103339208
3.06 0 0 -0.0500000007450581 0 -85.0000103339208
3.08 0 0 -0.0500000007450581 0 -85.0000103339208
3.1 0 0 -0.0500000007450581 0 -85.0000103339208
3.12 0 0 -0.0500000007450581 0 -85.0000103339208
3.14 0 0 -0.0500000007450581 0 -85.0000103339208
3.16 0 0 -0.0500000007450581 0 -85.0000103339208
3.18 0 0 -0.0500000007450581 0 -85.0000103339208
3.2 0 0 -0.0500000007450581 0 -85.0000103339208
3.22 0 0 -0.0500000007450581 0 -85.0000103339208
3.24 0 0 -0.0500000007450581 0 -85.0000103339208
3.26 0 0 -0.0500000007450581 0 -85.0000103339208
3.28 0 0 -0.0500000007450581 0 -85.0000103339208
3.3 0 0 -0.0500000007450581 0 -85.0000103339208
3.32 0 0 -0.0500000007450581 0 -85.0000103339208
3.34 0 0 -0.0500000007450581 0 -85.0000103339208
3.36 0 0 -0.0500000007450581 0 -85.0000103339208
3.38 0 0 -0.0500000007450581 0 -85.0000103339208
3.4 0 0 -0.0500000007450581 0 -85.0000103339208
3.42 0 0 -0.0500000007450581 0 -85.0000103339208
3.44 0 0 -0.0500000007450581 0 -85.0000103339208
3.46 0 0 -0.0500000007450581 0 -85.0000103339208
3.48 0 0 -0.0500000007450581 0 -85.0000103339208
3.5 0 0 -0.0500000007450581 0 -85.0000103339208
3.52 0 0 -0.0500000007450581 0 -85.0000103339208
3.54 0 0 -0.0500000007450581 0 -85.0000103339208
3.56 0 0 -0.0500000007450581 0 -85.0000103339208
3.58 0 0 -0.0500000007450581 0 -85.0000103339208
3.6 0 0 -0.0500000007450581 0 -85.0000103339208
3.62 0 0 -0.0500000007450581 0 -85.0000103339208
3.64 0 0 -0.0500000007450581 0 -85.0000103339208
3.66 0 0 -0.0500000007450581 0 -85.0000103339208
3.68 0 0 -0.0500000007450581 0 -85.0000103339208
3.7 0 0 -0.0500000007450581 0 -85.0000103339208
3.72 0 0 -0.0500000007450581 0 -85.0000103339208
3.74 0 0 -0.0500000007450581 0 -85.0000103339208
3.76 0 0 -0.0500000007450581 0 -85.0000103339208
3.78 0 0 -0.0500000007450581 0 -85.0000103339208
3.8 0 0 -0.0500000007450581 0 -85.0000103339208
3.82 0 0 -0.0500000007450581 0 -85.0000103339208
3.84 0 0 -0.0500000007450581 0 -85.0000103339208
3.86 0 0 -0.0500000007450581 0 -85.0000103339208
3.88 0 0 -0.0500000007450581 0 -85.0000103339208
3.9 0 0 -0.0500000007450581 0 -85.0000103339208
3.92 0 0 -0.0500000007450581 0 -85.0000103339208
3.94 0 0 -0.0500000007450581 0 -85.0000103339208
3.96 0 0 -0.0500000007450581 0 -85.0000103339208
3.98 0 0 -0.0500000007450581 0 -85.0000103339208
4 0 0 -0.0500000007450581 0 -85.0000103339208
4.02 0 0 -0.0500000007450581 0 -85.0000103339208
4.04 0 0 -0.0500000007450581 0 -85.0000103339208
4.06 0 0 -0.0500000007450581 0 -85.0000103339208
4.08 0 0 -0.0500000007450581 0 -85.0000103339208
4.1 0 0 -0.0500000007450581 0 -85.0000103339208
4.12 0 0 -0.0500000007450581 0 -85.0000103339208
4.14 0 0 -0.0500000007450581 0 -85.0000103339208
4.16 0 0 -0.0500000007450581 0 -85.0000103339208
4.18 0 0 -0.0500000007450581 0 -85.0000103339208
4.2 0 0 -0.0500000007450581 0 -85.0000103339208
4.22 0 0 -0.0500000007450581 0 -85.0000103339208
4.24 0 0 -0.0500000007450581 0 -85.0000103339208
4.26 0 0 -0.0500000007450581 0 -85.0000103339208
4.28 0 0 -0.0500000007450581 0 -85.0000103339208
4.3 0 0 -0.0500000007450581 0 -85.0000103339208
4.32 0 0 -0.0500000007450581 0 -85.0000103339208
4.34 0 0 -0.0500000007450581 0 -85.0000103339208
4.36 0 0 -0.0500000007450581 0 -85.0000103339208
4.38 0 0 -0.0500000007450581 0 -85.0000103339208
4.4 0 0 -0.0500000007450581 0 -85.0000103339208
4.42 0 0 -0.0500000007450581 0 -85.0000103339208
4.44 0 0 -0.0500000007450581 0 -85.0000103339208
4.46 0 0 -0.0500000007450581 0 -85.0000103339208
4.48 0 0 -0.0500000007450581 0 -85.0000103339208
4.5 0 0 -0.0500000007450581 0 -85.0000103339208
4.52 0 0 -0.0500000007450581 0 -85.0000103339208
4.54 0 0 -0.0500000007450581 0 -85.0000103339208
4.56 0 0 -0.0500000007450581 0 -85.0000103339208
4.58 0 0 -0.0500000007450581 0 -85.0000103339208
4.6 0 0 -0.0500000007450581 0 -85.0000103339208
4.62 0 0 -0.0500000007450581 0 -85.0000103339208
4.64 0 0 -0.0500000007450581 0 -85.0000103339208
4.66 0 0 -0.0500000007450581 0 -85.0000103339208
4.68 0 0 -0.0500000007450581 0 -85.0000103339208
4.7 0 0 -0.0500000007450581 0 -85.0000103339208
4.72 0 0 -0.0500000007450581 0 -85.0000103339208
4.74 0 0 -0.0500000007450581 0 -85.0000103339208
4.76 0 0 -0.0500000007450581 0 -85.0000103339208
4.78 0 0 -0.0500000007450581 0 -85.0000103339208
4.8 0 0 -0.0500000007450581 0 -85.0000103339208
4.82 0 0 -0.0500000007450581 0 -85.0000103339208
4.84 0 0 -0.0500000007450581 0 -85.0000103339208
4.86 0 0 -0.0500000007450581 0 -85.0000103339208
4.88 0 0 -0.0500000007450581 0 -85.0000103339208
4.9 0 0 -0.0500000007450581 0 -85.0000103339208
4.92 0 0 -0.0500000007450581 0 -85.0000103339208
4.94 0 0 -0.0500000007450581 0 -85.0000103339208
4.96 0 0 -0.0500000007450581 0 -85.0000103339208
4.98 0 0 -0.0500000007450581 0 -85.0000103339208
5 0 0 -0.0500000007450581 0 -85.0000103339208
5.02 0 0 -0.0500000007450581 0 -85.0000103339208
5.04 0 0 -0.0500000007450581 0 -85.0000103339208
5.06 0 0 -0.0500000007450581 0 -85.0000103339208
5.08 0 0 -0.0500000007450581 0 -85.0000103339208
5.1 0 0 -0.0500000007450581 0 -85.0000103339208
5.12 0 0 -0.0500000007450581 0 -85.0000103339208
5.14 0 0 -0.0500000007450581 0 -85.0000103339208
5.16 0 0 -0.0500000007450581 0 -85.0000103339208
5.18 0 0 -0.0500000007450581 0 -85.0000103339208
5.2 0 0 -0.0500000007450581 0 -85.0000103339208
5.22 0 0 -0.0500000007450581 0 -85.0000103339208
5.24 0 0 -0.0500000007450581 0 -85.0000103339208
5.26 0 0 -0.0500000007450581 0 -85.0000103339208
5.28 0 0 -0.0500000007450581 0 -85.0000103339208
5.3 0 0 -0.0500000007450581 0 -85.0000103339208
5.32 0 0 -0.0500000007450581 0 -85.0000103339208
5.34 0 0 -0.0500000007450581 0 -85.0000103339208
5.36 0 0 -0.0500000007450581 0 -85.0000103339208
5.38 0 0 -0.0500000007450581 0 -85.0000103339208
5.4 0 0 -0.0500000007450581 0 -85.0000103339208
5.42 0 0 -0.0500000007450581 0 -85.0000103339208
5.44 0 0 -0.0500000007450581 0 -85.0000103339208
5.46 0 0 -0.0500000007450581 0 -85.0000103339208
5.48 0 0 -0.0500000007450581 0 -85.0000103339208
5.5 0 0 -0.0500000007450581 0 -85.0000103339208
5.52 0 0 -0.0500000007450581 0 -85.0000103339208
5.54 0 0 -0.0500000007450581 0 -85.0000103339208
5.56 0 0 -0.0500000007450581 0 -85.0000103339208
5.58 0 0 -0.0500000007450581 0 -85.0000103339208
5.6 0 0 -0.0500000007450581 0 -85.0000103339208
5.62 0 0 -0.0500000007450581 0 -85.0000103339208
5.64 0 0 -0.0500000007450581 0 -85.0000103339208
5.66 0 0 -0.0500000007450581 0 -85.0000103339208
5.68 0 0 -0.0500000007450581 0 -85.0000103339208
5.7 0 0 -0.0500000007450581 0 -85.0000103339208
5.72 0 0 -0.0500000007450581 0 -85.0000103339208
5.74 0 0 -0.0500000007450581 0 -85.0000103339208
5.76 0 0 -0.0500000007450581 0 -85.0000103339208
5.78 0 0 -0.0500000007450581 0 -85.0000103339208
5.8 0 0 -0.0500000007450581 0 -85.0000103339208
5.82 0 0 -0.0500000007450581 0 -85.0000103339208
5.84 0 0 -0.0500000007450581 0 -85.0000103339208
5.86 0 0 -0.0500000007450581 0 -85.0000103339208
5.88 0 0 -0.0500000007450581 0 -85.0000103339208
5.9 0 0 -0.0500000007450581 0 -85.0000103339208
5.92 0 0 -0.0500000007450581 0 -85.0000103339208
5.94 0 0 -0.0500000007450581 0 -85.0000103339208
5.96 0 0 -0.0500000007450581 0 -85.0000103339208
5.98 0 0 -0.0500000007450581 0 -85.0000103339208
6 0 0 -0.0500000007450581 0 -85.0000103339208
6.02 0 0 -0.0500000007450581 0 -85.0000103339208
6.04 0 0 -0.0500000007450581 0 -85.0000103339208
6.06 0 0 -0.0500000007450581 0 -85.0000103339208
6.08 0 0 -0.0500000007450581 0 -85.0000103339208
6.1 0 0 -0.0500000007450581 0 -85.0000103339208
6.12 0 0 -0.0500000007450581 0 -85.0000103339208
6.14 0 0 -0.0500000007450581 0 -85.0000103339208
6.16 0 0 -0.0500000007450581 0 -85.0000103339208
6.18 0 0 -0.0500000007450581 0 -85.0000103339208
6.2 0 0 -0.0500000007450581 0 -85.0000103339208
6.22 0 0 -0.0500000007450581 0 -85.0000103339208
6.24 0 0 -0.0500000007450581 0 -85.0000103339208
6.26 0 0 -0.0500000007450581 0 -85.0000103339208
6.28 0 0 -0.0500000007450581 0 -85.0000103339208
6.3 0 0 -0.0500000007450581 0 -85.0000103339208
6.32 0 0 -0.0500000007450581 0 -85.0000103339208
6.34 0 0 -0.0500000007450581 0 -85.0000103339208
6.36 0 0 -0.0500000007450581 0 -85.0000103339208
6.38 0 0 -0.0500000007450581 0 -85.0000103339208
6.4 0 0 -0.0500000007450581 0 -85.0000103339208
6.42 0 0 -0.0500000007450581 0 -85.0000103339208
6.44 0 0 -0.0500000007450581 0 -85.0000103339208
6.46 0 0 -0.0500000007450581 0 -85.0000103339208
6.48 0 0 -0.0500000007450581 0 -85.0000103339208
6.5 0 0 -0.0500000007450581 0 -85.0000103339208
6.52 0 0 -0.0500000007450581 0 -85.0000103339208
6.54 0 0 -0.0500000007450581 0 -85.0000103339208
6.56 0 0 -0.0500000007450581 0 -85.0000103339208
6.58 0 0 -0.0500000007450581 0 -85.0000103339208
6.6 0 0 -0.0500000007450581 0 -85.0000103339208
6.62 0 0 -0.0500000007450581 0 -85.0000103339208
6.64 0 0 -0.0500000007450581 0 -85.0000103339208
6.66 0 0 -0.0500000007450581 0 -85.0000103339208
6.68 0 0 -0.0500000007450581 0 -85.0000103339208
6.7 0 0 -0.0500000007450581 0 -85.0000103339208
6.72 0 0 -0.0500000007450581 0 -85.0000103339208
6.74 0 0 -0.0500000007450581 0 -85.0000103339208
6.76 0 0 -0.0500000007450581 0 -85.0000103339208
6.78 0 0 -0.0500000007450581 0 -85.0000103339208
6.8 0 0 -0.0500000007450581 0 -85.0000103339208
6.82 0 0 -0.0500000007450581 0 -85.0000103339208
6.84 0 0 -0.0500000007450581 0 -85.0000103339208
6.86 0 0 -0.0500000007450581 0 -85.0000103339208
6.88 0 0 -0.0500000007450581 0 -85.0000103339208
6.9 0 0 -0.0500000007450581 0 -85.0000103339208
6.92 0 0 -0.0500000007450581 0 -85.0000103339208
6.94 0 0 -0.0500000007450581 0 -85.0000103339208
6.96 0 0 -0.0500000007450581 0 -85.0000103339208
6.98 0 0 -0.0500000007450581 0 -85.0000103339208
7 0 0 -0.0500000007450581 0 -85.0000103339208
7.02 0 0 -0.0500000007450581 0 -85.0000103339208
7.04 0 0 -0.0500000007450581 0 -85.0000103339208
7.06 0 0 -0.0500000007450581 0 -85.0000103339208
7.08 0 0 -0.0500000007450581 0 -85.0000103339208
7.1 0 0 -0.0500000007450581 0 -85.0000103339208
7.12 0 0 -0.0500000007450581 0 -85.0000103339208
7.14 0 0 -0.0500000007450581 0 -85.0000103339208
7.16 0 0 -0.0500000007450581 0 -85.0000103339208
7.18 0 0 -0.0500000007450581 0 -85.0000103339208
7.2 0 0 -0.0500000007450581 0 -85.0000103339208
7.22 0 0 -0.0500000007450581 0 -85.0000103339208
7.24 0 0 -0.0500000007450581 0 -85.0000103339208
7.26 0 0 -0.0500000007450581 0 -85.0000103339208
7.28 0 0 -0.0500000007450581 0 -85.0000103339208
7.3 0 0 -0.0500000007450581 0 -85.0000103339208
7.32 0 0 -0.0500000007450581 0 -85.0000103339208
7.34 0 0 -0.0500000007450581 0 -85.0000103339208
7.36 0 0 -0.0500000007450581 0 -85.0000103339208
7.38 0 0 -0.0500000007450581 0 -85.0000103339208
7.4 0 0 -0.0500000007450581 0 -85.0000103339208
7.42 0 0 -0.0500000007450581 0 -85.0000103339208
7.44 0 0 -0.0500000007450581 0 -85.0000103339208
7.46 0 0 -0.0500000007450581 0 -85.0000103339208
7.48 0 0 -0.0500000007450581 0 -85.0000103339208
7.5 0 0 -0.0500000007450581 0 -85.0000103339208
7.52 0 0 -0.0500000007450581 0 -85.0000103339208
7.54 0 0 -0.0500000007450581 0 -85.0000103339208
7.56 0 0 -0.0500000007450581 0 -85.0000103339208
7.58 0 0 -0.0500000007450581 0 -85.0000103339208
7.6 0 0 -0.0500000007450581 0 -85.0000103339208
7.62 0 0 -0.0500000007450581 0 -85.0000103339208
7.64 0 0 -0.0500000007450581 0 -85.0000103339208
7.66 0 0 -0.0500000007450581 0 -85.0000103339208
7.68 0 0 -0.0500000007450581 0 -85.0000103339208
7.7 0 0 -0.0500000007450581 0 -85.0000103339208
7.72 0 0 -0.0500000007450581 0 -85.0000103339208
7.74 0 0 -0.0500000007450581 0 -85.0000103339208
7.76 0 0 -0.0500000007450581 0 -85.0000103339208
7.78 0 0 -0.0500000007450581 0 -85.0000103339208
7.8 0 0 -0.0500000007450581 0 -85.0000103339208
7.82 0 0 -0.0500000007450581 0 -85.0000103339208
7.84 0 0 -0.0500000007450581 0 -85.0000103339208
7.86 0 0 -0.0500000007450581 0 -85.0000103339208
7.88 0 0 -0.0500000007450581 0 -85.0000103339208
7.9 0 0 -0.0500000007450581 0 -85.0000103339208
7.92 0 0 -0.0500000007450581 0 -85.0000103339208
7.94 0 0 -0.0500000007450581 0 -85.0000103339208
7.96 0 0 -0.0500000007450581 0 -85.0000103339208
7.98 0 0 -0.0500000007450581 0 -85.0000103339208
8 0 0 -0.0500000007450581 0 -85.0000103339208
8.02 0 0 -0.0500000007450581 0 -85.0000103339208
8.04 0 0 -0.0500000007450581 0 -85.0000103339208
8.06 0 0 -0.0500000007450581 0 -85.0000103339208
8.08 0 0 -0.0500000007450581 0 -85.0000103339208
8.1 0 0 -0.0500000007450581 0 -85.0000103339208
8.12 0 0 -0.0500000007450581 0 -85.0000103339208
8.14 0 0 -0.0500000007450581 0 -85.0000103339208
8.16 0 0 -0.0500000007450581 0 -85.0000103339208
8.18 0 0 -0.0500000007450581 0 -85.0000103339208
8.2 0 0 -0.0500000007450581 0 -85.0000103339208
8.22 0 0 -0.0500000007450581 0 -85.0000103339208
8.24 0 0 -0.0500000007450581 0 -85.0000103339208
8.26 0 0 -0.0500000007450581 0 -85.0000103339208
8.28 0 0 -0.0500000007450581 0 -85.0000103339208
8.3 0 0 -0.0500000007450581 0 -85.0000103339208
8.32 0 0 -0.0500000007450581 0 -85.0000103339208
8.34 0 0 -0.0500000007450581 0 -85.0000103339208
8.36 0 0 -0.0500000007450581 0 -85.0000103339208
8.38 0 0 -0.0500000007450581 0 -85.0000103339208
8.4 0 0 -0.0500000007450581 0 -85.0000103339208
8.42 0 0 -0.0500000007450581 0 -85.0000103339208
8.44 0 0 -0.0500000007450581 0 -85.0000103339208
8.46 0 0 -0.0500000007450581 0 -85.0000103339208
8.48 0 0 -0.0500000007450581 0 -85.0000103339208
8.5 0 0 -0.0500000007450581 0 -85.0000103339208
8.52 0 0 -0.0500000007450581 0 -85.0000103339208
8.54 0 0 -0.0500000007450581 0 -85.0000103339208
8.56 0 0 -0.0500000007450581 0 -85.0000103339208
8.58 0 0 -0.0500000007450581 0 -85.0000103339208
8.6 0 0 -0.0500000007450581 0 -85.0000103339208
8.62 0 0 -0.0500000007450581 0 -85.0000103339208
8.64 0 0 -0.0500000007450581 0 -85.0000103339208
8.66 0 0 -0.0500000007450581 0 -85.0000103339208
8.68 0 0 -0.0500000007450581 0 -85.0000103339208
8.7 0 0 -0.0500000007450581 0 -85.0000103339208
8.72 0 0 -0.0500000007450581 0 -85.0000103339208
8.74 0 0 -0.0500000007450581 0 -85.0000103339208
8.76 0 0 -0.0500000007450581 0 -85.0000103339208
8.78 0 0 -0.0500000007450581 0 -85.0000103339208
8.8 0 0 -0.0500000007450581 0 -85.0000103339208
8.82 0 0 -0.0500000007450581 0 -85.0000103339208
8.84 0 0 -0.0500000007450581 0 -85.0000103339208
8.86 0 0 -0.0500000007450581 0 -85.0000103339208
8.88 0 0 -0.0500000007450581 0 -85.0000103339208
8.9 0 0 -0.0500000007450581 0 -85.0000103339208
8.92 0 0 -0.0500000007450581 0 -85.0000103339208
8.94 0 0 -0.0500000007450581 0 -85.0000103339208
8.96 0 0 -0.0500000007450581 0 -85.0000103339208
8.98 0 0 -0.0500000007450581 0 -85.0000103339208
9 0 0 -0.0500000007450581 0 -85.0000103339208
9.02 0 0 -0.0500000007450581 0 -85.0000103339208
9.04 0 0 -0.0500000007450581 0 -85.0000103339208
9.06 0 0 -0.0500000007450581 0 -85.0000103339208
9.08 0 0 -0.0500000007450581 0 -85.0000103339208
9.1 0 0 -0.0500000007450581 0 -85.0000103339208
9.12 0 0 -0.0500000007450581 0 -85.0000103339208
9.14 0 0 -0.0500000007450581 0 -85.0000103339208
9.16 0 0 -0.0500000007450581 0 -85.0000103339208
9.18 0 0 -0.0500000007450581 0 -85.0000103339208
9.2 0 0 -0.0500000007450581 0 -85.0000103339208
9.22 0 0 -0.0500000007450581 0 -85.0000103339208
9.24 0 0 -0.0500000007450581 0 -85.0000103339208
9.26 0 0 -0.0500000007450581 0 -85.0000103339208
9.28 0 0 -0.0500000007450581 0 -85.0000103339208
9.3 0 0 -0.0500000007450581 0 -85.0000103339208
9.32 0 0 -0.0500000007450581 0 -85.0000103339208
9.34 0 0 -0.0500000007450581 0 -85.0000103339208
9.36 0 0 -0.0500000007450581 0 -85.0000103339208
9.38 0 0 -0.0500000007450581 0 -85.0000103339208
9.4 0 0 -0.0500000007450581 0 -85.0000103339208
9.42 0 0 -0.0500000007450581 0 -85.0000103339208
9.44 0 0 -0.0500000007450581 0 -85.0000103339208
9.46 0 0 -0.0500000007450581 0 -85.0000103339208
9.48 0 0 -0.0500000007450581 0 -85.0000103339208
9.5 0 0 -0.0500000007450581 0 -85.0000103339208
9.52 0 0 -0.0500000007450581 0 -85.0000103339208
9.54 0 0 -0.0500000007450581 0 -85.0000103339208
9.56 0 0 -0.0500000007450581 0 -85.0000103339208
9.58 0 0 -0.0500000007450581 0 -85.0000103339208
9.6 0 0 -0.0500000007450581 0 -85.0000103339208
9.62 0 0 -0.0500000007450581 0 -85.0000103339208
9.64 0 0 -0.0500000007450581 0 -85.0000103339208
9.66 0 0 -0.0500000007450581 0 -85.0000103339208
9.68 0 0 -0.0500000007450581 0 -85.0000103339208
9.7 0 0 -0.0500000007450581 0 -85.0000103339208
9.72 0 0 -0.0500000007450581 0 -85.0000103339208
9.74 0 0 -0.0500000007450581 0 -85.0000103339208
9.76 0 0 -0.0500000007450581 0 -85.0000103339208
9.78 0 0 -0.0500000007450581 0 -85.0000103339208
9.8 0 0 -0.0500000007450581 0 -85.0000103339208
9.82 0 0 -0.0500000007450581 0 -85.0000103339208
9.84 0 0 -0.0500000007450581 0 -85.0000103339208
9.86 0 0 -0.0500000007450581 0 -85.0000103339208
9.88 0 0 -0.0500000007450581 0 -85.0000103339208
9.9 0 0 -0.0500000007450581 0 -85.0000103339208
9.92 0 0 -0.0500000007450581 0 -85.0000103339208
9.94 0 0 -0.0500000007450581 0 -85.0000103339208
9.96 0 0 -0.0500000007450581 0 -85.0000103339208
9.98 0 0 -0.0500000007450581 0 -85.0000103339208
10 0 0 -0.0500000007450581 0 -85.0000103339208
10.02 0 0 -0.0500000007450581 0 -85.0000103339208
10.04 0 0 -0.0500000007450581 0 -85.0000103339208
10.06 0 0 -0.0500000007450581 0 -85.0000103339208
10.08 0 0 -0.0500000007450581 0 -85.0000103339208
10.1 0 0 -0.0500000007450581 0 -85.0000103339208
10.12 0 0 -0.0500000007450581 0 -85.0000103339208
10.14 0 0 -0.0500000007450581 0 -85.0000103339208
10.16 0 0 -0.0500000007450581 0 -85.0000103339208
10.18 0 0 -0.0500000007450581 0 -85.0000103339208
10.2 0 0 -0.0500000007450581 0 -85.0000103339208
10.22 0 0 -0.0500000007450581 0 -85.0000103339208
10.24 0 0 -0.0500000007450581 0 -85.0000103339208
10.26 0 0 -0.0500000007450581 0 -85.0000103339208
10.28 0 0 -0.0500000007450581 0 -85.0000103339208
10.3 0 0 -0.0500000007450581 0 -85.0000103339208
10.32 0 0 -0.0500000007450581 0 -85.0000103339208
10.34 0 0 -0.0500000007450581 0 -85.0000103339208
10.36 0 0 -0.0500000007450581 0 -85.0000103339208
10.38 0 0 -0.0500000007450581 0 -85.0000103339208
10.4 0 0 -0.0500000007450581 0 -85.0000103339208
10.42 0 0 -0.0500000007450581 0 -85.0000103339208
10.44 0 0 -0.0500000007450581 0 -85.0000103339208
10.46 0 0 -0.0500000007450581 0 -85.0000103339208
10.48 0 0 -0.0500000007450581 0 -85.0000103339208
10.5 0 0 -0.0500000007450581 0 -85.0000103339208
10.52 0 0 -0.0500000007450581 0 -85.0000103339208
10.54 0 0 -0.0500000007450581 0 -85.0000103339208
10.56 0 0 -0.0500000007450581 0 -85.0000103339208
10.58 0 0 -0.0500000007450581 0 -85.0000103339208
10.6 0 0 -0.0500000007450581 0 -85.0000103339208
10.62 0 0 -0.0500000007450581 0 -85.0000103339208
10.64 0 0 -0.0500000007450581 0 -85.0000103339208
10.66 0 0 -0.0500000007450581 0 -85.0000103339208
10.68 0 0 -0.0500000007450581 0 -85.0000103339208
10.7 0 0 -0.0500000007450581 0 -85.0000103339208
10.72 0 0 -0.0500000007450581 0 -85.0000103339208
10.74 0 0 -0.0500000007450581 0 -85.0000103339208
10.76 0 0 -0.0500000007450581 0 -85.0000103339208
10.78 0 0 -0.0500000007450581 0 -85.0000103339208
10.8 0 0 -0.0500000007450581 0 -85.0000103339208
10.82 0 0 -0.0500000007450581 0 -85.0000103339208
10.84 0 0 -0.0500000007450581 0 -85.0000103339208
10.86 0 0 -0.0500000007450581 0 -85.0000103339208
10.88 0 0 -0.0500000007450581 0 -85.0000103339208
10.9 0 0 -0.0500000007450581 0 -85.0000103339208
10.92 0 0 -0.0500000007450581 0 -85.0000103339208
10.94 0 0 -0.0500000007450581 0 -85.0000103339208
10.96 0 0 -0.0500000007450581 0 -85.0000103339208
10.98 0 0 -0.0500000007450581 0 -85.0000103339208
11 0 0 -0.0500000007450581 0 -85.0000103339208
11.02 0 0 -0.0500000007450581 0 -85.0000103339208
11.04 0 0 -0.0500000007450581 0 -85.0000103339208
11.06 0 0 -0.0500000007450581 0 -85.0000103339208
11.08 0 0 -0.0500000007450581 0 -85.0000103339208
11.1 0 0 -0.0500000007450581 0 -85.0000103339208
11.12 0 0 -0.0500000007450581 0 -85.0000103339208
11.14 0 0 -0.0500000007450581 0 -85.0000103339208
11.16 0 0 -0.0500000007450581 0 -85.0000103339208
11.18 0 0 -0.0500000007450581 0 -85.0000103339208
11.2 0 0 -0.0500000007450581 0 -85.0000103339208
11.22 0 0 -0.0500000007450581 0 -85.0000103339208
11.24 0 0 -0.0500000007450581 0 -85.0000103339208
11.26 0 0 -0.0500000007450581 0 -85.0000103339208
11.28 0 0 -0.0500000007450581 0 -85.0000103339208
11.3 0 0 -0.0500000007450581 0 -85.0000103339208
11.32 0 0 -0.0500000007450581 0 -85.0000103339208
11.34 0 0 -0.0500000007450581 0 -85.0000103339208
11.36 0 0 -0.0500000007450581 0 -85.0000103339208
11.38 0 0 -0.0500000007450581 0 -85.0000103339208
11.4 0 0 -0.0500000007450581 0 -85.0000103339208
11.42 0 0 -0.0500000007450581 0 -85.0000103339208
11.44 0 0 -0.0500000007450581 0 -85.0000103339208
11.46 0 0 -0.0500000007450581 0 -85.0000103339208
11.48 0 0 -0.0500000007450581 0 -85.0000103339208
11.5 0 0 -0.0500000007450581 0 -85.0000103339208
11.52 0 0 -0.0500000007450581 0 -85.0000103339208
11.54 0 0 -0.0500000007450581 0 -85.0000103339208
11.56 0 0 -0.0500000007450581 0 -85.0000103339208
11.58 0 0 -0.0500000007450581 0 -85.0000103339208
11.6 0 0 -0.0500000007450581 0 -85.0000103339208
11.62 0 0 -0.0500000007450581 0 -85.0000103339208
11.64 0 0 -0.0500000007450581 0 -85.0000103339208
11.66 0 0 -0.0500000007450581 0 -85.0000103339208
11.68 0 0 -0.0500000007450581 0 -85.0000103339208
11.7 0 0 -0.0500000007450581 0 -85.0000103339208
11.72 0 0 -0.0500000007450581 0 -85.0000103339208
11.74 0 0 -0.0500000007450581 0 -85.0000103339208
11.76 0 0 -0.0500000007450581 0 -85.0000103339208
11.78 0 0 -0.0500000007450581 0 -85.0000103339208
11.8 0 0 -0.0500000007450581 0 -85.0000103339208
11.82 0 0 -0.0500000007450581 0 -85.0000103339208
11.84 0 0 -0.0500000007450581 0 -85.0000103339208
11.86 0 0 -0.0500000007450581 0 -85.0000103339208
11.88 0 0 -0.0500000007450581 0 -85.0000103339208
11.9 0 0 -0.0500000007450581 0 -85.0000103339208
11.92 0 0 -0.0500000007450581 0 -85.0000103339208
11.94 0 0 -0.0500000007450581 0 -85.0000103339208
11.96 0 0 -0.0500000007450581 0 -85.0000103339208
11.98 0 0 -0.0500000007450581 0 -85.0000103339208
12 0 0 -0.0500000007450581 0 -85.0000103339208
12.02 0 0 -0.0500000007450581 0 -85.0000103339208
12.04 0 0 -0.0500000007450581 0 -85.0000103339208
12.06 0 0 -0.0500000007450581 0 -85.0000103339208
12.08 0 0 -0.0500000007450581 0 -85.0000103339208
12.1 0 0 -0.0500000007450581 0 -85.0000103339208
12.12 0 0 -0.0500000007450581 0 -85.0000103339208
12.14 0 0 -0.0500000007450581 0 -85.0000103339208
12.16 0 0 -0.0500000007450581 0 -85.0000103339208
12.18 0 0 -0.0500000007450581 0 -85.0000103339208
12.2 0 0 -0.0500000007450581 0 -85.0000103339208
12.22 0 0 -0.0500000007450581 0 -85.0000103339208
12.24 0 0 -0.0500000007450581 0 -85.0000103339208
12.26 0 0 -0.0500000007450581 0 -85.0000103339208
12.28 0 0 -0.0500000007450581 0 -85.0000103339208
12.3 0 0 -0.0500000007450581 0 -85.0000103339208
12.32 0 0 -0.0500000007450581 0 -85.0000103339208
12.34 0 0 -0.0500000007450581 0 -85.0000103339208
12.36 0 0 -0.0500000007450581 0 -85.0000103339208
12.38 0 0 -0.0500000007450581 0 -85.0000103339208
12.4 0 0 -0.0500000007450581 0 -85.0000103339208
12.42 0 0 -0.0500000007450581 0 -85.0000103339208
12.44 0 0 -0.0500000007450581 0 -85.0000103339208
12.46 0 0 -0.0500000007450581 0 -85.0000103339208
12.48 0 0 -0.0500000007450581 0 -85.0000103339208
12.5 0 0 -0.0500000007450581 0 -85.0000103339208
12.52 0 0 -0.0500000007450581 0 -85.0000103339208
12.54 0 0 -0.0500000007450581 0 -85.0000103339208
12.56 0 0 -0.0500000007450581 0 -85.0000103339208
12.58 0 0 -0.0500000007450581 0 -85.0000103339208
12.6 0 0 -0.0500000007450581 0 -85.0000103339208
12.62 0 0 -0.0500000007450581 0 -85.0000103339208
12.64 0 0 -0.0500000007450581 0 -85.0000103339208
12.66 0 0 -0.0500000007450581 0 -85.0000103339208
12.68 0 0 -0.0500000007450581 0 -85.0000103339208
12.7 0 0 -0.0500000007450581 0 -85.0000103339208
12.72 0 0 -0.0500000007450581 0 -85.0000103339208
12.74 0 0 -0.0500000007450581 0 -85.0000103339208
12.76 0 0 -0.0500000007450581 0 -85.0000103339208
12.78 0 0 -0.0500000007450581 0 -85.0000103339208
12.8 0 0 -0.0500000007450581 0 -85.0000103339208
12.82 0 0 -0.0500000007450581 0 -85.0000103339208
12.84 0 0 -0.0500000007450581 0 -85.0000103339208
12.86 0 0 -0.0500000007450581 0 -85.0000103339208
12.88 0 0 -0.0500000007450581 0 -85.0000103339208
12.9 0 0 -0.0500000007450581 0 -85.0000103339208
12.92 0 0 -0.0500000007450581 0 -85.0000103339208
12.94 0 0 -0.0500000007450581 0 -85.0000103339208
12.96 0 0 -0.0500000007450581 0 -85.0000103339208
12.98 0 0 -0.0500000007450581 0 -85.0000103339208
13 0 0 -0.0500000007450581 0 -85.0000103339208
13.02 0 0 -0.0500000007450581 0 -85.0000103339208
13.04 0 0 -0.0500000007450581 0 -85.0000103339208
13.06 0 0 -0.0500000007450581 0 -85.0000103339208
13.08 0 0 -0.0500000007450581 0 -85.0000103339208
13.1 0 0 -0.0500000007450581 0 -85.0000103339208
13.12 0 0 -0.0500000007450581 0 -85.0000103339208
13.14 0 0 -0.0500000007450581 0 -85.0000103339208
13.16 0 0 -0.0500000007450581 0 -85.0000103339208
13.18 0 0 -0.0500000007450581 0 -85.0000103339208
13.2 0 0 -0.0500000007450581 0 -85.0000103339208
13.22 0 0 -0.0500000007450581 0 -85.0000103339208
13.24 0 0 -0.0500000007450581 0 -85.0000103339208
13.26 0 0 -0.0500000007450581 0 -85.0000103339208
13.28 0 0 -0.0500000007450581 0 -85.0000103339208
13.3 0 0 -0.0500000007450581 0 -85.0000103339208
13.32 0 0 -0.0500000007450581 0 -85.0000103339208
13.34 0 0 -0.0500000007450581 0 -85.0000103339208
13.36 0 0 -0.0500000007450581 0 -85.0000103339208
13.38 0 0 -0.0500000007450581 0 -85.0000103339208
13.4 0 0 -0.0500000007450581 0 -85.0000103339208
13.42 0 0 -0.0500000007450581 0 -85.0000103339208
13.44 0 0 -0.0500000007450581 0 -85.0000103339208
13.46 0 0 -0.0500000007450581 0 -85.0000103339208
13.48 0 0 -0.0500000007450581 0 -85.0000103339208
13.5 0 0 -0.0500000007450581 0 -85.0000103339208
13.52 0 0 -0.0500000007450581 0 -85.0000103339208
13.54 0 0 -0.0500000007450581 0 -85.0000103339208
13.56 0 0 -0.0500000007450581 0 -85.0000103339208
13.58 0 0 -0.0500000007450581 0 -85.0000103339208
13.6 0 0 -0.0500000007450581 0 -85.0000103339208
13.62 0 0 -0.0500000007450581 0 -85.0000103339208
13.64 0 0 -0.0500000007450581 0 -85.0000103339208
13.66 0 0 -0.0500000007450581 0 -85.0000103339208
13.68 0 0 -0.0500000007450581 0 -85.0000103339208
13.7 0 0 -0.0500000007450581 0 -85.0000103339208
13.72 0 0 -0.0500000007450581 0 -85.0000103339208
13.74 0 0 -0.0500000007450581 0 -85.0000103339208
13.76 0 0 -0.0500000007450581 0 -85.0000103339208
13.78 0 0 -0.0500000007450581 0 -85.0000103339208
13.8 0 0 -0.0500000007450581 0 -85.0000103339208
13.82 0 0 -0.0500000007450581 0 -85.0000103339208
13.84 0 0 -0.0500000007450581 0 -85.0000103339208
13.86 0 0 -0.0500000007450581 0 -85.0000103339208
13.88 0 0 -0.0500000007450581 0 -85.0000103339208
13.9 0 0 -0.0500000007450581 0 -85.0000103339208
13.92 0 0 -0.0500000007450581 0 -85.0000103339208
13.94 0 0 -0.0500000007450581 0 -85.0000103339208
13.96 0 0 -0.0500000007450581 0 -85.0000103339208
13.98 0 0 -0.0500000007450581 0 -85.0000103339208
14 0 0 -0.0500000007450581 0 -85.0000103339208
14.02 0 0 -0.0500000007450581 0 -85.0000103339208
14.04 0 0 -0.0500000007450581 0 -85.0000103339208
14.06 0 0 -0.0500000007450581 0 -85.0000103339208
14.08 0 0 -0.0500000007450581 0 -85.0000103339208
14.1 0 0 -0.0500000007450581 0 -85.0000103339208
14.12 0 0 -0.0500000007450581 0 -85.0000103339208
14.14 0 0 -0.0500000007450581 0 -85.0000103339208
14.16 0 0 -0.0500000007450581 0 -85.0000103339208
14.18 0 0 -0.0500000007450581 0 -85.0000103339208
14.2 0 0 -0.0500000007450581 0 -85.0000103339208
14.22 0 0 -0.0500000007450581 0 -85.0000103339208
14.24 0 0 -0.0500000007450581 0 -85.0000103339208
14.26 0 0 -0.0500000007450581 0 -85.0000103339208
14.28 0 0 -0.0500000007450581 0 -85.0000103339208
14.3 0 0 -0.0500000007450581 0 -85.0000103339208
14.32 0 0 -0.0500000007450581 0 -85.0000103339208
14.34 0 0 -0.0500000007450581 0 -85.0000103339208
14.36 0 0 -0.0500000007450581 0 -85.0000103339208
14.38 0 0 -0.0500000007450581 0 -85.0000103339208
14.4 0 0 -0.0500000007450581 0 -85.0000103339208
14.42 0 0 -0.0500000007450581 0 -85.0000103339208
14.44 0 0 -0.0500000007450581 0 -85.0000103339208
14.46 0 0 -0.0500000007450581 0 -85.0000103339208
14.48 0 0 -0.0500000007450581 0 -85.0000103339208
14.5 0 0 -0.0500000007450581 0 -85.0000103339208
14.52 0 0 -0.0500000007450581 0 -85.0000103339208
14.54 0 0 -0.0500000007450581 0 -85.0000103339208
14.56 0 0 -0.0500000007450581 0 -85.0000103339208
14.58 0 0 -0.0500000007450581 0 -85.0000103339208
14.6 0 0 -0.0500000007450581 0 -85.0000103339208
14.62 0 0 -0.0500000007450581 0 -85.0000103339208
14.64 0 0 -0.0500000007450581 0 -85.0000103339208
14.66 0 0 -0.0500000007450581 0 -85.0000103339208
14.68 0 0 -0.0500000007450581 0 -85.0000103339208
14.7 0 0 -0.0500000007450581 0 -85.0000103339208
14.72 0 0 -0.0500000007450581 0 -85.0000103339208
14.74 0 0 -0.0500000007450581 0 -85.0000103339208
14.76 0 0 -0.0500000007450581 0 -85.0000103339208
14.78 0 0 -0.0500000007450581 0 -85.0000103339208
14.8 0 0 -0.0500000007450581 0 -85.0000103339208
14.82 0 0 -0.0500000007450581 0 -85.0000103339208
14.84 0 0 -0.0500000007450581 0 -85.0000103339208
14.86 0 0 -0.0500000007450581 0 -85.0000103339208
14.88 0 0 -0.0500000007450581 0 -85.0000103339208
14.9 0 0 -0.0500000007450581 0 -85.0000103339208
14.92 0 0 -0.0500000007450581 0 -85.0000103339208
14.94 0 0 -0.0500000007450581 0 -85.0000103339208
14.96 -0.0525729991495609 0.0620463006198406 -0.0498925000429153 -0.0012362600537017 -85.0601706401302
14.98 -0.225576996803284 0.149961993098259 -0.0496409982442856 -0.00422492995858192 -85.3185703568102
15 -0.173603996634483 0.216507002711296 -0.0492951013147831 -0.00854123011231422 -85.5173903333602
15.02 -0.114243000745773 0.264234006404877 -0.0488880984485149 -0.0138101996853948 -85.6485982673162
15.04 -0.0434530004858971 0.300437986850739 -0.0484348013997078 -0.0198018997907639 -85.698444987879
15.06 -0.0588071011006832 0.344446003437042 -0.0479221008718014 -0.0266717001795769 -85.7654764643935
15.08 0.00674206018447876 0.381002992391586 -0.0473590008914471 -0.0342709012329578 -85.7580315581982
15.1 -0.0130912996828556 0.392767012119293 -0.0467789992690086 -0.0421047993004322 -85.772928200778
15.12 0.0113596003502607 0.408951997756958 -0.0461752004921436 -0.0502615012228489 -85.759752765869
15.14 0.0320009998977184 0.424235999584198 -0.0455451011657715 -0.0587228015065193 -85.7230814802152
15.16 0.124124996364117 0.433010011911392 -0.0448886007070541 -0.06735809892416 -85.5809862247222
15.18 0.156240999698639 0.436248987913132 -0.0442028008401394 -0.0760561004281044 -85.4022265137646
15.2 0.138854995369911 0.438331007957459 -0.0434878990054131 -0.0847935006022453 -85.2429396721307
15.22 0.181568995118141 0.435025006532669 -0.0427506007254124 -0.093462698161602 -85.0349604119037
15.24 0.242984995245934 0.438829988241196 -0.0419697985053062 -0.102205000817776 -84.7565004296314
15.26 0.244231998920441 0.436295986175537 -0.0411510989069939 -0.110891997814178 -84.4763260698774
15.28 0.226615995168686 0.432464987039566 -0.0402990989387035 -0.119498997926712 -84.2167720512276
15.3 0.279720008373261 0.440237998962402 -0.0393874011933804 -0.128257006406784 -83.8964908206673
15.32 0.303270012140274 0.436515003442764 -0.0384327992796898 -0.136934995651245 -83.5487044183193
15.34 0.337511003017426 0.435283005237579 -0.0374253988265991 -0.145582005381584 -83.1619586169456
15.36 0.349424004554749 0.437424004077911 -0.0363534986972809 -0.154264003038406 -82.7614636447726
15.38 0.362262010574341 0.433243006467819 -0.0352305993437767 -0.162855997681618 -82.3466389357209
15.4 0.385928004980087 0.42960399389267 -0.0340535007417202 -0.171367004513741 -81.9043158850707
15.42 0.412734001874924 0.431768000125885 -0.0328021012246609 -0.179911002516747 -81.4316258133707
15.44 0.433605998754501 0.427394986152649 -0.0314919017255306 -0.188357993960381 -80.9342992493344
15.46 0.457387000322342 0.424490004777908 -0.0301159005612135 -0.196735993027687 -80.410614985291
15.48 0.449744999408722 0.425906002521515 -0.0286590997129679 -0.205127999186516 -79.8949561935224
15.5 0.473572999238968 0.415443986654282 -0.0271624997258186 -0.213301002979279 -79.3523659658564
15.52 0.467938989400864 0.418336987495422 -0.0255781002342701 -0.221516996622086 -78.8160731726052
15.54 0.489549994468689 0.416027992963791 -0.0239243004471064 -0.229671001434326 -78.2551507172069
15.56 0.508989989757538 0.411981999874115 -0.022206099703908 -0.237729996442795 -77.6718798828443
15.58 0.536466002464294 0.40914198756218 -0.0204160995781422 -0.245713993906975 -77.0570945556513
15.6 0.538151979446411 0.408118009567261 -0.0185451004654169 -0.25365999341011 -76.4405880207874
15.62 0.54510098695755 0.409440010786057 -0.0165817998349667 -0.261608988046646 -75.8160696740271
15.64 0.539260029792786 0.412250012159348 -0.0145183997228742 -0.269591987133026 -75.1978487616815
15.66 0.553667008876801 0.407988011837006 -0.0123901003971696 -0.277469009160995 -74.5635837349756
15.68 0.578002989292145 0.404660999774933 -0.0101907998323441 -0.285257995128632 -73.9012398005917
15.7 0.545585989952087 0.407884985208511 -0.00788599997758865 -0.293083012104034 -73.2755739820509
15.72 0.554521977901459 0.407213002443314 -0.00549915991723537 -0.300870001316071 -72.6401614835644
15.74 0.568421006202698 0.403564006090164 -0.00304719991981983 -0.308560013771057 -71.989285436797
15.76 0.566181004047394 0.404864996671677 -0.000499961024615914 -0.316246002912521 -71.3401237675113
15.78 0.543022990226746 0.399861007928848 0.00209983997046947 -0.323808997869492 -70.7178867039337
15.8 0.583289980888367 0.401270985603333 0.00479411007836461 -0.331369012594223 -70.0498190710254
15.82 0.608272016048431 0.402406990528107 0.00758616020902991 -0.33891698718071 -69.3525318888478
15.84 0.596149981021881 0.400900989770889 0.010458099655807 -0.346403002738953 -68.6695676133597
15.86 0.569967985153198 0.399075001478195 0.0134036997333169 -0.353821009397507 -68.016389792842
15.88 0.578580021858215 0.401634991168976 0.0164537001401186 -0.361252009868622 -67.353478952757
15.9 0.552950978279114 0.397556006908417 0.0195557996630669 -0.368573009967804 -66.7197876619414
15.92 0.576017022132874 0.400680989027023 0.0227653998881578 -0.375916004180908 -66.0597386711186
15.94 0.564495980739594 0.401401996612549 0.0260643996298313 -0.38323500752449 -65.412871945394
15.96 0.548564016819 0.396788001060486 0.0294058993458748 -0.390433013439178 -64.7843374474018
15.98 0.519518971443176 0.394475013017654 0.0328041017055511 -0.397552996873856 -64.1890318197216
16 0.5120609998703 0.398155003786087 0.0363079011440277 -0.404704004526138 -63.6017516643162
16.02 0.510583996772766 0.39614000916481 0.0398666001856327 -0.411781996488571 -63.016766452472
16.04 0.458887994289398 0.392558008432388 0.0434609986841679 -0.418761998414993 -62.4907872448675
16.06 0.500424027442932 0.39596900343895 0.0471539013087749 -0.425767987966537 -61.9178299961516
16.08 0.503310978412628 0.393963992595673 0.0508980005979538 -0.432700991630554 -61.3408634263929
16.1 0.487149000167847 0.396461009979248 0.0547346994280815 -0.439639985561371 -60.7828028202569
16.12 0.50594300031662 0.400065988302231 0.0586755983531475 -0.446604013442993 -60.2029675710468
16.14 0.534664988517761 0.397814005613327 0.0626662001013756 -0.453487008810043 -59.5899034515246
16.16 0.486155986785889 0.397455990314484 0.0667231976985931 -0.460323005914688 -59.0329903171691
16.18 0.49345201253891 0.395090013742447 0.0708224028348923 -0.467078000307083 -58.4674779746485
16.2 0.502803027629852 0.396571010351181 0.0750043019652367 -0.473816990852356 -57.8916588766704
16.22 0.434482991695404 0.391449004411697 0.0791942998766899 -0.480430990457535 -57.3937585767439
16.24 0.452953994274139 0.395503014326096 0.0834868997335434 -0.487075001001358 -56.8745412564177
16.26 0.422176986932755 0.395644009113312 0.0878389999270439 -0.493683010339737 -56.3907931084514
16.28 0.445843011140823 0.395343005657196 0.0922449976205826 -0.500249028205872 -55.8798847132505
16.3 0.414835005998611 0.392578989267349 0.0966760963201523 -0.506730020046234 -55.4045035470175
16.32 0.435869008302689 0.397680997848511 0.10122100263834 -0.51325798034668 -54.9050562092439
16.34 0.412133008241653 0.396250993013382 0.105803996324539 -0.519722998142242 -54.4327657036103
16.36 0.434228986501694 0.396326005458832 0.110441997647285 -0.5261510014534 -53.9351522716289
16.38 0.441570997238159 0.396077007055283 0.115134000778198 -0.532534003257751 -53.4291752730087
16.4 0.419245004653931 0.390998989343643 0.11981900036335 -0.538794994354248 -52.9487500120737
16.42 0.420076012611389 0.394706010818481 0.124601997435093 -0.545074999332428 -52.4674060906952
16.44 0.441040992736816 0.392589002847672 0.129412993788719 -0.55128002166748 -51.9619994128708
16.46 0.424439996480942 0.391144007444382 0.13425900042057 -0.557421028614044 -51.4756182269794
16.48 0.386828005313873 0.391378998756409 0.14411099255085 -0.569618999958038 -50.6416179783748
16.5 0.362423002719879 0.392729997634888 0.149113997817039 -0.575673997402191 -50.2263390617433
16.52 0.310149997472763 0.390507012605667 0.15412999689579 -0.581660985946655 -49.8709335833761
16.54 0.342151999473572 0.390572011470795 0.159185007214546 -0.58761602640152 -49.4788602344498
16.56 0.324627012014389 0.393909007310867 0.164323002099991 -0.5935879945755 -49.106836905832
16.58 0.309596002101898 0.394683003425598 0.169508993625641 -0.59953898191452 -48.7520632199631
16.6 0.298790991306305 0.393395990133286 0.174713999032974 -0.605439007282257 -48.4097204783836
16.62 0.309457987546921 0.395058989524841 0.179976999759674 -0.61133199930191 -48.055059490636
16.64 0.321949005126953 0.393999010324478 0.185262992978096 -0.61717700958252 -47.6861882943202
16.66 0.264503985643387 0.392506986856461 0.19056299328804 -0.622967004776001 -47.3830371781982
16.68 0.273970991373062 0.39189800620079 0.195886000990868 -0.628720998764038 -47.0691114386606
16.7 0.284844994544983 0.393808990716934 0.201267004013062 -0.634472012519836 -46.7427001133202
16.72 0.236174002289772 0.393759995698929 0.206677004694939 -0.64019501209259 -46.4720914334988
16.74 0.238945007324219 0.388357013463974 0.21204000711441 -0.645814001560211 -46.198275979862
16.76 0.219481006264687 0.391611993312836 0.21747300028801 -0.651454985141754 -45.9467474334871
16.78 0.239268004894257 0.388480007648468 0.222889006137848 -0.657025992870331 -45.6725870552973
16.8 0.223729997873306 0.392183989286423 0.228382006287575 -0.662624001502991 -45.4161885840441
16.82 0.207497999072075 0.393673986196518 0.233921006321907 -0.668220996856689 -45.1784092084683
16.84 0.190111994743347 0.391595989465714 0.239452004432678 -0.673765003681183 -44.9605705701745
16.86 0.202972993254662 0.391831010580063 0.245008006691933 -0.679292023181915 -44.7279514025167
16.88 0.178013995289803 0.391681998968124 0.250584006309509 -0.684794008731842 -44.523978048238
16.9 0.189927995204926 0.391306012868881 0.256173998117447 -0.690271973609924 -44.3063682212813
16.92 0.174550995230675 0.39002200961113 0.261765003204346 -0.695710003376007 -44.106349546532
16.94 0.180946007370949 0.390175998210907 0.267378002405167 -0.701130986213684 -43.8989952486141
16.96 0.167254999279976 0.385563999414444 0.272944003343582 -0.706468999385834 -43.7073401405035
16.98 0.150353997945786 0.38476699590683 0.278515011072159 -0.711777985095978 -43.5350520337844
17 0.162521004676819 0.387127012014389 0.28413599729538 -0.717101991176605 -43.3487825298344
17.02 0.144051000475883 0.383441001176834 0.289721012115479 -0.722357988357544 -43.183713933068
17.04 0.115627996623516 0.38459900021553 0.295334994792938 -0.727614998817444 -43.0512458292102
17.06 0.113920003175735 0.386099010705948 0.300983995199203 -0.732879996299744 -42.9206696877524
17.08 0.0653873011469841 0.382948011159897 0.306596010923386 -0.738092005252838 -42.8457834936924
17.1 0.0932551994919777 0.386619985103607 0.312269985675812 -0.743345022201538 -42.7388705426141
17.12 0.078386202454567 0.391797989606857 0.318029999732971 -0.748659014701843 -42.6490877059743
17.14 0.0825883001089096 0.386837005615234 0.323724985122681 -0.753895998001099 -42.5544349444562
17.16 0.0783400014042854 0.388803005218506 0.329457014799118 -0.75915002822876 -42.4646521078164
17.18 0.0217032991349697 0.389842987060547 0.335209995508194 -0.764412999153137 -42.4397868041429
17.2 0.00861219968646765 0.383873999118805 0.340876013040543 -0.769593000411987 -42.4299308411706
17.22 0.0122370002791286 0.384153991937637 0.34654700756073 -0.774775981903076 -42.4158948024262
17.24 -0.00383270997554064 0.386348992586136 0.352252006530762 -0.779987990856171 -42.4203071046301
17.26 -0.050194900482893 0.378820985555649 0.357841998338699 -0.785102009773254 -42.4778309578199
17.28 -0.0363417007029057 0.381935000419617 0.369084000587463 -0.795405983924866 -42.5465290004919
17.3 -0.0313083007931709 0.378342986106873 0.37465700507164 -0.800523996353149 -42.5824523804316
17.32 -0.0312849991023541 0.38111600279808 0.380268007516861 -0.805683970451355 -42.61826306225
17.34 -0.0686890035867691 0.383444994688034 0.385906994342804 -0.81088000535965 -42.6969878226236
17.36 -0.0633784011006355 0.383603990077972 0.391543000936508 -0.816085994243622 -42.7696371297305
17.38 -0.0848048031330109 0.380077004432678 0.397118985652924 -0.821253001689911 -42.8668102310523
17.4 -0.0780860036611557 0.384146004915237 0.402745991945267 -0.826484024524689 -42.9562515582336
17.42 -0.111864998936653 0.377146989107132 0.408259987831116 -0.831629991531372 -43.0844781146169
17.44 -0.0936015024781227 0.380950003862381 0.413819998502731 -0.836839973926544 -43.1917359902482
17.46 -0.142226994037628 0.378257006406784 0.41932800412178 -0.842025995254517 -43.3546838132773
17.48 -0.119575999677181 0.3768570125103 0.424802005290985 -0.847207009792328 -43.4917349740682
17.5 -0.114197000861168 0.377591013908386 0.430274993181229 -0.852410018444061 -43.6226013985657
17.52 -0.149637997150421 0.373706012964249 0.435678005218506 -0.857574999332428 -43.7940289014493
17.54 -0.147375002503395 0.371520012617111 0.441033989191055 -0.862725019454956 -43.9629360645292
17.56 -0.0395971983671188 0.372341006994247 0.446391999721527 -0.867896974086761 -44.0083158413748
17.58 -0.0203875005245209 0.373322010040283 0.45176100730896 -0.873085021972656 -44.0316921638091
17.6 -0.0567056983709335 0.384443998336792 0.45728600025177 -0.878432989120483 -44.0966643382889
17.62 -0.217634007334709 0.389385014772415 0.462866991758347 -0.883863985538483 -44.3460174694132
17.64 -0.222482994198799 0.400483995676041 0.468582004308701 -0.889474987983704 -44.6009816009407
17.66 -0.283852010965347 0.381554991006851 0.474000990390778 -0.894849002361298 -44.9262522846897
17.68 -0.345268994569778 0.368849009275436 0.479205995798111 -0.900076985359192 -45.3219353885925
17.7 -0.38509601354599 0.37466698884964 0.48445400595665 -0.905425012111664 -45.76316902407
17.72 -0.363624006509781 0.383489996194839 0.489784002304077 -0.910939991474152 -46.1798822804272
17.74 -0.403497993946075 0.368452996015549 0.494865000247955 -0.91627699136734 -46.6422587664805
17.76 -0.409593999385834 0.360839009284973 0.499797999858856 -0.921545028686523 -47.1116259511494
17.78 -0.414326995611191 0.36744099855423 0.504777014255524 -0.926949977874756 -47.5863787399787
17.8 -0.397956997156143 0.368656992912292 0.509729027748108 -0.932412981987 -48.0423963199148
17.82 -0.443441987037659 0.357508987188339 0.519249975681305 -0.943189024925232 -49.0438693918736
17.84 -0.444319009780884 0.361705988645554 0.523967027664185 -0.948673009872437 -49.5529985227957
17.86 -0.461728006601334 0.357823014259338 0.528585016727448 -0.954141020774841 -50.0821264476076
17.88 -0.444157004356384 0.359468013048172 0.533173978328705 -0.959675014019012 -50.5910848238004
17.9 -0.535242021083832 0.36218398809433 0.537742018699646 -0.965296983718872 -51.2044358112677
17.92 -0.536765992641449 0.371975988149643 0.542371988296509 -0.971119999885559 -51.8195045913113
17.94 -0.631637990474701 0.377817988395691 0.547006011009216 -0.977088987827301 -52.5433236433199
17.96 -0.541292011737823 0.373793989419937 0.551519989967346 -0.983048021793365 -53.1636072727948
17.98 -0.45805698633194 0.352454990148544 0.555719971656799 -0.988708972930908 -53.6884936501321
18 -0.56622701883316 0.334675997495651 0.559652984142303 -0.994125008583069 -54.3373684514727
18.02 -0.458887994289398 0.340543001890183 0.563598990440369 -0.999677002429962 -54.8631734892534
18.04 -0.523144006729126 0.353246003389359 0.567633986473084 -1.00548005104065 -55.4626591927056
18.06 -0.455125004053116 0.350410014390945 0.57158100605011 -1.01127004623413 -55.9842226830117
18.08 -0.532033026218414 0.336549997329712 0.575317025184631 -1.01687002182007 -56.5938478022867
18.1 -0.560501992702484 0.34722700715065 0.579107999801636 -1.02268004417419 -57.2361348861728
18.12 -0.53260999917984 0.350062996149063 0.582866013050079 -1.02858996391296 -57.8463952130408
18.14 -0.5799880027771 0.342824995517731 0.586480975151062 -1.03442001342773 -58.5110204306074
18.16 -0.653734028339386 0.342159003019333 0.590017020702362 -1.04027998447418 -59.2604492769089
18.18 -0.633623003959656 0.345838993787766 0.593514978885651 -1.04623997211456 -59.9863891026548
18.2 -0.655395984649658 0.342649012804031 0.59690397977829 -1.05219995975494 -60.7375391566272
18.22 -0.705083012580872 0.341737985610962 0.600202977657318 -1.05818998813629 -61.5454071014674
18.24 -0.723022997379303 0.341470003128052 0.603412985801697 -1.06421005725861 -62.373902217601
18.26 -0.72646301984787 0.337063014507294 0.606495022773743 -1.07020998001099 -63.2064134849666
18.28 -0.725817024707794 0.337422996759415 0.609493970870972 -1.07624995708466 -64.0377772805516
18.3 -0.747681975364685 0.33933699131012 0.612419009208679 -1.08238005638123 -64.8949182100643
18.32 -0.776358008384705 0.336129009723663 0.615224003791809 -1.08849000930786 -65.7841473682977
18.34 -0.776311993598938 0.334542989730835 0.617920994758606 -1.09460997581482 -66.6739502624214
18.36 -0.733296990394592 0.34026700258255 0.620570003986359 -1.10088002681732 -67.5144801718726
18.38 -0.761511981487274 0.336474001407623 0.623095989227295 -1.10712003707886 -68.3870983100445
18.4 -0.786332011222839 0.334122985601425 0.625508010387421 -1.11335003376007 -69.2877885257052
18.42 -0.795198023319244 0.334383994340897 0.627824008464813 -1.11961996555328 -70.1993592327137
18.44 -0.852365970611572 0.330574989318848 0.630010008811951 -1.12585997581482 -71.175680133054
18.46 -0.849386990070343 0.329849988222122 0.632085978984833 -1.132120013237 -72.149139184132
18.48 -0.860723972320557 0.327580004930496 0.634039998054504 -1.13838005065918 -73.135773670119
18.5 -0.909464001655579 0.32532998919487 0.63587099313736 -1.14461994171143 -74.1779785751932
18.52 -0.901799023151398 0.324202001094818 0.637583017349243 -1.15087997913361 -75.2110241965905
18.54 -0.942712008953094 0.319106012582779 0.639154016971588 -1.1570600271225 -76.2916215949894
18.56 -0.92629599571228 0.319750010967255 0.640612006187439 -1.16329002380371 -77.3527392938754
18.58 -0.95030802488327 0.318670988082886 0.641947984695435 -1.16952002048492 -78.4419359004393
18.6 -0.956310987472534 0.315201014280319 0.643151998519897 -1.17570996284485 -79.5380036773083
18.62 -0.988797008991241 0.314729005098343 0.644234001636505 -1.18191003799438 -80.6707359096418
18.64 -1.00250995159149 0.318452000617981 0.645202994346619 -1.18819999694824 -81.819519086525
18.66 -1.03128004074097 0.318136990070343 0.646043002605438 -1.19450998306274 -83.0015311337202
18.68 -1.02462995052338 0.313935995101929 0.646744012832642 -1.20074999332428 -84.1755245388299
18.7 -1.05491995811462 0.314732998609543 0.647316992282867 -1.20702004432678 -85.3844611917334
18.72 -1.03357005119324 0.318830013275146 0.647764980792999 -1.21337997913361 -86.5687681824898
18.74 -1.05309998989105 0.311257004737854 0.648072004318237 -1.2195999622345 -87.7754167220213
18.76 -1.07747995853424 0.310600012540817 0.648245990276337 -1.22581005096436 -89.0101373390415
18.78 -1.06857001781464 0.311405003070831 0.648286998271942 -1.23203003406525 -90.2345512006042
18.8 -1.08930003643036 0.305806010961533 0.648195028305054 -1.2381500005722 -91.4830278186129
18.82 -1.0869699716568 0.307278990745544 0.647969007492065 -1.24428999423981 -92.7286357571702
18.84 -1.11741995811462 0.308086007833481 0.647607028484344 -1.25044000148773 -94.0091937737104
18.86 -1.13038003444672 0.304120004177094 0.647113978862762 -1.25650000572205 -95.3040815271294
18.88 -1.12427997589111 0.302987992763519 0.646485984325409 -1.26252996921539 -96.5926650159444
18.9 -1.15339994430542 0.299185007810593 0.645730018615723 -1.26847004890442 -97.9144773750715
18.92 -1.11650002002716 0.301939994096756 0.644832015037537 -1.27444005012512 -99.1938879198312
18.94 -1.13107001781464 0.298815011978149 0.643809974193573 -1.28032994270325 -100.489923145031
18.96 -1.18151998519897 0.301061004400253 0.642643988132477 -1.28622996807098 -101.843823732879
18.98 -1.17699003219604 0.299966007471085 0.641344010829926 -1.29209005832672 -103.192560697714
19 -1.16319000720978 0.298601001501083 0.639913022518158 -1.29788994789124 -104.525260378378
19.02 -1.20626997947693 0.2967169880867 0.63835597038269 -1.30361998081207 -105.907813609794
19.04 -1.24783003330231 0.296860009431839 0.636656999588013 -1.30930995941162 -107.337338052132
19.06 -1.26353001594543 0.292953014373779 0.634841024875641 -1.31488001346588 -108.785775288282
19.08 -1.24551999568939 0.29338601231575 0.632881999015808 -1.32041001319885 -110.213018447438
19.1 -1.23063004016876 0.292255997657776 0.630795001983643 -1.32587003707886 -111.623063190263
19.12 -1.21083998680115 0.29382398724556 0.6285640001297 -1.3313000202179 -113.010766384313
19.14 -1.23775994777679 0.29203799366951 0.626214027404785 -1.33665001392365 -114.428836599414
19.16 -1.27656996250153 0.286985009908676 0.623773992061615 -1.34185004234314 -115.891603572442
19.18 -1.26337003707886 0.29143500328064 0.621163010597229 -1.34705996513367 -117.339467072702
19.2 -1.28815996646881 0.287633985280991 0.618454992771149 -1.35213005542755 -118.815402650451
19.22 -1.27922999858856 0.28897699713707 0.615604996681213 -1.35715997219086 -120.281598378443
19.24 -1.3047399520874 0.290744006633759 0.612608015537262 -1.36214005947113 -121.776453580192
19.26 -1.29665994644165 0.291610985994339 0.60947197675705 -1.36705994606018 -123.262702743587
19.28 -1.31559002399445 0.289927005767822 0.606227993965149 -1.37187004089355 -124.770152814166
19.3 -1.3183399438858 0.291045010089874 0.602846026420593 -1.37660002708435 -126.280471564197
19.32 -1.32769000530243 0.291283994913101 0.599336981773376 -1.38125002384186 -127.802251371654
19.34 -1.30472004413605 0.28779599070549 0.595749974250793 -1.38575994968414 -129.297092913025
19.36 -1.29762995243073 0.290302991867065 0.592014014720917 -1.39020001888275 -130.784489548201
19.38 -1.30128002166748 0.291855990886688 0.58814400434494 -1.3945699930191 -132.275328598719
19.4 -1.26777994632721 0.293128997087479 0.584146022796631 -1.39885997772217 -133.728355721991
19.42 -1.2702499628067 0.288031011819839 0.580111980438232 -1.40296995639801 -135.183664128446
19.44 -1.27569997310638 0.289591997861862 0.575950980186462 -1.40699994564056 -136.645843705206
19.46 -1.29912996292114 0.289626985788345 0.571687996387482 -1.41092002391815 -138.134401472541
19.48 -1.27591001987457 0.291662007570267 0.567295014858246 -1.41475999355316 -139.596581049301
19.5 -1.31989002227783 0.291051000356674 0.562812983989716 -1.41847002506256 -141.108621007002
19.52 -1.29053997993469 0.294207990169525 0.55818498134613 -1.4221099615097 -142.587425264202
19.54 -1.28452003002167 0.289110004901886 0.553547978401184 -1.42555999755859 -144.059344690719
19.56 -1.2924599647522 0.288888990879059 0.548826992511749 -1.42888998985291 -145.54044389148
19.58 -1.28452003002167 0.292950987815857 0.543954014778137 -1.43213999271393 -147.012376978375
19.6 -1.28956997394562 0.290775001049042 0.539035022258759 -1.43525004386902 -148.490607499684
19.62 -1.25692999362946 0.28846201300621 0.534079015254974 -1.43819999694824 -149.930452357858
19.64 -1.26945996284485 0.289204001426697 0.529036998748779 -1.4410400390625 -151.385187028423
19.66 -1.24521994590759 0.288832008838654 0.523931980133057 -1.44374001026154 -152.812423357389
19.68 -1.27236998081207 0.286603987216949 0.518800020217896 -1.44629001617432 -154.270600443296
19.7 -1.27936995029449 0.290206998586655 0.513540029525757 -1.44874000549316 -155.736236095776
19.72 -1.30833995342255 0.290082007646561 0.508220016956329 -1.4510600566864 -157.235667524269
19.74 -1.26876997947693 0.292800009250641 0.502792000770569 -1.45325994491577 -158.689254723054
19.76 -1.31644999980927 0.293480008840561 0.497296005487442 -1.4553200006485 -160.197852265413
19.78 -1.29348003864288 0.299551010131836 0.491632997989655 -1.45727002620697 -161.680098937955
19.8 -1.28261995315552 0.299261003732681 0.485927999019623 -1.45907998085022 -163.150310817179
19.82 -1.25271999835968 0.30130198597908 0.48013898730278 -1.46075999736786 -164.585565788231
19.84 -1.25627994537354 0.300673007965088 0.474321991205215 -1.46228003501892 -166.025410646405
19.86 -1.23671996593475 0.299403995275497 0.46849399805069 -1.46366000175476 -167.442333389724
19.88 -1.18370997905731 0.301961988210678 0.462583988904953 -1.46490001678467 -168.798522090944
19.9 -1.20184004306793 0.302446991205215 0.456636995077133 -1.46599996089935 -170.175911699348
19.92 -1.19317996501923 0.305489003658295 0.450605005025864 -1.46696996688843 -171.542987722105
19.94 -1.1933399438858 0.305364012718201 0.44455298781395 -1.46780002117157 -172.910637480752
19.96 -1.13690996170044 0.308755993843079 0.438416987657547 -1.46849000453949 -174.213550706445
19.98 -1.1333099603653 0.306219011545181 0.432316988706589 -1.46904003620148 -175.512447780907
