0 0 0 -0.0500000007450581 0 -85.0000103339208
0.02 0 0 -0.0500000007450581 0 -85.0000103339208
0.04 0 0 -0.0500000007450581 0 -85.0000103339208
0.06 0 0 -0.0500000007450581 0 -85.0000103339208
0.08 0 0 -0.0500000007450581 0 -85.0000103339208
0.1 0 0 -0.0500000007450581 0 -85.0000103339208
0.12 0 0 -0.0500000007450581 0 -85.0000103339208
0.14 0 0 -0.0500000007450581 0 -85.0000103339208
0.16 0 0 -0.0500000007450581 0 -85.0000103339208
0.18 0 0 -0.0500000007450581 0 -85.0000103339208
0.2 0 0 -0.0500000007450581 0 -85.0000103339208
0.22 0 0 -0.0500000007450581 0 -85.0000103339208
0.24 0 0 -0.0500000007450581 0 -85.0000103339208
0.26 0 0 -0.0500000007450581 0 -85.0000103339208
0.28 0 0 -0.0500000007450581 0 -85.0000103339208
0.3 0 0 -0.0500000007450581 0 -85.0000103339208
0.32 0 0 -0.0500000007450581 0 -85.0000103339208
0.34 0 0 -0.0500000007450581 0 -85.0000103339208
0.36 0 0 -0.0500000007450581 0 -85.0000103339208
0.38 0 0 -0.0500000007450581 0 -85.0000103339208
0.4 0 0 -0.0500000007450581 0 -85.0000103339208
0.42 0 0 -0.0500000007450581 0 -85.0000103339208
0.44 0 0 -0.0500000007450581 0 -85.0000103339208
0.46 0 0 -0.0500000007450581 0 -85.0000103339208
0.48 0 0 -0.0500000007450581 0 -85.0000103339208
0.5 0 0 -0.0500000007450581 0 -85.0000103339208
0.52 0 0 -0.0500000007450581 0 -85.0000103339208
0.54 0 0 -0.0500000007450581 0 -85.0000103339208
0.56 0 0 -0.0500000007450581 0 -85.0000103339208
0.58 0 0 -0.0500000007450581 0 -85.0000103339208
0.6 0 0 -0.0500000007450581 0 -85.0000103339208
0.62 0 0 -0.0500000007450581 0 -85.0000103339208
0.64 0 0 -0.0500000007450581 0 -85.0000103339208
0.66 0 0 -0.0500000007450581 0 -85.0000103339208
0.68 0 0 -0.0500000007450581 0 -85.0000103339208
0.7 0 0 -0.0500000007450581 0 -85.0000103339208
0.72 0 0 -0.0500000007450581 0 -85.0000103339208
0.74 0 0 -0.0500000007450581 0 -85.0000103339208
0.76 0 0 -0.0500000007450581 0 -85.0000103339208
0.78 0 0 -0.0500000007450581 0 -85.0000103339208
0.8 0 0 -0.0500000007450581 0 -85.0000103339208
0.82 0 0 -0.0500000007450581 0 -85.0000103339208
0.84 0 0 -0.0500000007450581 0 -85.0000103339208
0.86 0 0 -0.0500000007450581 0 -85.0000103339208
0.88 0 0 -0.0500000007450581 0 -85.0000103339208
0.9 0 0 -0.0500000007450581 0 -85.0000103339208
0.92 0 0 -0.0500000007450581 0 -85.0000103339208
0.94 0 0 -0.0500000007450581 0 -85.0000103339208
0.96 0 0 -0.0500000007450581 0 -85.0000103339208
0.98 0 0 -0.0500000007450581 0 -85.0000103339208
1 0 0 -0.0500000007450581 0 -85.0000103339208
1.02 0 0 -0.0500000007450581 0 -85.0000103339208
1.04 0 0 -0.0500000007450581 0 -85.0000103339208
1.06 0 0 -0.0500000007450581 0 -85.0000103339208
1.08 0 0 -0.0500000007450581 0 -85.0000103339208
1.1 0 0 -0.0500000007450581 0 -85.0000103339208
1.12 0 0 -0.0500000007450581 0 -85.0000103339208
1.14 0 0 -0.0500000007450581 0 -85.0000103339208
1.16 0 0 -0.0500000007450581 0 -85.0000103339208
1.18 0 0 -0.0500000007450581 0 -85.0000103339208
1.2 0 0 -0.0500000007450581 0 -85.0000103339208
1.22 0 0 -0.0500000007450581 0 -85.0000103339208
1.24 0 0 -0.0500000007450581 0 -85.0000103339208
1.26 0 0 -0.0500000007450581 0 -85.0000103339208
1.28 0 0 -0.0500000007450581 0 -85.0000103339208
1.3 0 0 -0.0500000007450581 0 -85.0000103339208
1.32 0 0 -0.0500000007450581 0 -85.0000103339208
1.34 0 0 -0.0500000007450581 0 -85.0000103339208
1.36 0 0 -0.0500000007450581 0 -85.0000103339208
1.38 0 0 -0.0500000007450581 0 -85.0000103339208
1.4 0 0 -0.0500000007450581 0 -85.0000103339208
1.42 0 0 -0.0500000007450581 0 -85.0000103339208
1.44 0 0 -0.0500000007450581 0 -85.0000103339208
1.46 0 0 -0.0500000007450581 0 -85.0000103339208
1.48 0 0 -0.0500000007450581 0 -85.0000103339208
1.5 0 0 -0.0500000007450581 0 -85.0000103339208
1.52 0 0 -0.0500000007450581 0 -85.0000103339208
1.54 0 0 -0.0500000007450581 0 -85.0000103339208
1.56 0 0 -0.0500000007450581 0 -85.0000103339208
1.58 0 0 -0.0500000007450581 0 -85.0000103339208
1.6 0 0 -0.0500000007450581 0 -85.0000103339208
1.62 0 0 -0.0500000007450581 0 -85.0000103339208
1.64 0 0 -0.0500000007450581 0 -85.0000103339208
1.66 0 0 -0.0500000007450581 0 -85.0000103339208
1.68 0 0 -0.0500000007450581 0 -85.0000103339208
1.7 0 0 -0.0500000007450581 0 -85.0000103339208
1.72 0 0 -0.0500000007450581 0 -85.0000103339208
1.74 0 0 -0.0500000007450581 0 -85.0000103339208
1.76 0 0 -0.0500000007450581 0 -85.0000103339208
1.78 0 0 -0.0500000007450581 0 -85.0000103339208
1.8 0 0 -0.0500000007450581 0 -85.0000103339208
1.82 0 0 -0.0500000007450581 0 -85.0000103339208
1.84 0 0 -0.0500000007450581 0 -85.0000103339208
1.86 0 0 -0.0500000007450581 0 -85.0000103339208
1.88 0 0 -0.0500000007450581 0 -85.0000103339208
1.9 0 0 -0.0500000007450581 0 -85.0000103339208
1.92 0 0 -0.0500000007450581 0 -85.0000103339208
1.94 0 0 -0.0500000007450581 0 -85.0000103339208
1.96 0 0 -0.0500000007450581 0 -85.0000103339208
1.98 0 0 -0.0500000007450581 0 -85.0000103339208
2 0 0 -0.0500000007450581 0 -85.0000103339208
2.02 0 0 -0.0500000007450581 0 -85.0000103339208
2.04 0 0 -0.0500000007450581 0 -85.0000103339208
2.06 0 0 -0.0500000007450581 0 -85.0000103339208
2.08 0 0 -0.0500000007450581 0 -85.0000103339208
2.1 0 0 -0.0500000007450581 0 -85.0000103339208
2.12 0 0 -0.0500000007450581 0 -85.0000103339208
2.14 0 0 -0.0500000007450581 0 -85.0000103339208
2.16 0 0 -0.0500000007450581 0 -85.0000103339208
2.18 0.159496992826462 0.0564659014344215 -0.0498998016119003 -0.00112486002035439 -84.8172344717312
2.2 -0.140563994646072 0.130832001566887 -0.0496671013534069 -0.0037311299238354 -84.9782356908467
2.22 -0.251690000295639 0.187180995941162 -0.0493488013744354 -0.00746119022369385 -85.2670092587658
2.24 -0.258754998445511 0.232985004782677 -0.0489762984216213 -0.0121060004457831 -85.5632277328802
2.26 -0.381125003099442 0.274194985628128 -0.0485729016363621 -0.0175749994814396 -85.9998202548167
2.28 -0.39146900177002 0.321649998426437 -0.048149298876524 -0.0239940993487835 -86.4484475700708
2.3 -0.291032999753952 0.347326993942261 -0.0477392002940178 -0.0309284999966621 -86.7819042355401
2.32 -0.273555010557175 0.36379000544548 -0.047350600361824 -0.0381939001381397 -87.0953142957954
2.34 -0.141880005598068 0.395251005887985 -0.0469613000750542 -0.0460892990231514 -87.2580367225818
2.36 -0.0520649999380112 0.410216987133026 -0.0465730987489223 -0.0542845018208027 -87.317623292901
2.38 0.0835810005664825 0.417322009801865 -0.0461754985153675 -0.0626213997602463 -87.2219391728183
2.4 0.206274002790451 0.433182001113892 -0.04573779925704 -0.071273997426033 -86.9858810049134
2.42 0.327744007110596 0.430976986885071 -0.0452563017606735 -0.079880103468895 -86.6100225250767
2.44 0.479968011379242 0.431244999170303 -0.0447049997746944 -0.0884874016046524 -86.0599805610262
2.46 0.574840009212494 0.433649986982346 -0.0440592989325523 -0.0971362963318825 -85.401079041984
2.48 0.671164989471436 0.436625003814697 -0.0433008000254631 -0.105835996568203 -84.6321704961696
2.5 0.752299010753632 0.430323004722595 -0.0424312017858028 -0.114398002624512 -83.7704396795347
2.52 0.918398976325989 0.430070012807846 -0.0414193011820316 -0.122939996421337 -82.7179143586246
2.54 0.923502027988434 0.429650992155075 -0.040251400321722 -0.131452992558479 -81.65966533919
2.56 1.02393996715546 0.428245007991791 -0.0389222986996174 -0.139914005994797 -80.4862456699706
2.58 1.04548001289368 0.429706007242203 -0.0374132990837097 -0.148375004529953 -79.288189508415
2.6 1.02775001525879 0.42629799246788 -0.035742599517107 -0.156736001372337 -78.1101936124517
2.62 1.04921996593475 0.42585700750351 -0.0339004993438721 -0.165050998330116 -76.9081281298532
2.64 0.977829992771149 0.423462003469467 -0.0319015011191368 -0.173280999064446 -75.7874170304589
2.66 0.990181982517242 0.422172993421555 -0.0297475997358561 -0.181445002555847 -74.6529635904544
2.68 0.961367011070251 0.416736990213394 -0.0274644996970892 -0.18946099281311 -73.5511652848718
2.7 0.94284999370575 0.41040700674057 -0.0250662006437778 -0.197310999035835 -72.4711416223632
2.72 0.911310970783234 0.412687003612518 -0.0225086007267237 -0.205158993601799 -71.4266349435387
2.74 0.900922000408173 0.412212997674942 -0.0198123008012772 -0.212948992848396 -70.3941698882209
2.76 0.882773995399475 0.413554012775421 -0.0169683005660772 -0.220715999603271 -69.3823251740074
2.78 0.795313000679016 0.410941988229752 -0.0140132000669837 -0.228385001420975 -68.4713213727
2.8 0.764490008354187 0.406277000904083 -0.0109737003222108 -0.235920995473862 -67.5952676493755
2.82 0.709653973579407 0.403688013553619 -0.00784345995634794 -0.243362993001938 -66.782242911712
2.84 0.666639983654022 0.400563985109329 -0.00463616009801626 -0.250705003738403 -66.0179174228306
2.86 0.619355022907257 0.400155007839203 -0.00133808003738523 -0.257997006177902 -65.3085954473354
2.88 0.596957981586456 0.403400003910065 0.00207590009085834 -0.265307009220123 -64.6244837000667
2.9 0.565187990665436 0.398409992456436 0.00553133012726903 -0.272487014532089 -63.9764695025616
2.92 0.582713007926941 0.400148987770081 0.00908438954502344 -0.279657989740372 -63.3089687753544
2.94 0.577009975910187 0.401463001966476 0.0127322999760509 -0.286810010671616 -62.6477791429402
2.96 0.618938982486725 0.401095002889633 0.0164621006697416 -0.293913006782532 -61.938457167445
2.98 0.589200973510742 0.402375012636185 0.0202895998954773 -0.300992012023926 -61.2635115340425
3 0.626073002815247 0.400023013353348 0.0241799000650644 -0.307981997728348 -60.5455971805714
3.02 0.63290798664093 0.400207012891769 0.0281598009169102 -0.314927011728287 -59.8208048266061
3.04 0.648723006248474 0.400678992271423 0.0322331003844738 -0.321828007698059 -59.0771065090182
3.06 0.681463003158569 0.399228006601334 0.0363828018307686 -0.328649997711182 -58.2961631698862
3.08 0.679870009422302 0.396548986434937 0.0405966006219387 -0.335368990898132 -57.5169410384251
3.1 0.611573994159698 0.38943800330162 0.044819600880146 -0.341913014650345 -56.8163856107296
3.12 0.640250027179718 0.394962996244431 0.0491852983832359 -0.348495990037918 -56.0827140108433
3.14 0.660221993923187 0.392046988010406 0.0536033995449543 -0.354974001646042 -55.3261783527103
3.16 0.667955994606018 0.394890010356903 0.0581397004425526 -0.361438989639282 -54.5607668637509
3.18 0.671489000320435 0.399996012449265 0.0628221035003662 -0.367926001548767 -53.7912845820462
3.2 0.693422973155975 0.39674699306488 0.067553699016571 -0.374294996261597 -52.9967047702363
3.22 0.674052000045776 0.402388989925385 0.0724406018853188 -0.380690008401871 -52.2243025826614
3.24 0.700096011161804 0.402924001216888 0.0774215012788773 -0.387023985385895 -51.4220456382244
3.26 0.695293009281158 0.40193098783493 0.0824778005480766 -0.393274009227753 -50.6252904111638
3.28 0.688019990921021 0.403694987297058 0.087642602622509 -0.399479001760483 -49.8368441092286
3.3 0.705383002758026 0.402247995138168 0.0928744971752167 -0.405591011047363 -49.0285731832274
3.32 0.6909059882164 0.40064400434494 0.0981701016426086 -0.411603987216949 -48.2368586357743
3.34 0.698641002178192 0.401634991168976 0.103561997413635 -0.417558014392853 -47.4362648424002
3.36 0.669341027736664 0.40217998623848 0.10904199630022 -0.423445999622345 -46.6692448438912
3.38 0.705013990402222 0.40132001042366 0.114591002464294 -0.429246008396149 -45.8613768990511
3.4 0.647868990898132 0.398972004652023 0.120185002684593 -0.434935986995697 -45.1189353362704
3.42 0.691229999065399 0.403521001338959 0.125918999314308 -0.440614998340607 -44.3268792793588
3.44 0.689036011695862 0.400902986526489 0.131694003939629 -0.446177989244461 -43.537285505643
3.46 0.701988995075226 0.403005987405777 0.137575000524521 -0.451689004898071 -42.7328531459554
3.48 0.679201006889343 0.40303298830986 0.143533006310463 -0.457118004560471 -41.9545496749376
3.5 0.695778012275696 0.402112990617752 0.149551004171371 -0.462453007698059 -41.1572787685947
3.52 0.652047991752625 0.403575986623764 0.155662998557091 -0.467725992202759 -40.4100833941517
3.54 0.668763995170593 0.398582011461258 0.16176700592041 -0.472851991653442 -39.643695188141
3.56 0.63630199432373 0.399931013584137 0.174201995134354 -0.482892006635666 -38.1886668194419
3.58 0.614944994449615 0.394055992364883 0.180426001548767 -0.487726002931595 -37.4839859574877
3.6 0.637156009674072 0.396842986345291 0.186755001544952 -0.49251601099968 -36.7538660559698
3.62 0.627528011798859 0.40004900097847 0.193195000290871 -0.497263014316559 -36.0348042307182
3.64 0.677052974700928 0.396831005811691 0.19964399933815 -0.501888990402222 -35.2589630428962
3.66 0.669526994228363 0.397132992744446 0.206161007285118 -0.506429970264435 -34.4917142330501
3.68 0.670495986938477 0.399471014738083 0.212776005268097 -0.510909974575043 -33.7233794231259
3.7 0.665000975131989 0.396349012851715 0.219398006796837 -0.515267014503479 -32.9613454627111
3.72 0.676222026348114 0.399601995944977 0.22613300383091 -0.519569993019104 -32.1864775768459
3.74 0.634800970554352 0.401820987462997 0.232960999011993 -0.523806989192963 -31.459048769861
3.76 0.63401597738266 0.396582007408142 0.239752992987633 -0.527903974056244 -30.7325386233194
3.78 0.615637004375458 0.397684991359711 0.246614992618561 -0.531925976276398 -30.0270552141377
3.8 0.589824020862579 0.399728000164032 0.2535600066185 -0.535885989665985 -29.3511396938731
3.82 0.621478974819183 0.397980988025665 0.2605220079422 -0.539744019508362 -28.6390088030817
3.84 0.60621702671051 0.400738000869751 0.267578989267349 -0.543542981147766 -27.9442983097684
3.86 0.592548012733459 0.400467991828918 0.274677008390427 -0.547254025936127 -27.2652852987152
3.88 0.627619981765747 0.40091198682785 0.281827002763748 -0.550882995128632 -26.5461090677949
3.9 0.622425019741058 0.403005987405777 0.289059996604919 -0.554440021514893 -25.8328341203175
3.92 0.643343985080719 0.400467991828918 0.296290993690491 -0.557883977890015 -25.0956654635762
3.94 0.657382011413574 0.402307003736496 0.303600013256073 -0.561248004436493 -24.3423417019004
3.96 0.647592008113861 0.404329985380173 0.310988992452621 -0.56453400850296 -23.6002467712202
3.98 0.677745997905731 0.403912991285324 0.318412989377975 -0.567717015743256 -22.8236013286234
4 0.642997026443481 0.401479989290237 0.325834006071091 -0.570784986019135 -22.0867775964352
4.02 0.661629974842072 0.399789988994598 0.333263009786606 -0.573741972446442 -21.3286402589419
4.04 0.648676991462708 0.401439011096954 0.340759992599487 -0.576614022254944 -20.5852851583598
4.06 0.66262298822403 0.398479998111725 0.348239988088608 -0.579366028308868 -19.8260020566332
4.08 0.660036981105804 0.398660004138947 0.355758011341095 -0.582020998001099 -19.0696388607768
4.1 0.643621027469635 0.400124996900558 0.363337993621826 -0.584586977958679 -18.332070637969
4.12 0.654680013656616 0.400465995073318 0.370956987142563 -0.58705598115921 -17.5818973010479
4.14 0.636786997318268 0.399295002222061 0.378585010766983 -0.589420020580292 -16.8521786731437
4.16 0.640803992748261 0.398175001144409 0.386220991611481 -0.591678977012634 -16.1178752807592
4.18 0.638032972812653 0.397561997175217 0.393873989582062 -0.593837976455688 -15.3867240206766
4.2 0.635424017906189 0.399349987506866 0.40158799290657 -0.595907986164093 -14.6586087796801
4.22 0.621109008789063 0.394704014062881 0.409236997365952 -0.597858011722565 -13.9468817238234
4.24 0.584190011024475 0.395355999469757 0.416922003030777 -0.599718987941742 -13.2774378077973
4.26 0.611666023731232 0.394362986087799 0.424609988927841 -0.601484000682831 -12.5765383093224
4.28 0.616284012794495 0.397668987512589 0.432383000850677 -0.60316801071167 -11.8703104095212
4.3 0.640250027179718 0.39819198846817 0.440187007188797 -0.604755997657776 -11.1366379558612
4.32 0.620440006256104 0.392874985933304 0.447905004024506 -0.606226027011871 -10.4256545368504
4.34 0.587839007377625 0.396586000919342 0.455715000629425 -0.607614994049072 -9.75202798373132
4.36 0.612751007080078 0.398835003376007 0.463584005832672 -0.608918011188507 -9.04986831535452
4.38 0.60393100976944 0.39971798658371 0.471486002206802 -0.610127985477448 -8.35784977034789
4.4 0.607025027275085 0.399803996086121 0.479404002428055 -0.6112419962883 -7.66222147036491
4.42 0.606494009494781 0.401297986507416 0.487365007400513 -0.612263977527618 -6.96722410910651
4.44 0.590677976608276 0.403171002864838 0.495375007390976 -0.61319500207901 -6.29038907462483
4.46 0.597212016582489 0.399870991706848 0.511314988136292 -0.614766001701355 -4.95069357270331
4.48 0.558955013751984 0.400923997163773 0.519307971000671 -0.615413010120392 -4.31017806913318
4.5 0.549973011016846 0.398220002651215 0.527252972126007 -0.615967988967896 -3.67995309932133
4.52 0.574654996395111 0.397184014320374 0.535183012485504 -0.616432011127472 -3.02144709092079
4.54 0.589178025722504 0.399091005325317 0.543156027793884 -0.616805970668793 -2.34630231481527
4.56 0.616744995117188 0.401542991399765 0.551181972026825 -0.617084980010986 -1.63956460542556
4.58 0.611481010913849 0.398669987916946 0.559153020381927 -0.617264986038208 -0.938854324534971
4.6 0.633346021175385 0.403677999973297 0.567227005958557 -0.617345988750458 -0.213094458265485
4.62 0.616168022155762 0.399015009403229 0.575206995010376 -0.617326021194458 0.492982617085015
4.64 0.627528011798859 0.397258013486862 0.58315098285675 -0.617208003997803 1.21207501810538
4.66 0.636856019496918 0.401688009500504 0.591181993484497 -0.616986989974976 1.94185714542449
4.68 0.622309982776642 0.396604001522064 0.599107980728149 -0.616668999195099 2.65497179689976
4.7 0.58576101064682 0.394804000854492 0.606993019580841 -0.616257011890411 3.32620906446979
4.72 0.603053987026215 0.401078999042511 0.614997982978821 -0.61574399471283 4.01725345374605
4.74 0.603654026985168 0.399506002664566 0.622964978218079 -0.615136027336121 4.70899110722306
4.76 0.585622012615204 0.396851003170013 0.630870997905731 -0.614437997341156 5.3800678653476
4.78 0.593634009361267 0.400368005037308 0.63883900642395 -0.613640010356903 6.06034659583144
4.8 0.600998997688293 0.399417996406555 0.646776974201202 -0.612748980522156 6.74904182692003
4.82 0.580842971801758 0.39920300245285 0.654699981212616 -0.611764013767242 7.41458954691144
4.84 0.585413992404938 0.402063995599747 0.662667989730835 -0.610679984092712 8.08546609511593
4.86 0.612105011940002 0.399747014045715 0.670576989650726 -0.609507024288177 8.78688041909956
4.88 0.608272016048431 0.401275008916855 0.67849999666214 -0.608232975006104 9.48388414842665
4.9 0.589362025260925 0.399087011814117 0.686365008354187 -0.606871008872986 10.1592293478956
4.92 0.615590989589691 0.40005499124527 0.694231986999512 -0.605412006378174 10.8646547004693
4.94 0.557500004768372 0.39631599187851 0.702008008956909 -0.603874027729034 11.5035027841083
4.96 0.549072027206421 0.401046007871628 0.709858000278473 -0.602231025695801 12.1327254236595
4.98 0.532287001609802 0.396429985761642 0.717601001262665 -0.600524008274078 12.7426382646534
5 0.542007029056549 0.397040992975235 0.725337028503418 -0.598730027675629 13.3637824979637
5.02 0.53778201341629 0.401648998260498 0.733142018318176 -0.596831977367401 13.9799978960142
5.04 0.514855027198792 0.399480998516083 0.740885019302368 -0.59486198425293 14.5699734148208
5.06 0.549095988273621 0.399437993764877 0.748606026172638 -0.592809021472931 15.199196054372
5.08 0.546739995479584 0.405184000730515 0.756413996219635 -0.590641975402832 15.8257241842956
5.1 0.565858006477356 0.401219993829727 0.764122009277344 -0.588410019874573 16.4741413629617
5.12 0.578741014003754 0.40361100435257 0.771848976612091 -0.586076021194458 17.1373390709919
5.14 0.552789986133575 0.400238990783691 0.779486000537872 -0.583675026893616 17.7708015504703
5.16 0.578325986862183 0.398588001728058 0.787063002586365 -0.58119797706604 18.4334852867654
5.18 0.52632999420166 0.398241013288498 0.79460597038269 -0.578639984130859 19.0366370942546
5.2 0.551057994365692 0.397408992052078 0.802105009555817 -0.57600599527359 19.6680949132116
5.22 0.567451000213623 0.398934006690979 0.809602022171021 -0.57327800989151 20.3183442901226
5.24 0.54228401184082 0.396355003118515 0.817021012306213 -0.57048499584198 20.9397736838308
5.26 0.543784976005554 0.392980992794037 0.824346005916595 -0.567637026309967 21.5629225776625
5.28 0.550273001194 0.394483000040054 0.831668019294739 -0.564697027206421 22.1934634437235
5.3 0.600005984306335 0.398009985685349 0.839020013809204 -0.561645984649658 22.881012483692
5.32 0.572899997234344 0.396661013364792 0.846310973167419 -0.558519005775452 23.537508068599
5.34 0.542075991630554 0.398097991943359 0.85359400510788 -0.555299997329712 24.15870865097
5.36 0.567959010601044 0.398144990205765 0.868072986602783 -0.548602998256683 25.4756510852189
5.38 0.563410997390747 0.400685012340546 0.875288009643555 -0.545116007328033 26.1213174051969
5.4 0.533949017524719 0.397136986255646 0.882400989532471 -0.541580975055695 26.7331794114252
5.42 0.516748011112213 0.396265000104904 0.889460980892181 -0.537979006767273 27.3253311992561
5.44 0.532863974571228 0.397569000720978 0.896504998207092 -0.53429102897644 27.9359330355825
5.46 0.540507018566132 0.398505985736847 0.90352600812912 -0.530519008636475 28.5552997121613
5.48 0.560847997665405 0.394508004188538 0.910435020923615 -0.526709020137787 29.1979863621138
5.5 0.519981026649475 0.3941810131073 0.917297005653381 -0.522827982902527 29.7938623105897
5.52 0.572184026241302 0.395579993724823 0.924139976501465 -0.518857002258301 30.4494989992086
5.54 0.568813025951386 0.399801999330521 0.931010007858276 -0.514765977859497 31.1012937064193
5.56 0.534641981124878 0.399495005607605 0.937829971313477 -0.510601997375488 31.7139582598751
5.58 0.529192984104156 0.397451996803284 0.944570004940033 -0.506388008594513 32.3203766053349
5.6 0.518133997917175 0.396367013454437 0.951246976852417 -0.50211501121521 32.914135195168
5.62 0.493243992328644 0.399596005678177 0.957934021949768 -0.497738987207413 33.4793572546488
5.64 0.472741007804871 0.395218998193741 0.964506983757019 -0.493348002433777 34.0210868784794
5.66 0.480082988739014 0.401533007621765 0.97114098072052 -0.488822996616364 34.5711834840432
5.68 0.4583800137043 0.400523006916046 0.977716028690338 -0.484246999025345 35.0964728425415
5.7 0.455886989831924 0.398566007614136 0.9842169880867 -0.479633986949921 35.6188969366831
5.72 0.481076002120972 0.401645004749298 0.990724980831146 -0.474923998117447 36.1701375989329
5.74 0.509822010993958 0.402211010456085 0.997193992137909 -0.470144003629684 36.7543270937388
5.76 0.491073995828629 0.399901986122131 1.0035799741745 -0.465326994657516 37.3170834549293
5.78 0.501856029033661 0.401580005884171 1.00994002819061 -0.46042600274086 37.8921614773824
5.8 0.53106302022934 0.39885601401329 1.01620995998383 -0.455493003129959 38.5007005965795
5.82 0.541592001914978 0.40124300122261 1.02245998382568 -0.450462996959686 39.1213291506075
5.84 0.522566974163055 0.398034006357193 1.02860999107361 -0.44540798664093 39.7201284200481
5.86 0.523329019546509 0.396638989448547 1.03469002246857 -0.44030699133873 40.3198429348375
5.88 0.528662025928497 0.397626012563705 1.04071998596191 -0.43512898683548 40.925629487799
5.9 0.539444983005524 0.399753004312515 1.04674005508423 -0.429859012365341 41.5437957586312
5.92 0.511322021484375 0.398175001144409 1.05267000198364 -0.424548000097275 42.1297576875268
5.94 0.475443005561829 0.394636005163193 1.05850005149841 -0.419225007295609 42.674584802146
5.96 0.51155298948288 0.39630800485611 1.06429994106293 -0.413823008537292 43.2607789574733
5.98 0.475488990545273 0.395094007253647 1.07002997398376 -0.408380001783371 43.8056026569979
6 0.496960997581482 0.39640599489212 1.07571995258331 -0.402864009141922 44.3751243205612
6.02 0.509636998176575 0.400209009647369 1.08141005039215 -0.397237002849579 44.9590815889354
6.04 0.475304007530212 0.398968011140823 1.08703005313873 -0.391571998596191 45.5037345337307
6.06 0.511092007160187 0.397816002368927 1.09257996082306 -0.385868012905121 46.0894130097758
6.08 0.525753021240234 0.399019002914429 1.09808003902435 -0.380089998245239 46.6918766757061
6.1 0.480845004320145 0.396557003259659 1.10350000858307 -0.374292999505997 47.2428919417133
6.12 0.478974997997284 0.392538011074066 1.1088000535965 -0.368503004312515 47.7917864339832
6.14 0.493266999721527 0.395056992769241 1.11407995223999 -0.362623989582062 48.357008493464
6.16 0.448220998048782 0.389329999685287 1.11923003196716 -0.356781989336014 48.8706079831979
6.18 0.458795994520187 0.395422995090485 1.12440001964569 -0.350802004337311 49.396351549276
6.2 0.426494002342224 0.390700995922089 1.12945997714996 -0.344846993684769 49.8850857353364
6.22 0.466668993234634 0.396135985851288 1.13453996181488 -0.338764995336533 50.419886132254
6.24 0.432729005813599 0.396095007658005 1.13955998420715 -0.332637012004852 50.9157237150512
6.26 0.459096014499664 0.395236998796463 1.14451003074646 -0.326478987932205 51.4418122056824
6.28 0.459858000278473 0.399488985538483 1.1494699716568 -0.320208013057709 51.9687613001491
6.3 0.426472008228302 0.399100989103317 1.15436005592346 -0.313899993896484 52.4574954862095
6.32 0.471401989459991 0.400359988212585 1.15920996665955 -0.307527989149094 52.9976780721931
6.34 0.459650009870529 0.4011510014534 1.16400003433228 -0.301099002361298 53.5243983553225
6.36 0.428225994110107 0.396632999181747 1.16868996620178 -0.294699996709824 54.0150791452964
6.38 0.446512013673782 0.398431003093719 1.17334997653961 -0.288230985403061 54.5267900877247
6.4 0.419890999794006 0.398629009723663 1.1779500246048 -0.281718999147415 55.0079017826714
6.42 0.43325999379158 0.398299992084503 1.18248999118805 -0.275173008441925 55.5044257994802
6.44 0.417535990476608 0.394567012786865 1.18692994117737 -0.268651008605957 55.9828463998939
6.46 0.427949011325836 0.397810012102127 1.19134998321533 -0.262037009000778 56.4732403219226
6.48 0.450691998004913 0.396454989910126 1.19570004940033 -0.255407005548477 56.9897050760133
6.5 0.457179009914398 0.393474012613297 1.19995999336243 -0.248788997530937 57.5135054532726
6.52 0.462929010391235 0.404734998941422 1.20427000522614 -0.241941004991531 58.044060887621
6.54 0.445657998323441 0.400406986474991 1.20848000049591 -0.235127002000809 58.5545697167554
6.56 0.44896000623703 0.3975850045681 1.21259999275208 -0.228324994444847 59.0690810367434
6.58 0.474126011133194 0.40064600110054 1.21668004989624 -0.221432000398636 59.61281873619
6.6 0.421900004148483 0.398099988698959 1.22067999839783 -0.214546993374825 60.0958223935368
6.62 0.397495001554489 0.396483987569809 1.22460997104645 -0.207656994462013 60.5513277092851
6.64 0.430465996265411 0.400411009788513 1.22852003574371 -0.20066699385643 61.0446449522785
6.66 0.408001005649567 0.399673014879227 1.23236000537872 -0.193656995892525 61.5121782311552
6.68 0.452423006296158 0.400916010141373 1.23615002632141 -0.186591997742653 62.0307057023753
6.7 0.442564010620117 0.397632002830505 1.23985004425049 -0.179552003741264 62.537772116168
6.72 0.450621992349625 0.400151014328003 1.24351000785828 -0.172434002161026 63.0540046438269
6.74 0.47876700758934 0.398972004652023 1.24708998203278 -0.165304005146027 63.6028991360968
6.76 0.42748698592186 0.400119006633759 1.25062000751495 -0.158121004700661 64.0927807939378
6.78 0.405045002698898 0.40004500746727 1.25408005714417 -0.150910004973412 64.5568716574728
6.8 0.444433987140656 0.396858006715775 1.2574599981308 -0.143727004528046 65.0662330148266
6.82 0.404190987348557 0.39953601360321 1.26080000400543 -0.13646799325943 65.5291832367702
6.84 0.4167740046978 0.403122007846832 1.2641099691391 -0.129115998744965 66.0070301012936
6.86 0.354088008403778 0.395101994276047 1.26730000972748 -0.121885001659393 66.41268186629
6.88 0.388467997312546 0.400254011154175 1.27047002315521 -0.114536002278328 66.8578735963916
6.9 0.33007600903511 0.400501012802124 1.27358996868134 -0.107161000370979 67.2360270197894
6.92 0.386574000120163 0.39691099524498 1.27664005756378 -0.0998288989067078 67.6789238063299
6.94 0.323864996433258 0.3941890001297 1.27961003780365 -0.0925261974334717 68.0501992292335
6.96 0.373066991567612 0.396418005228043 1.28253996372223 -0.0851614996790886 68.4776256373039
6.98 0.384934991598129 0.393770009279251 1.28541004657745 -0.0778241977095604 68.9188012161735
7 0.385374009609222 0.394805997610092 1.28822004795074 -0.0704455971717834 69.3605505309334
7.02 0.376275986433029 0.396378993988037 1.29097998142242 -0.0630163997411728 69.7914193543454
7.04 0.410308986902237 0.39273801445961 1.29367005825043 -0.0556340999901295 70.2618144824844
7.06 0.43598398566246 0.394683003425598 1.2963000535965 -0.0481926985085011 70.7614359900818
7.08 0.391261011362076 0.388821005821228 1.3013299703598 -0.0334113016724586 71.6667092626755
7.1 0.351617991924286 0.38910099864006 1.30375003814697 -0.0260157007724047 72.0694991784096
7.12 0.260486990213394 0.339376002550125 1.30581998825073 -0.0195524003356695 72.368005765896
7.14 0.134700000286102 0.253836989402771 1.30735003948212 -0.014712099917233 72.5227027204077
7.16 0.173280999064446 0.203363999724388 1.30857002735138 -0.0108305001631379 72.7209489610673
7.18 0.116483002901077 0.168779000639915 1.30956995487213 -0.00760607002303004 72.8544518385844
7.2 -0.0264365002512932 0.131891995668411 1.31034994125366 -0.0050856601446867 72.8240848175346
7.22 -0.00187018001452088 0.101585000753403 1.31095004081726 -0.00314456992782652 72.8223636098637
7.24 -0.0132068004459143 0.0696536973118782 1.31136000156403 -0.00181369995698333 72.8068932313936
7.26 -0.00588764017447829 0.0458752997219563 1.31163001060486 -0.000937205972149968 72.8000152308994
7.28 -0.0093971099704504 0.0271540991961956 1.31178998947144 -0.00041842699283734 72.7897016452527
7.3 0.00900459010154009 0.013829399831593 1.31186997890472 -0.000154216002556495 72.8000152308994
7.32 -0.0148229002952576 0.00995112024247646 1.31192994117737 0.0000358969991793856 72.7828304749477
7.34 -0.0082888500764966 0.0058337701484561 1.31195998191834 0.000147340993862599 72.7730906251912
7.36 -0.0240122992545366 0.00212507997639477 1.31198000907898 0.000187932993867435 72.7455854534036
7.38 0 0 1.31198000907898 0.000187932993867435 72.7455854534036
7.4 0 0 1.31198000907898 0.000187932993867435 72.7455854534036
7.42 0 0 1.31198000907898 0.000187932993867435 72.7455854534036
7.44 0 0 1.31198000907898 0.000187932993867435 72.7455854534036
7.46 0 0 1.31198000907898 0.000187932993867435 72.7455854534036
7.48 0 0 1.31198000907898 0.000187932993867435 72.7455854534036
7.5 0 0 1.31198000907898 0.000187932993867435 72.7455854534036
7.52 0 0 1.31198000907898 0.000187932993867435 72.7455854534036
7.54 0 0 1.31198000907898 0.000187932993867435 72.7455854534036
7.56 0 0 1.31198000907898 0.000187932993867435 72.7455854534036
7.58 0 0 1.31198000907898 0.000187932993867435 72.7455854534036
7.6 0 0 1.31198000907898 0.000187932993867435 72.7455854534036
7.62 0 0 1.31198000907898 0.000187932993867435 72.7455854534036
7.64 0 0 1.31198000907898 0.000187932993867435 72.7455854534036
7.66 0 0 1.31198000907898 0.000187932993867435 72.7455854534036
7.68 0 0 1.31198000907898 0.000187932993867435 72.7455854534036
7.7 0 0 1.31198000907898 0.000187932993867435 72.7455854534036
7.72 0 0 1.31198000907898 0.000187932993867435 72.7455854534036
7.74 0 0 1.31198000907898 0.000187932993867435 72.7455854534036
7.76 0 0 1.31198000907898 0.000187932993867435 72.7455854534036
7.78 0 0 1.31198000907898 0.000187932993867435 72.7455854534036
7.8 0 0 1.31198000907898 0.000187932993867435 72.7455854534036
7.82 0 0 1.31198000907898 0.000187932993867435 72.7455854534036
7.84 0 0 1.31198000907898 0.000187932993867435 72.7455854534036
7.86 0 0 1.31198000907898 0.000187932993867435 72.7455854534036
