0 0 0 -0.0500000007450581 0 40.0000159118569
0.02 0 0 -0.0500000007450581 0 40.0000159118569
0.04 0 0 -0.0500000007450581 0 40.0000159118569
0.06 0 0 -0.0500000007450581 0 40.0000159118569
0.08 0 0 -0.0500000007450581 0 40.0000159118569
0.1 0 0 -0.0500000007450581 0 40.0000159118569
0.12 0 0 -0.0500000007450581 0 40.0000159118569
0.14 0 0 -0.0500000007450581 0 40.0000159118569
0.16 0 0 -0.0500000007450581 0 40.0000159118569
0.18 0 0 -0.0500000007450581 0 40.0000159118569
0.2 0 0 -0.0500000007450581 0 40.0000159118569
0.22 0 0 -0.0500000007450581 0 40.0000159118569
0.24 0 0 -0.0500000007450581 0 40.0000159118569
0.26 0 0 -0.0500000007450581 0 40.0000159118569
0.28 0 0 -0.0500000007450581 0 40.0000159118569
0.3 0 0 -0.0500000007450581 0 40.0000159118569
0.32 0 0 -0.0500000007450581 0 40.0000159118569
0.34 0 0 -0.0500000007450581 0 40.0000159118569
0.36 0 0 -0.0500000007450581 0 40.0000159118569
0.38 0 0 -0.0500000007450581 0 40.0000159118569
0.4 0 0 -0.0500000007450581 0 40.0000159118569
0.42 0 0 -0.0500000007450581 0 40.0000159118569
0.44 0 0 -0.0500000007450581 0 40.0000159118569
0.46 0 0 -0.0500000007450581 0 40.0000159118569
0.48 0 0 -0.0500000007450581 0 40.0000159118569
0.5 0 0 -0.0500000007450581 0 40.0000159118569
0.52 0 0 -0.0500000007450581 0 40.0000159118569
0.54 0 0 -0.0500000007450581 0 40.0000159118569
0.56 0 0 -0.0500000007450581 0 40.0000159118569
0.58 0 0 -0.0500000007450581 0 40.0000159118569
0.6 0 0 -0.0500000007450581 0 40.0000159118569
0.62 0 0 -0.0500000007450581 0 40.0000159118569
0.64 0 0 -0.0500000007450581 0 40.0000159118569
0.66 0 0 -0.0500000007450581 0 40.0000159118569
0.68 0 0 -0.0500000007450581 0 40.0000159118569
0.7 0 0 -0.0500000007450581 0 40.0000159118569
0.72 0 0 -0.0500000007450581 0 40.0000159118569
0.74 0 0 -0.0500000007450581 0 40.0000159118569
0.76 0 0 -0.0500000007450581 0 40.0000159118569
0.78 0 0 -0.0500000007450581 0 40.0000159118569
0.8 0 0 -0.0500000007450581 0 40.0000159118569
0.82 0 0 -0.0500000007450581 0 40.0000159118569
0.84 0 0 -0.0500000007450581 0 40.0000159118569
0.86 0 0 -0.0500000007450581 0 40.0000159118569
0.88 0 0 -0.0500000007450581 0 40.0000159118569
0.9 0 0 -0.0500000007450581 0 40.0000159118569
0.92 0 0 -0.0500000007450581 0 40.0000159118569
0.94 0 0 -0.0500000007450581 0 40.0000159118569
0.96 0 0 -0.0500000007450581 0 40.0000159118569
0.98 0 0 -0.0500000007450581 0 40.0000159118569
1 0 0 -0.0500000007450581 0 40.0000159118569
1.02 0 0 -0.0500000007450581 0 40.0000159118569
1.04 0 0 -0.0500000007450581 0 40.0000159118569
1.06 0 0 -0.0500000007450581 0 40.0000159118569
1.08 0 0 -0.0500000007450581 0 40.0000159118569
1.1 0 0 -0.0500000007450581 0 40.0000159118569
1.12 0 0 -0.0500000007450581 0 40.0000159118569
1.14 0 0 -0.0500000007450581 0 40.0000159118569
1.16 0 0 -0.0500000007450581 0 40.0000159118569
1.18 0 0 -0.0500000007450581 0 40.0000159118569
1.2 0 0 -0.0500000007450581 0 40.0000159118569
1.22 0 0 -0.0500000007450581 0 40.0000159118569
1.24 0 0 -0.0500000007450581 0 40.0000159118569
1.26 0 0 -0.0500000007450581 0 40.0000159118569
1.28 0 0 -0.0500000007450581 0 40.0000159118569
1.3 0 0 -0.0500000007450581 0 40.0000159118569
1.32 0 0 -0.0500000007450581 0 40.0000159118569
1.34 0 0 -0.0500000007450581 0 40.0000159118569
1.36 0 0 -0.0500000007450581 0 40.0000159118569
1.38 0 0 -0.0500000007450581 0 40.0000159118569
1.4 0 0 -0.0500000007450581 0 40.0000159118569
1.42 0 0 -0.0500000007450581 0 40.0000159118569
1.44 0 0 -0.0500000007450581 0 40.0000159118569
1.46 0 0 -0.0500000007450581 0 40.0000159118569
1.48 0 0 -0.0500000007450581 0 40.0000159118569
1.5 0 0 -0.0500000007450581 0 40.0000159118569
1.52 0 0 -0.0500000007450581 0 40.0000159118569
1.54 0 0 -0.0500000007450581 0 40.0000159118569
1.56 0 0 -0.0500000007450581 0 40.0000159118569
1.58 0 0 -0.0500000007450581 0 40.0000159118569
1.6 0 0 -0.0500000007450581 0 40.0000159118569
1.62 0 0 -0.0500000007450581 0 40.0000159118569
1.64 0 0 -0.0500000007450581 0 40.0000159118569
1.66 0 0 -0.0500000007450581 0 40.0000159118569
1.68 0 0 -0.0500000007450581 0 40.0000159118569
1.7 0 0 -0.0500000007450581 0 40.0000159118569
1.72 0 0 -0.0500000007450581 0 40.0000159118569
1.74 0 0 -0.0500000007450581 0 40.0000159118569
1.76 0 0 -0.0500000007450581 0 40.0000159118569
1.78 0 0 -0.0500000007450581 0 40.0000159118569
1.8 0 0 -0.0500000007450581 0 40.0000159118569
1.82 0 0 -0.0500000007450581 0 40.0000159118569
1.84 0 0 -0.0500000007450581 0 40.0000159118569
1.86 0 0 -0.0500000007450581 0 40.0000159118569
1.88 0 0 -0.0500000007450581 0 40.0000159118569
1.9 0 0 -0.0500000007450581 0 40.0000159118569
1.92 0 0 -0.0500000007450581 0 40.0000159118569
1.94 0 0 -0.0500000007450581 0 40.0000159118569
1.96 0 0 -0.0500000007450581 0 40.0000159118569
1.98 0 0 -0.0500000007450581 0 40.0000159118569
2 0 0 -0.0500000007450581 0 40.0000159118569
2.02 0 0 -0.0500000007450581 0 40.0000159118569
2.04 0 0 -0.0500000007450581 0 40.0000159118569
2.06 0 0 -0.0500000007450581 0 40.0000159118569
2.08 0 0 -0.0500000007450581 0 40.0000159118569
2.1 0 0 -0.0500000007450581 0 40.0000159118569
2.12 0 0 -0.0500000007450581 0 40.0000159118569
2.14 0 0 -0.0500000007450581 0 40.0000159118569
2.16 0 0 -0.0500000007450581 0 40.0000159118569
2.18 0 0 -0.0500000007450581 0 40.0000159118569
2.2 0 0 -0.0500000007450581 0 40.0000159118569
2.22 0 0 -0.0500000007450581 0 40.0000159118569
2.24 0 0 -0.0500000007450581 0 40.0000159118569
2.26 0 0 -0.0500000007450581 0 40.0000159118569
2.28 0 0 -0.0500000007450581 0 40.0000159118569
2.3 0 0 -0.0500000007450581 0 40.0000159118569
2.32 0 0 -0.0500000007450581 0 40.0000159118569
2.34 0 0 -0.0500000007450581 0 40.0000159118569
2.36 0 0 -0.0500000007450581 0 40.0000159118569
2.38 0 0 -0.0500000007450581 0 40.0000159118569
2.4 0 0 -0.0500000007450581 0 40.0000159118569
2.42 0 0 -0.0500000007450581 0 40.0000159118569
2.44 0 0 -0.0500000007450581 0 40.0000159118569
2.46 0 0 -0.0500000007450581 0 40.0000159118569
2.48 0 0 -0.0500000007450581 0 40.0000159118569
2.5 0 0 -0.0500000007450581 0 40.0000159118569
2.52 0 0 -0.0500000007450581 0 40.0000159118569
2.54 0 0 -0.0500000007450581 0 40.0000159118569
2.56 0 0 -0.0500000007450581 0 40.0000159118569
2.58 0 0 -0.0500000007450581 0 40.0000159118569
2.6 0 0 -0.0500000007450581 0 40.0000159118569
2.62 0 0 -0.0500000007450581 0 40.0000159118569
2.64 0 0 -0.0500000007450581 0 40.0000159118569
2.66 0 0 -0.0500000007450581 0 40.0000159118569
2.68 0 0 -0.0500000007450581 0 40.0000159118569
2.7 0 0 -0.0500000007450581 0 40.0000159118569
2.72 0 0 -0.0500000007450581 0 40.0000159118569
2.74 0 0 -0.0500000007450581 0 40.0000159118569
2.76 0 0 -0.0500000007450581 0 40.0000159118569
2.78 0 0 -0.0500000007450581 0 40.0000159118569
2.8 0 0 -0.0500000007450581 0 40.0000159118569
2.82 0 0 -0.0500000007450581 0 40.0000159118569
2.84 0 0 -0.0500000007450581 0 40.0000159118569
2.86 0 0 -0.0500000007450581 0 40.0000159118569
2.88 0 0 -0.0500000007450581 0 40.0000159118569
2.9 0 0 -0.0500000007450581 0 40.0000159118569
2.92 0 0 -0.0500000007450581 0 40.0000159118569
2.94 0 0 -0.0500000007450581 0 40.0000159118569
2.96 0 0 -0.0500000007450581 0 40.0000159118569
2.98 0 0 -0.0500000007450581 0 40.0000159118569
3 0 0 -0.0500000007450581 0 40.0000159118569
3.02 0 0 -0.0500000007450581 0 40.0000159118569
3.04 0 0 -0.0500000007450581 0 40.0000159118569
3.06 0 0 -0.0500000007450581 0 40.0000159118569
3.08 0 0 -0.0500000007450581 0 40.0000159118569
3.1 0 0 -0.0500000007450581 0 40.0000159118569
3.12 0 0 -0.0500000007450581 0 40.0000159118569
3.14 0 0 -0.0500000007450581 0 40.0000159118569
3.16 0 0 -0.0500000007450581 0 40.0000159118569
3.18 0 0 -0.0500000007450581 0 40.0000159118569
3.2 0 0 -0.0500000007450581 0 40.0000159118569
3.22 0 0 -0.0500000007450581 0 40.0000159118569
3.24 0 0 -0.0500000007450581 0 40.0000159118569
3.26 0 0 -0.0500000007450581 0 40.0000159118569
3.28 0 0 -0.0500000007450581 0 40.0000159118569
3.3 0 0 -0.0500000007450581 0 40.0000159118569
3.32 0 0 -0.0500000007450581 0 40.0000159118569
3.34 0 0 -0.0500000007450581 0 40.0000159118569
3.36 0 0 -0.0500000007450581 0 40.0000159118569
3.38 0 0 -0.0500000007450581 0 40.0000159118569
3.4 0 0 -0.0500000007450581 0 40.0000159118569
3.42 0 0 -0.0500000007450581 0 40.0000159118569
3.44 0 0 -0.0500000007450581 0 40.0000159118569
3.46 0 0 -0.0500000007450581 0 40.0000159118569
3.48 0 0 -0.0500000007450581 0 40.0000159118569
3.5 0 0 -0.0500000007450581 0 40.0000159118569
3.52 0 0 -0.0500000007450581 0 40.0000159118569
3.54 0 0 -0.0500000007450581 0 40.0000159118569
3.56 0 0 -0.0500000007450581 0 40.0000159118569
3.58 0 0 -0.0500000007450581 0 40.0000159118569
3.6 0 0 -0.0500000007450581 0 40.0000159118569
3.62 0 0 -0.0500000007450581 0 40.0000159118569
3.64 0 0 -0.0500000007450581 0 40.0000159118569
3.66 0 0 -0.0500000007450581 0 40.0000159118569
3.68 0 0 -0.0500000007450581 0 40.0000159118569
3.7 0 0 -0.0500000007450581 0 40.0000159118569
3.72 0 0 -0.0500000007450581 0 40.0000159118569
3.74 0 0 -0.0500000007450581 0 40.0000159118569
3.76 0 0 -0.0500000007450581 0 40.0000159118569
3.78 0 0 -0.0500000007450581 0 40.0000159118569
3.8 0 0 -0.0500000007450581 0 40.0000159118569
3.82 0 0 -0.0500000007450581 0 40.0000159118569
3.84 0 0 -0.0500000007450581 0 40.0000159118569
3.86 0 0 -0.0500000007450581 0 40.0000159118569
3.88 0 0 -0.0500000007450581 0 40.0000159118569
3.9 0 0 -0.0500000007450581 0 40.0000159118569
3.92 0 0 -0.0500000007450581 0 40.0000159118569
3.94 0 0 -0.0500000007450581 0 40.0000159118569
3.96 0 0 -0.0500000007450581 0 40.0000159118569
3.98 0 0 -0.0500000007450581 0 40.0000159118569
4 0 0 -0.0500000007450581 0 40.0000159118569
4.02 0 0 -0.0500000007450581 0 40.0000159118569
4.04 0 0 -0.0500000007450581 0 40.0000159118569
4.06 0 0 -0.0500000007450581 0 40.0000159118569
4.08 0 0 -0.0500000007450581 0 40.0000159118569
4.1 0 0 -0.0500000007450581 0 40.0000159118569
4.12 0 0 -0.0500000007450581 0 40.0000159118569
4.14 0 0 -0.0500000007450581 0 40.0000159118569
4.16 0 0 -0.0500000007450581 0 40.0000159118569
4.18 0 0 -0.0500000007450581 0 40.0000159118569
4.2 0 0 -0.0500000007450581 0 40.0000159118569
4.22 0 0 -0.0500000007450581 0 40.0000159118569
4.24 0 0 -0.0500000007450581 0 40.0000159118569
4.26 0 0 -0.0500000007450581 0 40.0000159118569
4.28 0 0 -0.0500000007450581 0 40.0000159118569
4.3 0 0 -0.0500000007450581 0 40.0000159118569
4.32 0 0 -0.0500000007450581 0 40.0000159118569
4.34 0 0 -0.0500000007450581 0 40.0000159118569
4.36 0 0 -0.0500000007450581 0 40.0000159118569
4.38 0 0 -0.0500000007450581 0 40.0000159118569
4.4 0 0 -0.0500000007450581 0 40.0000159118569
4.42 0 0 -0.0500000007450581 0 40.0000159118569
4.44 0 0 -0.0500000007450581 0 40.0000159118569
4.46 0 0 -0.0500000007450581 0 40.0000159118569
4.48 0 0 -0.0500000007450581 0 40.0000159118569
4.5 0 0 -0.0500000007450581 0 40.0000159118569
4.52 0 0 -0.0500000007450581 0 40.0000159118569
4.54 0 0 -0.0500000007450581 0 40.0000159118569
4.56 0 0 -0.0500000007450581 0 40.0000159118569
4.58 0 0 -0.0500000007450581 0 40.0000159118569
4.6 0 0 -0.0500000007450581 0 40.0000159118569
4.62 0 0 -0.0500000007450581 0 40.0000159118569
4.64 0 0 -0.0500000007450581 0 40.0000159118569
4.66 0 0 -0.0500000007450581 0 40.0000159118569
4.68 0 0 -0.0500000007450581 0 40.0000159118569
4.7 0 0 -0.0500000007450581 0 40.0000159118569
4.72 0 0 -0.0500000007450581 0 40.0000159118569
4.74 0 0 -0.0500000007450581 0 40.0000159118569
4.76 0 0 -0.0500000007450581 0 40.0000159118569
4.78 0 0 -0.0500000007450581 0 40.0000159118569
4.8 0 0 -0.0500000007450581 0 40.0000159118569
4.82 0 0 -0.0500000007450581 0 40.0000159118569
4.84 0 0 -0.0500000007450581 0 40.0000159118569
4.86 0 0 -0.0500000007450581 0 40.0000159118569
4.88 0 0 -0.0500000007450581 0 40.0000159118569
4.9 0 0 -0.0500000007450581 0 40.0000159118569
4.92 0 0 -0.0500000007450581 0 40.0000159118569
4.94 0 0 -0.0500000007450581 0 40.0000159118569
4.96 0 0 -0.0500000007450581 0 40.0000159118569
4.98 0 0 -0.0500000007450581 0 40.0000159118569
5 0 0 -0.0500000007450581 0 40.0000159118569
5.02 0 0 -0.0500000007450581 0 40.0000159118569
5.04 0 0 -0.0500000007450581 0 40.0000159118569
5.06 0 0 -0.0500000007450581 0 40.0000159118569
5.08 0 0 -0.0500000007450581 0 40.0000159118569
5.1 0 0 -0.0500000007450581 0 40.0000159118569
5.12 0 0 -0.0500000007450581 0 40.0000159118569
5.14 0 0 -0.0500000007450581 0 40.0000159118569
5.16 0 0 -0.0500000007450581 0 40.0000159118569
5.18 0 0 -0.0500000007450581 0 40.0000159118569
5.2 0 0 -0.0500000007450581 0 40.0000159118569
5.22 0 0 -0.0500000007450581 0 40.0000159118569
5.24 0 0 -0.0500000007450581 0 40.0000159118569
5.26 0 0 -0.0500000007450581 0 40.0000159118569
5.28 0 0 -0.0500000007450581 0 40.0000159118569
5.3 0 0 -0.0500000007450581 0 40.0000159118569
5.32 0 0 -0.0500000007450581 0 40.0000159118569
5.34 0 0 -0.0500000007450581 0 40.0000159118569
5.36 0.243401005864143 0.0651950985193253 -0.0490031987428665 0.000840560998767614 40.2789335168037
5.38 0.405553013086319 0.14648999273777 -0.0467756986618042 0.00274375011213124 40.7436595879315
5.4 0.668048977851868 0.196410998702049 -0.043816801160574 0.00532743008807302 41.5091871901068
5.42 0.800324022769928 0.252052992582321 -0.0400686003267765 0.00869845040142536 42.4262630295863
5.44 0.855714023113251 0.293199986219406 -0.0357741005718708 0.012691400013864 43.4068254774011
5.46 0.806558012962341 0.344307005405426 -0.0308097004890442 0.0174636002629995 44.3311208268334
5.48 0.67908501625061 0.378681987524033 -0.0254283007234335 0.022792799398303 45.1092535431219
5.5 0.586014986038208 0.391483008861542 -0.0199350006878376 0.0283720009028912 45.7808182328853
5.52 0.444734990596771 0.415430009365082 -0.0141671001911163 0.0343522988259792 46.2904049864818
5.54 0.259447991847992 0.426151007413864 -0.0082937004044652 0.0405284017324448 46.5877128757688
5.56 0.106761999428272 0.423444002866745 -0.00248009990900755 0.0466867014765739 46.7100415638037
5.58 0.00561058009043336 0.433952003717422 0.00347068998962641 0.0530043989419937 46.7165165831369
5.6 -0.132874995470047 0.435869008302689 0.00945582985877991 0.0593424998223782 46.5642238552131
5.62 -0.209390997886658 0.432089000940323 0.0154104996472597 0.0656052008271217 46.3242690643867
5.64 -0.255084007978439 0.436352998018265 0.0214533004909754 0.071901798248291 46.0320018547072
5.66 -0.322111010551453 0.437335997819901 0.0275459997355938 0.0781773999333382 45.6629018470542
5.68 -0.32056400179863 0.432523995637894 0.033611498773098 0.0843451991677284 45.295523047072
5.7 -0.351040989160538 0.437097012996674 0.0397827997803688 0.0905368030071259 44.8932488106202
5.72 -0.342821002006531 0.43511500954628 0.0459687002003193 0.0966577008366585 44.5004275559797
5.74 -0.311881989240646 0.431077003479004 0.0521368011832237 0.102681003510952 44.1430174170912
5.76 -0.277942001819611 0.434314012527466 0.0583868995308876 0.108713999390602 43.8245666772284
5.78 -0.267482995986938 0.431443005800247 0.0646283030509949 0.114671997725964 43.5180346174673
5.8 -0.199925005435944 0.427601993083954 0.0708416029810905 0.120548002421856 43.28890909157
5.82 -0.15081499516964 0.428645998239517 0.0770907029509544 0.126416996121407 43.1161053055686
5.84 -0.0761236026883125 0.423812985420227 0.0832825973629951 0.132205992937088 43.0289008653405
5.86 -0.04296800121665 0.419198989868164 0.0894137993454933 0.137924000620842 42.979627880668
5.88 -0.0115211997181177 0.417140007019043 0.0955180004239082 0.143610998988152 42.9664490306644
5.9 0.0376574993133545 0.41438901424408 0.101580001413822 0.149261996150017 43.0095919205568
5.92 0.0645560026168823 0.415138989686966 0.107648000121117 0.154929995536804 43.0835628692681
5.94 0.0701896995306015 0.414240002632141 0.113695003092289 0.160593003034592 43.164005422218
5.96 0.0811104997992516 0.411128014326096 0.119687996804714 0.166223004460335 43.2569369760652
5.98 0.110826000571251 0.414629012346268 0.125720992684364 0.171911999583244 43.3839648342491
6 0.144465997815132 0.411994993686676 0.131700992584229 0.177580997347832 43.5494910536898
6.02 0.0943633988499641 0.410732001066208 0.13764999806881 0.183246001601219 43.657606118062
6.04 0.0921472981572151 0.412211000919342 0.143609002232552 0.18894299864769 43.763204257725
6.06 0.110572002828121 0.410874992609024 0.149537995457649 0.194633007049561 43.8899418328692
6.08 0.0765852034091949 0.406203985214233 0.155387997627258 0.200269997119904 43.9776619523797
6.1 0.0716902017593384 0.410257995128632 0.161287993192673 0.205972000956535 44.0598257130004
6.12 0.0639095008373261 0.407142013311386 0.167135998606682 0.211638003587723 44.1330487559976
6.14 0.0276372004300356 0.405479997396469 0.172955006361008 0.217286005616188 44.1647340035573
6.16 0.0118907997384667 0.409860998392105 0.1788350045681 0.22299799323082 44.1783704762352
6.18 0.00817340984940529 0.404276996850967 0.184633001685143 0.228633999824524 44.1877073448306
6.2 -0.000623492000158876 0.404585003852844 0.190435007214546 0.234273999929428 44.187020910819
6.22 -0.0508183017373085 0.409076988697052 0.196305006742477 0.239972993731499 44.1287525670096
6.24 0.00537957018241286 0.407139986753464 0.202149003744125 0.245643004775047 44.1349373033031
6.26 0.0103668002411723 0.407119005918503 0.207993000745773 0.251314014196396 44.1467979267968
6.28 -0.0329013988375664 0.40557000041008 0.213815003633499 0.256960988044739 44.1090986976729
6.3 -0.0366416983306408 0.403470009565353 0.219611003994942 0.262576013803482 44.0671579210744
6.32 -0.0331784002482891 0.405873000621796 0.225445002317429 0.268220007419586 44.0291137673974
6.34 -0.026782700791955 0.404608011245728 0.231264993548393 0.273842006921768 43.9984018217945
6.36 -0.0271984003484249 0.39826101064682 0.236995995044708 0.279374003410339 43.9672356686117
6.38 -0.0249127000570297 0.396432012319565 0.242704004049301 0.284877002239227 43.938702553354
6.4 -0.0374960005283356 0.397655993700027 0.248432993888855 0.290392994880676 43.8957304181908
6.42 -0.0541892014443874 0.393575996160507 0.254108011722565 0.29584801197052 43.8336200929733
6.44 -0.0406360998749733 0.395936012268066 0.259822994470596 0.301330000162125 43.7870962594417
6.46 -0.0257437992841005 0.397899985313416 0.265569001436234 0.306834995746613 43.7575898422273
6.48 -0.032462801784277 0.396124005317688 0.271293014287949 0.312312006950378 43.7204028772911
6.5 -0.0160466004163027 0.402514010667801 0.277112007141113 0.317874997854233 43.7020125929509
6.52 0.0196946002542973 0.402125000953674 0.282925009727478 0.323433011770248 43.7245283115498
6.54 -0.00551813980564475 0.401147991418839 0.288724005222321 0.328978002071381 43.7182274620405
6.56 -0.0210797991603613 0.40336400270462 0.294555008411407 0.334551990032196 43.6940485923786
6.58 0.0123062999919057 0.402146011590958 0.300370007753372 0.34010899066925 43.7082007443389
6.6 -0.0132759995758533 0.399738997220993 0.306149989366531 0.345633000135422 43.692959177206
6.62 -0.0421600006520748 0.401253014802933 0.311955004930496 0.351173996925354 43.6446594944902
6.64 -0.0162776000797749 0.397731989622116 0.317712008953094 0.35666298866272 43.6259789271102
6.66 -0.00531037012115121 0.398306012153625 0.323478996753693 0.362159013748169 43.6199068889381
6.68 -0.0363879986107349 0.398685991764069 0.329252988100052 0.367657989263535 43.5781949236768
6.7 -0.0113596003502607 0.398914992809296 0.335032999515533 0.373156994581223 43.5651902434971
6.72 0.0206875000149012 0.39708799123764 0.340786993503571 0.378630995750427 43.5889114904846
6.74 -0.00108516996260732 0.400777012109756 0.346592992544174 0.384157985448837 43.5876513205827
6.76 0.0107132000848651 0.400435000658035 0.352393001317978 0.389679998159409 43.5999115101429
6.78 0.0150538999587297 0.402336001396179 0.358218997716904 0.395229995250702 43.6171577377972
6.8 0.0256747994571924 0.40065199136734 0.364019006490707 0.400759011507034 43.6466060984037
6.82 0.0200871005654335 0.40081998705864 0.369818985462189 0.406293004751205 43.6696409113796
6.84 0.00187013996765018 0.402161985635757 0.375636011362076 0.411846995353699 43.6717582700223
6.86 0.0239661000669003 0.400521010160446 0.381428986787796 0.417380005121231 43.699205385202
6.88 0.0123062003403902 0.400191992521286 0.387214988470078 0.422910988330841 43.7133575371622
6.9 0.0339171998202801 0.398250997066498 0.392969995737076 0.42841699719429 43.7522042380667
6.92 0.0131376003846526 0.397175997495651 0.398707985877991 0.433910995721817 43.7672716353758
6.94 0.000438615999883041 0.39445498585701 0.404404997825623 0.439368009567261 43.7677292580502
6.96 0.0212645009160042 0.394053995609283 0.410095006227493 0.444821000099182 43.7921369390492
6.98 -0.00251669995486736 0.390172004699707 0.415728002786636 0.450221002101898 43.789217033179
7 -0.0357873998582363 0.392028987407684 0.421389997005463 0.455644994974136 43.7482495585373
7.02 -0.0171089004725218 0.391034007072449 0.427040010690689 0.461052000522614 43.7286537458085
7.04 0.00819647964090109 0.396775990724564 0.432774007320404 0.46653801202774 43.7379940294985
7.06 -0.0156309008598328 0.40063801407814 0.438564002513886 0.472075998783112 43.720116009346
7.08 -0.0296689998358488 0.396521985530853 0.4442979991436 0.477555990219116 43.6860845918064
7.1 -0.0132528999820352 0.399789988994598 0.450080007314682 0.483078002929688 43.6709010812814
7.12 -0.0424371995031834 0.401044011116028 0.455884009599686 0.488613992929459 43.6223145306205
7.14 -0.0526190996170044 0.397381007671356 0.461641013622284 0.494094014167786 43.5619800545872
7.16 -0.0226269997656345 0.40038600564003 0.467444002628326 0.499610990285873 43.5360833923491
7.18 -0.0214035008102655 0.401017993688583 0.47325998544693 0.505133986473084 43.5115595981342
7.2 -0.0549973994493485 0.394423991441727 0.478983998298645 0.510562002658844 43.4485340275678
7.22 -0.0203642006963491 0.399307012557983 0.484782993793488 0.516053020954132 43.4251577051335
7.24 -0.020456500351429 0.398045003414154 0.490565985441208 0.521524012088776 43.4017233260912
7.26 0.00168560002930462 0.39675098657608 0.496331006288528 0.526977002620697 43.4036733450992
7.28 -0.000231009995331988 0.399911999702454 0.50797301530838 0.537984013557434 43.3930148348994
7.3 -0.00609550019726157 0.399773001670837 0.513782978057861 0.543476998806 43.3860241362839
7.32 -0.0164622999727726 0.403384000062943 0.519647002220154 0.549017012119293 43.3671762292692
7.34 0.0353026017546654 0.400687009096146 0.525470972061157 0.554521977901459 43.4076280246286
7.36 0.0118909999728203 0.401564985513687 0.531305015087128 0.560042023658752 43.421261082212
7.38 0.0230426006019115 0.402253985404968 0.537146985530853 0.56557297706604 43.447676838827
7.4 0.0253283996134996 0.399886012077332 0.542952001094818 0.571075022220612 43.4767256333671
7.42 0.026944300159812 0.39674299955368 0.548708021640778 0.576535999774933 43.5075502770914
7.44 0.00738827977329493 0.39665499329567 0.554462015628815 0.581997990608215 43.5160299569459
7.46 0.0170393995940685 0.393700987100601 0.560171008110046 0.587419986724854 43.5355677130668
7.48 0.00380964996293187 0.392937988042831 0.565868020057678 0.592833995819092 43.5399219586626
7.5 -0.0121675999835134 0.39300799369812 0.571565985679626 0.59824800491333 43.5259986180396
7.52 -0.00893514044582844 0.397953003644943 0.577337980270386 0.603727996349335 43.5157430890008
7.54 -0.00584142003208399 0.397956997156143 0.583109974861145 0.609207987785339 43.5090392583304
7.56 0.00535649992525578 0.401890009641647 0.588939011096954 0.614741981029511 43.5151693531105
7.58 -0.0195330008864403 0.40378201007843 0.594796001911163 0.620302021503448 43.4928243892408
7.6 0.00888901017606258 0.402586996555328 0.600637018680573 0.62584400177002 43.5029672201583
7.62 -0.0178708005696535 0.402716010808945 0.606480002403259 0.631386995315552 43.4825108035941
7.64 -0.0152153000235558 0.403943985700607 0.612343013286591 0.636946022510529 43.4650938212106
7.66 -0.0190018992871046 0.402996003627777 0.618193984031677 0.642489016056061 43.4433225932311
7.68 -0.0174088999629021 0.401080995798111 0.624019026756287 0.648003995418549 43.4233818559493
7.7 -0.0481861010193825 0.400714993476868 0.629841983318329 0.653509974479675 43.3681495312259
7.72 -0.0170626007020473 0.402745991945267 0.635698974132538 0.659040987491608 43.3486117751051
7.74 -0.0291841998696327 0.400009989738464 0.641517996788025 0.664529979228973 43.3151506783612
7.76 -0.0141534004360437 0.399771004915237 0.647336006164551 0.670014977455139 43.2989358092716
7.78 -0.0372190997004509 0.397383004426956 0.653123021125793 0.675463020801544 43.2562505420536
7.8 0.0102976001799107 0.399850994348526 0.658945977687836 0.68094402551651 43.2680531089394
7.82 -0.0247742999345064 0.398149013519287 0.664745986461639 0.68639999628067 43.2396907484109
7.84 -0.000877231999766082 0.399801999330521 0.670571029186249 0.691878020763397 43.2386593898462
7.86 -0.0134375998750329 0.400745987892151 0.676410973072052 0.697368025779724 43.223305124592
7.88 0.00607227021828294 0.399293005466461 0.682229995727539 0.702836990356445 43.2302377665996
7.9 0.00524117005988956 0.402211010456085 0.688090026378632 0.708347022533417 43.2362551632584
7.92 0.00886610988527536 0.400247007608414 0.693921983242035 0.713831007480621 43.2463945790813
7.94 0.0194406993687153 0.400346010923386 0.699752986431122 0.719317972660065 43.2686849014376
7.96 0.0292304009199142 0.398236989974976 0.705551028251648 0.724779009819031 43.3022006396949
7.98 0.0171317998319864 0.397839993238449 0.711341023445129 0.730237007141113 43.3217964524236
8 0.0284682996571064 0.397430002689362 0.71712201833725 0.735692024230957 43.3544550019401
8.02 0.00685739982873201 0.398974001407623 0.72292298078537 0.741171002388 43.362306304391
8.04 -0.0343097001314163 0.39520001411438 0.728672027587891 0.746595978736877 43.3230019808121
8.06 0.00708806980401278 0.400204002857208 0.734493970870972 0.752088010311127 43.3310786795057
8.08 -0.0260901991277933 0.399192988872528 0.740302979946136 0.757565021514893 43.3012273377381
8.1 -0.0229500997811556 0.397496998310089 0.746089994907379 0.763015985488892 43.274927694339
8.12 -0.0219803005456924 0.406659007072449 0.752013027667999 0.768589973449707 43.2497174661125
8.14 -0.0173167008906603 0.40735799074173 0.757947981357574 0.774170994758606 43.2298962571411
8.16 -0.0234117992222309 0.403189986944199 0.763824999332428 0.779693007469177 43.2030228778517
8.18 -0.00152378994971514 0.408315002918243 0.769776999950409 0.785283029079437 43.2013050852754
8.2 -0.0102514997124672 0.407142013311386 0.775713980197906 0.790857017040253 43.189557159903
8.22 -0.0261594001203775 0.401295989751816 0.781566977500916 0.796347975730896 43.1595931200141
8.24 -0.0159773994237185 0.408511012792587 0.787527024745941 0.801935970783234 43.1412574771872
8.26 -0.0104130003601313 0.402684986591339 0.79340398311615 0.807443022727966 43.1293422121801
8.28 -0.0177090000361204 0.39971399307251 0.799239993095398 0.812906980514526 43.1090565503452
8.3 -0.0196947995573282 0.401544988155365 0.80510401725769 0.818394005298615 43.0864827751383
8.32 0.0175934992730618 0.397334009408951 0.810907006263733 0.823822975158691 43.1066523237573
8.34 -0.0122830998152494 0.401187002658844 0.816765010356903 0.82930600643158 43.092558228405
8.36 -0.0295768994837999 0.401356995105743 0.822628974914551 0.834788024425507 43.0586360938921
8.38 -0.00667252019047737 0.398164987564087 0.828446984291077 0.840224981307983 43.051017017873
8.4 -0.00593368988484144 0.402350008487701 0.83432799577713 0.845717012882233 43.0442004890813
8.42 0.00967414025217295 0.401650995016098 0.8401979804039 0.851200997829437 43.0553132068609
8.44 0.0059569301083684 0.398294001817703 0.84601902961731 0.856639981269836 43.0621331507472
8.46 0.0319547988474369 0.40251100063324 0.851898014545441 0.862137973308563 43.098746379793
8.48 -0.00397128984332085 0.396880000829697 0.857694983482361 0.867560982704163 43.0942179643733
8.5 0.013553200289607 0.396456986665726 0.863484025001526 0.872978985309601 43.1097463994514
8.52 -0.00272464007139206 0.395936012268066 0.869265019893646 0.878391027450562 43.1065942671494
8.54 0.019625399261713 0.39699399471283 0.875060975551605 0.883817970752716 43.1291099857484
8.56 -0.0123062003403902 0.395839989185333 0.880838990211487 0.889228999614716 43.115015890396
8.58 -0.0204103998839855 0.394988000392914 0.886606991291046 0.894626975059509 43.0915815113537
8.6 -0.0268753003329039 0.39520400762558 0.892381012439728 0.900026023387909 43.0608149242374
8.62 -0.0376345999538898 0.393137007951736 0.898127019405365 0.905391991138458 43.017672034345
8.64 -0.0206413995474577 0.399515986442566 0.903971016407013 0.910842001438141 42.9940088439655
8.66 -0.0178708005696535 0.402716010808945 0.909862995147705 0.916333019733429 42.9735524274013
8.68 -0.0116830002516508 0.401894003152847 0.915744006633759 0.921811997890472 42.9601447660605
8.7 -0.0080348402261734 0.402801990509033 0.921640992164612 0.927302002906799 42.9509786521944
8.72 -0.0173857007175684 0.402247995138168 0.927529990673065 0.932781994342804 42.9310413300071
8.74 0.0043868301436305 0.401064991950989 0.933403015136719 0.938246011734009 42.9360820096146
8.76 -0.0333169996738434 0.401728987693787 0.939287006855011 0.943717002868652 42.8978671012083
8.78 -0.0282144006341696 0.399462997913361 0.945141017436981 0.949153006076813 42.8655500611504
8.8 -0.0264596994966269 0.399814009666443 0.951003015041351 0.954591989517212 42.8352410967085
8.82 -0.019717900082469 0.400141000747681 0.956872999668121 0.960031986236572 42.8126092648936
8.84 -0.00593368988484144 0.397118985652924 0.962700009346008 0.96542900800705 42.8058473776153
8.86 -0.00584142003208399 0.398205995559692 0.968542993068695 0.970839977264404 42.7991435469449
8.88 -0.00676512997597456 0.398977994918823 0.974398016929626 0.976261019706726 42.7914117728045
8.9 -0.016669899225235 0.39902999997139 0.980255007743835 0.981682002544403 42.7722735827501
8.92 0.0204335991293192 0.399484992027283 0.986118972301483 0.987109005451202 42.7957079617924
8.94 -0.0478398017585278 0.344300001859665 0.991173982620239 0.991784989833832 42.7408752031355
8.96 -0.0778551027178764 0.263583987951279 0.995048999786377 0.995359003543854 42.651666102386
8.98 -0.0186094008386135 0.208204999566078 0.99811202287674 0.998179972171783 42.6303524970809
9 -0.0472165010869503 0.171704992651939 1.0006400346756 1.00049996376038 42.5762642290436
9.02 -0.067834697663784 0.136004999279976 1.00264000892639 1.00233995914459 42.4985127706267
9.04 -0.0728679969906807 0.0997195988893509 1.00411999225616 1.00369000434875 42.4149761419829
9.06 -0.0760312005877495 0.0639180988073349 1.00505995750427 1.00454998016357 42.3278878149706
9.08 -0.0619469992816448 0.0440322011709213 1.00571000576019 1.00513994693756 42.256898243832
9.1 0.00422524008899927 0.0288174003362656 1.0061399936676 1.00552999973297 42.2617101121023
9.12 -0.0269675999879837 0.00846355967223644 1.00626003742218 1.00565004348755 42.2308274117701
9.14 -0.0147305997088552 0.00485908985137939 1.00634002685547 1.00571000576019 42.2139261086689
9.16 0 0 1.00634002685547 1.00571000576019 42.2139261086689
9.18 0 0 1.00634002685547 1.00571000576019 42.2139261086689
9.2 0 0 1.00634002685547 1.00571000576019 42.2139261086689
9.22 0 0 1.00634002685547 1.00571000576019 42.2139261086689
9.24 0 0 1.00634002685547 1.00571000576019 42.2139261086689
9.26 0 0 1.00634002685547 1.00571000576019 42.2139261086689
9.28 0 0 1.00634002685547 1.00571000576019 42.2139261086689
9.3 0 0 1.00634002685547 1.00571000576019 42.2139261086689
9.32 0 0 1.00634002685547 1.00571000576019 42.2139261086689
9.34 0 0 1.00634002685547 1.00571000576019 42.2139261086689
9.36 0 0 1.00634002685547 1.00571000576019 42.2139261086689
9.38 0 0 1.00634002685547 1.00571000576019 42.2139261086689
9.4 0 0 1.00634002685547 1.00571000576019 42.2139261086689
9.42 0 0 1.00634002685547 1.00571000576019 42.2139261086689
9.44 0 0 1.00634002685547 1.00571000576019 42.2139261086689
9.46 0 0 1.00634002685547 1.00571000576019 42.2139261086689
9.48 0 0 1.00634002685547 1.00571000576019 42.2139261086689
