0 0 0 -0.0500000007450581 0 40.0000159118569
0.02 0 0 -0.0500000007450581 0 40.0000159118569
0.04 0 0 -0.0500000007450581 0 40.0000159118569
0.06 0 0 -0.0500000007450581 0 40.0000159118569
0.08 0 0 -0.0500000007450581 0 40.0000159118569
0.1 0 0 -0.0500000007450581 0 40.0000159118569
0.12 0 0 -0.0500000007450581 0 40.0000159118569
0.14 0 0 -0.0500000007450581 0 40.0000159118569
0.16 0 0 -0.0500000007450581 0 40.0000159118569
0.18 0 0 -0.0500000007450581 0 40.0000159118569
0.2 0 0 -0.0500000007450581 0 40.0000159118569
0.22 0 0 -0.0500000007450581 0 40.0000159118569
0.24 0 0 -0.0500000007450581 0 40.0000159118569
0.26 0 0 -0.0500000007450581 0 40.0000159118569
0.28 0 0 -0.0500000007450581 0 40.0000159118569
0.3 0 0 -0.0500000007450581 0 40.0000159118569
0.32 0 0 -0.0500000007450581 0 40.0000159118569
0.34 0 0 -0.0500000007450581 0 40.0000159118569
0.36 0 0 -0.0500000007450581 0 40.0000159118569
0.38 0 0 -0.0500000007450581 0 40.0000159118569
0.4 0 0 -0.0500000007450581 0 40.0000159118569
0.42 0 0 -0.0500000007450581 0 40.0000159118569
0.44 0 0 -0.0500000007450581 0 40.0000159118569
0.46 0 0 -0.0500000007450581 0 40.0000159118569
0.48 0 0 -0.0500000007450581 0 40.0000159118569
0.5 0 0 -0.0500000007450581 0 40.0000159118569
0.52 0 0 -0.0500000007450581 0 40.0000159118569
0.54 0 0 -0.0500000007450581 0 40.0000159118569
0.56 0 0 -0.0500000007450581 0 40.0000159118569
0.58 0 0 -0.0500000007450581 0 40.0000159118569
0.6 0 0 -0.0500000007450581 0 40.0000159118569
0.62 0 0 -0.0500000007450581 0 40.0000159118569
0.64 0 0 -0.0500000007450581 0 40.0000159118569
0.66 0 0 -0.0500000007450581 0 40.0000159118569
0.68 0 0 -0.0500000007450581 0 40.0000159118569
0.7 0 0 -0.0500000007450581 0 40.0000159118569
0.72 0 0 -0.0500000007450581 0 40.0000159118569
0.74 0 0 -0.0500000007450581 0 40.0000159118569
0.76 0 0 -0.0500000007450581 0 40.0000159118569
0.78 0 0 -0.0500000007450581 0 40.0000159118569
0.8 0 0 -0.0500000007450581 0 40.0000159118569
0.82 0 0 -0.0500000007450581 0 40.0000159118569
0.84 0 0 -0.0500000007450581 0 40.0000159118569
0.86 0 0 -0.0500000007450581 0 40.0000159118569
0.88 0 0 -0.0500000007450581 0 40.0000159118569
0.9 0 0 -0.0500000007450581 0 40.0000159118569
0.92 0 0 -0.0500000007450581 0 40.0000159118569
0.94 0 0 -0.0500000007450581 0 40.0000159118569
0.96 0 0 -0.0500000007450581 0 40.0000159118569
0.98 0 0 -0.0500000007450581 0 40.0000159118569
1 0 0 -0.0500000007450581 0 40.0000159118569
1.02 0 0 -0.0500000007450581 0 40.0000159118569
1.04 0 0 -0.0500000007450581 0 40.0000159118569
1.06 0 0 -0.0500000007450581 0 40.0000159118569
1.08 0 0 -0.0500000007450581 0 40.0000159118569
1.1 0 0 -0.0500000007450581 0 40.0000159118569
1.12 0 0 -0.0500000007450581 0 40.0000159118569
1.14 0 0 -0.0500000007450581 0 40.0000159118569
1.16 0 0 -0.0500000007450581 0 40.0000159118569
1.18 0 0 -0.0500000007450581 0 40.0000159118569
1.2 0 0 -0.0500000007450581 0 40.0000159118569
1.22 0 0 -0.0500000007450581 0 40.0000159118569
1.24 0 0 -0.0500000007450581 0 40.0000159118569
1.26 0 0 -0.0500000007450581 0 40.0000159118569
1.28 0 0 -0.0500000007450581 0 40.0000159118569
1.3 0 0 -0.0500000007450581 0 40.0000159118569
1.32 0 0 -0.0500000007450581 0 40.0000159118569
1.34 0 0 -0.0500000007450581 0 40.0000159118569
1.36 0 0 -0.0500000007450581 0 40.0000159118569
1.38 0 0 -0.0500000007450581 0 40.0000159118569
1.4 0 0 -0.0500000007450581 0 40.0000159118569
1.42 0 0 -0.0500000007450581 0 40.0000159118569
1.44 0 0 -0.0500000007450581 0 40.0000159118569
1.46 0 0 -0.0500000007450581 0 40.0000159118569
1.48 0 0 -0.0500000007450581 0 40.0000159118569
1.5 0 0 -0.0500000007450581 0 40.0000159118569
1.52 0 0 -0.0500000007450581 0 40.0000159118569
1.54 0 0 -0.0500000007450581 0 40.0000159118569
1.56 0 0 -0.0500000007450581 0 40.0000159118569
1.58 0 0 -0.0500000007450581 0 40.0000159118569
1.6 0 0 -0.0500000007450581 0 40.0000159118569
1.62 0 0 -0.0500000007450581 0 40.0000159118569
1.64 0 0 -0.0500000007450581 0 40.0000159118569
1.66 0 0 -0.0500000007450581 0 40.0000159118569
1.68 0 0 -0.0500000007450581 0 40.0000159118569
1.7 0 0 -0.0500000007450581 0 40.0000159118569
1.72 0 0 -0.0500000007450581 0 40.0000159118569
1.74 0 0 -0.0500000007450581 0 40.0000159118569
1.76 0 0 -0.0500000007450581 0 40.0000159118569
1.78 0 0 -0.0500000007450581 0 40.0000159118569
1.8 0 0 -0.0500000007450581 0 40.0000159118569
1.82 0 0 -0.0500000007450581 0 40.0000159118569
1.84 0 0 -0.0500000007450581 0 40.0000159118569
1.86 0 0 -0.0500000007450581 0 40.0000159118569
1.88 0 0 -0.0500000007450581 0 40.0000159118569
1.9 0 0 -0.0500000007450581 0 40.0000159118569
1.92 0 0 -0.0500000007450581 0 40.0000159118569
1.94 0 0 -0.0500000007450581 0 40.0000159118569
1.96 0 0 -0.0500000007450581 0 40.0000159118569
1.98 0 0 -0.0500000007450581 0 40.0000159118569
2 0 0 -0.0500000007450581 0 40.0000159118569
2.02 0 0 -0.0500000007450581 0 40.0000159118569
2.04 0 0 -0.0500000007450581 0 40.0000159118569
2.06 0 0 -0.0500000007450581 0 40.0000159118569
2.08 0 0 -0.0500000007450581 0 40.0000159118569
2.1 0 0 -0.0500000007450581 0 40.0000159118569
2.12 0 0 -0.0500000007450581 0 40.0000159118569
2.14 0 0 -0.0500000007450581 0 40.0000159118569
2.16 0 0 -0.0500000007450581 0 40.0000159118569
2.18 0 0 -0.0500000007450581 0 40.0000159118569
2.2 0 0 -0.0500000007450581 0 40.0000159118569
2.22 0 0 -0.0500000007450581 0 40.0000159118569
2.24 0 0 -0.0500000007450581 0 40.0000159118569
2.26 0 0 -0.0500000007450581 0 40.0000159118569
2.28 0 0 -0.0500000007450581 0 40.0000159118569
2.3 0 0 -0.0500000007450581 0 40.0000159118569
2.32 0 0 -0.0500000007450581 0 40.0000159118569
2.34 0 0 -0.0500000007450581 0 40.0000159118569
2.36 0 0 -0.0500000007450581 0 40.0000159118569
2.38 0 0 -0.0500000007450581 0 40.0000159118569
2.4 0 0 -0.0500000007450581 0 40.0000159118569
2.42 0 0 -0.0500000007450581 0 40.0000159118569
2.44 0 0 -0.0500000007450581 0 40.0000159118569
2.46 0 0 -0.0500000007450581 0 40.0000159118569
2.48 0 0 -0.0500000007450581 0 40.0000159118569
2.5 0 0 -0.0500000007450581 0 40.0000159118569
2.52 0 0 -0.0500000007450581 0 40.0000159118569
2.54 0 0 -0.0500000007450581 0 40.0000159118569
2.56 0 0 -0.0500000007450581 0 40.0000159118569
2.58 0 0 -0.0500000007450581 0 40.0000159118569
2.6 0 0 -0.0500000007450581 0 40.0000159118569
2.62 0 0 -0.0500000007450581 0 40.0000159118569
2.64 0 0 -0.0500000007450581 0 40.0000159118569
2.66 0 0 -0.0500000007450581 0 40.0000159118569
2.68 0 0 -0.0500000007450581 0 40.0000159118569
2.7 0 0 -0.0500000007450581 0 40.0000159118569
2.72 0 0 -0.0500000007450581 0 40.0000159118569
2.74 0 0 -0.0500000007450581 0 40.0000159118569
2.76 0 0 -0.0500000007450581 0 40.0000159118569
2.78 0 0 -0.0500000007450581 0 40.0000159118569
2.8 0 0 -0.0500000007450581 0 40.0000159118569
2.82 0 0 -0.0500000007450581 0 40.0000159118569
2.84 0 0 -0.0500000007450581 0 40.0000159118569
2.86 0 0 -0.0500000007450581 0 40.0000159118569
2.88 0 0 -0.0500000007450581 0 40.0000159118569
2.9 0 0 -0.0500000007450581 0 40.0000159118569
2.92 0 0 -0.0500000007450581 0 40.0000159118569
2.94 0 0 -0.0500000007450581 0 40.0000159118569
2.96 0 0 -0.0500000007450581 0 40.0000159118569
2.98 0 0 -0.0500000007450581 0 40.0000159118569
3 0 0 -0.0500000007450581 0 40.0000159118569
3.02 0 0 -0.0500000007450581 0 40.0000159118569
3.04 0 0 -0.0500000007450581 0 40.0000159118569
3.06 0 0 -0.0500000007450581 0 40.0000159118569
3.08 0 0 -0.0500000007450581 0 40.0000159118569
3.1 0 0 -0.0500000007450581 0 40.0000159118569
3.12 0 0 -0.0500000007450581 0 40.0000159118569
3.14 0 0 -0.0500000007450581 0 40.0000159118569
3.16 0 0 -0.0500000007450581 0 40.0000159118569
3.18 0 0 -0.0500000007450581 0 40.0000159118569
3.2 0 0 -0.0500000007450581 0 40.0000159118569
3.22 0 0 -0.0500000007450581 0 40.0000159118569
3.24 0 0 -0.0500000007450581 0 40.0000159118569
3.26 0 0 -0.0500000007450581 0 40.0000159118569
3.28 0 0 -0.0500000007450581 0 40.0000159118569
3.3 0 0 -0.0500000007450581 0 40.0000159118569
3.32 0 0 -0.0500000007450581 0 40.0000159118569
3.34 0 0 -0.0500000007450581 0 40.0000159118569
3.36 0 0 -0.0500000007450581 0 40.0000159118569
3.38 0 0 -0.0500000007450581 0 40.0000159118569
3.4 0 0 -0.0500000007450581 0 40.0000159118569
3.42 0 0 -0.0500000007450581 0 40.0000159118569
3.44 0 0 -0.0500000007450581 0 40.0000159118569
3.46 0 0 -0.0500000007450581 0 40.0000159118569
3.48 0 0 -0.0500000007450581 0 40.0000159118569
3.5 0 0 -0.0500000007450581 0 40.0000159118569
3.52 0 0 -0.0500000007450581 0 40.0000159118569
3.54 0 0 -0.0500000007450581 0 40.0000159118569
3.56 0 0 -0.0500000007450581 0 40.0000159118569
3.58 0.235574007034302 0.0356829985976219 -0.0494543984532356 0.000460018985904753 40.2699381576668
3.6 0.268568009138107 0.0795475989580154 -0.048243198543787 0.00149165000766516 40.5777303873297
3.62 0.373344004154205 0.0978642031550407 -0.0467614009976387 0.0027703600935638 41.0055017199532
3.64 0.461728006601334 0.139339998364449 -0.044666800647974 0.00460857013240457 41.5346262296705
3.66 0.46322900056839 0.171742007136345 -0.0421062000095844 0.00689799012616277 42.0654719470586
3.68 0.494120985269547 0.194822996854782 -0.0392264984548092 0.00952280033379793 42.6316707235908
3.7 0.472326010465622 0.226502999663353 -0.0359081998467445 0.0126066002994776 43.1729427247469
3.72 0.409662991762161 0.246327996253967 -0.0323291011154652 0.0159920994192362 43.6423679660237
3.74 0.375584006309509 0.262425005435944 -0.0285445991903543 0.0196285992860794 44.0727142799642
3.76 0.271131008863449 0.284821003675461 -0.0244626998901367 0.0236019995063543 44.383429830592
3.78 0.243215993046761 0.298141002655029 -0.0202114004641771 0.0277830995619297 44.6621186242015
3.8 0.16771599650383 0.309253007173538 -0.0158194992691278 0.0321381017565727 44.8543440531078
3.82 0.0826113969087601 0.320614010095596 -0.0112774996086955 0.0366644002497196 44.9489968146259
3.84 0.029322799295187 0.335530012845993 -0.00652959011495113 0.0414066985249519 44.9825740245857
3.86 0.0235734991729259 0.341499000787735 -0.00169973005540669 0.0462359003722668 45.0096147435098
3.88 -0.0748998001217842 0.350014001131058 0.00325307995080948 0.0511830002069473 44.9237865863994
3.9 -0.0974572971463203 0.354916006326675 0.00828390009701252 0.056190699338913 44.8121164085642
3.92 -0.127981007099152 0.358209997415543 0.0133728003129363 0.0612334012985229 44.6654415112327
3.94 -0.186626002192497 0.365287989377975 0.0185784008353949 0.0663592964410782 44.4516121939816
3.96 -0.17951500415802 0.368344992399216 0.0238464009016752 0.0715090036392212 44.2458629905187
3.98 -0.198886007070541 0.371751010417938 0.0291827991604805 0.0766860991716385 44.0179976345233
4 -0.207105994224548 0.375142991542816 0.0345891006290913 0.0818884968757629 43.7806792967165
4.02 -0.199139997363091 0.375786006450653 0.0400258004665375 0.087077796459198 43.552469016168
4.04 -0.159104004502296 0.380539000034332 0.045549999922514 0.0923129990696907 43.3701541917473
4.06 -0.109764002263546 0.381983995437622 0.0511091984808445 0.0975530967116356 43.2443318619519
4.08 -0.100643999874592 0.383767992258072 0.0567056015133858 0.102806001901627 43.128997287627
4.1 -0.0452307015657425 0.388054996728897 0.0623720996081829 0.108108997344971 43.0772005480562
4.12 -0.0172474998980761 0.38883501291275 0.0680534020066261 0.113420002162457 43.0574339805982
4.14 0.0219804998487234 0.388743013143539 0.0737330988049507 0.118729002773762 43.0826442088247
4.16 0.0321625992655754 0.389701992273331 0.0794238969683647 0.124054998159409 43.1194862492078
4.18 0.0249355994164944 0.393283993005753 0.0851640030741692 0.129431992769241 43.1480193644655
4.2 0.0453692004084587 0.395851999521255 0.0909376963973045 0.13484899699688 43.2000449153735
4.22 0.0774393975734711 0.394035995006561 0.096678301692009 0.140248998999596 43.2887963934487
4.24 0.0709979012608528 0.395868986845016 0.102438002824783 0.145680993795395 43.3701541917473
4.26 0.038350198417902 0.393694013357162 0.108158998191357 0.151090994477272 43.4140996288672
4.28 0.0373806990683079 0.391368985176086 0.113843001425266 0.156471997499466 43.4569010093011
4.3 0.0385119989514351 0.395229011774063 0.119579002261162 0.161910995841026 43.5010172011502
4.32 0.0182859990745783 0.39496698975563 0.125308007001877 0.167349994182587 43.5219892969968
4.34 0.0247511006891727 0.394755005836487 0.131031006574631 0.172787994146347 43.5503516575253
4.36 0.0341482013463974 0.398708999156952 0.136809006333351 0.178284004330635 43.5894818112803
4.38 0.0169932004064322 0.399132013320923 0.142590001225472 0.183788999915123 43.6089649258877
4.4 0.023827500641346 0.397917985916138 0.14835099875927 0.18928000330925 43.636292512757
4.42 0.0547434985637665 0.406212002038956 0.154227003455162 0.19488899409771 43.6989765738648
4.44 0.0309849996119738 0.401935011148453 0.160037994384766 0.200444996356964 43.734500387738
4.46 0.0110595002770424 0.402305006980896 0.16585099697113 0.20600800216198 43.7471601433647
4.48 0.0381425991654396 0.404967993497849 0.171699002385139 0.21161100268364 43.7908767691473
4.5 0.0200872998684645 0.404529988765717 0.177539005875587 0.217210993170738 43.8139115821232
4.52 -0.0203412007540464 0.406621009111404 0.183408007025719 0.222839996218681 43.7905899012022
4.54 -0.0219806004315615 0.403136998414993 0.189229995012283 0.228417992591858 43.7654377295836
4.56 -0.0176398009061813 0.400238990783691 0.195012003183365 0.23395399749279 43.7452135394512
4.58 -0.0401975996792316 0.402983009815216 0.200836002826691 0.239525005221367 43.699147328594
4.6 -0.00791934039443731 0.402786999940872 0.206661000847816 0.245089992880821 43.6900358562412
4.62 -0.0310311000794172 0.4009869992733 0.212461993098259 0.250627011060715 43.6545154574626
4.64 -0.0199488997459412 0.402952998876572 0.218292996287346 0.256190001964569 43.6316513992159
4.66 0.0258131995797157 0.400577992200851 0.224090993404388 0.261718988418579 43.6612158730384
4.68 0.0329016000032425 0.40250900387764 0.229912996292114 0.267278999090195 43.6989185172568
4.7 0.0180783998221159 0.403158992528915 0.235741004347801 0.27285099029541 43.7196583866716
4.72 0.0156311001628637 0.40276700258255 0.241561993956566 0.278418987989426 43.7375364068241
4.74 0.0311928000301123 0.405925989151001 0.247426003217697 0.284033000469208 43.7732890320345
4.76 0.0128372004255652 0.404031991958618 0.253259986639023 0.289624005556107 43.7880115047905
4.78 -0.0122602004557848 0.400968998670578 0.259050011634827 0.295172989368439 43.7739754660461
4.8 -0.0323010012507439 0.401782006025314 0.26485401391983 0.300729990005493 43.7369626709338
4.82 -0.00948943011462688 0.404462993144989 0.270700007677078 0.306322008371353 43.7260753493968
4.84 -0.0609309002757072 0.400830000638962 0.27649599313736 0.311859995126724 43.6562332500388
4.86 -0.0502641014754772 0.400878995656967 0.282299995422363 0.317391991615295 43.598651340241
4.88 -0.026113199070096 0.399558991193771 0.288087993860245 0.322901010513306 43.5687419418655
4.9 -0.0419289991259575 0.402040988206863 0.293915987014771 0.328440010547638 43.520671070487
4.92 -0.0398971997201443 0.401632994413376 0.299742996692657 0.333968997001648 43.4749497841829
4.94 0.0112212998792529 0.403010010719299 0.305592000484467 0.339516013860703 43.4878417662413
4.96 0.0378424003720284 0.406497985124588 0.311488002538681 0.345113009214401 43.5311554108629
4.98 0.00810404028743505 0.401385992765427 0.317308008670807 0.350643008947372 43.5404956945529
5 0.0203179009258747 0.400189995765686 0.323109000921249 0.356157004833221 43.5637559037714
5.02 0.0252129007130861 0.400611013174057 0.328913003206253 0.361681014299393 43.5926339435822
5.04 0.0103668002411723 0.40132400393486 0.334726005792618 0.367215991020203 43.6045526236839
5.06 -0.0248435009270906 0.39970800280571 0.340516000986099 0.372727990150452 43.5760775650341
5.08 0.00554121006280184 0.399132013320923 0.346298009157181 0.378230005502701 43.5823784145435
5.1 -0.0209877006709576 0.39708599448204 0.352052003145218 0.383704006671906 43.5583702996109
5.12 -0.00549507979303598 0.402556002140045 0.357886999845505 0.389252007007599 43.5520694501015
5.14 0.000854165002238005 0.396521985530853 0.363635003566742 0.394715994596481 43.5530427520582
5.16 0.0169470999389887 0.399082988500595 0.369417995214462 0.400216996669769 43.5724678100578
5.18 0.0400360003113747 0.401535004377365 0.375234007835388 0.405753999948502 43.6183598510911
5.2 0.0309852007776499 0.397722005844116 0.380991011857986 0.411244004964828 43.6538256083564
5.22 0.0494792982935905 0.39885601401329 0.386759996414185 0.416752994060516 43.7105503294134
5.24 0.0255590993911028 0.398059010505676 0.392513006925583 0.422255992889404 43.7398279352906
5.26 0.0281913001090288 0.398092001676559 0.398263990879059 0.427762001752853 43.772141560254
5.28 0.025374399498105 0.399477005004883 0.404031991958618 0.433290988206863 43.8011903547941
5.3 0.0136916004121304 0.399762988090515 0.409801989793777 0.438825011253357 43.8168895446013
5.32 -0.00353250000625849 0.399219989776611 0.415562987327576 0.444353014230728 43.8128221669506
5.34 -0.0194405000656843 0.399643003940582 0.421332001686096 0.449885994195938 43.7905899012022
5.36 -0.0198100004345179 0.400144994258881 0.427109986543655 0.45542299747467 43.767845371266
5.38 -0.0485786013305187 0.401428014039993 0.43291100859642 0.460974007844925 43.7122100653817
5.4 -0.046408399939537 0.399985998868942 0.438695996999741 0.466499000787735 43.6590404577877
5.42 -0.0477706007659435 0.399080991744995 0.444472998380661 0.472005993127823 43.6042657557388
5.44 -0.0609081983566284 0.398817002773285 0.450251996517181 0.47750398516655 43.5344782978941
5.46 -0.0233196001499891 0.400238990783691 0.456055998802185 0.483016014099121 43.5077790884286
5.48 -0.0242892000824213 0.402249991893768 0.461892008781433 0.488552987575531 43.4799324071824
5.5 -0.00327842007391155 0.403055012226105 0.467741996049881 0.494100004434586 43.4761518974768
5.52 0.0207106005400419 0.400323003530502 0.473551005125046 0.499610006809235 43.4999312010722
5.54 0.0516956001520157 0.402186989784241 0.479382991790771 0.505150020122528 43.5591728468383
5.56 -0.0057489899918437 0.400413006544113 0.485186010599136 0.510667979717255 43.5525851293839
5.58 0.000369582005077973 0.403553992509842 0.491035997867584 0.516228973865509 43.5529846954503
5.6 -0.0141534004360437 0.402038991451263 0.49686399102211 0.521768987178802 43.5367698263607
5.62 -0.0162314996123314 0.39631000161171 0.502610981464386 0.527227997779846 43.5181507306832
5.64 -0.0146383000537753 0.398665994405746 0.508392989635468 0.532716989517212 43.5014201823113
5.66 -0.0147304004058242 0.398932009935379 0.514181971549988 0.538209021091461 43.4845188792101
5.68 0.00519519997760654 0.395716995000839 0.519923985004425 0.543654978275299 43.4904748041663
5.7 0.0142689002677798 0.397365987300873 0.525689005851746 0.549126029014587 43.5068057864718
5.72 0.0534042008221149 0.397058010101318 0.531445026397705 0.55459600687027 43.567997451246
5.74 0.0389508008956909 0.39223501086235 0.537127017974854 0.560005009174347 43.6126293223775
5.76 0.0590379014611244 0.397855013608933 0.542885005474091 0.565496981143951 43.6802960064848
5.78 0.0294614005833864 0.393570005893707 0.5485759973526 0.570935010910034 43.7140439711738
5.8 0.0425525009632111 0.395958006381989 0.554297983646393 0.576409995555878 43.762801276564
5.82 0.0260209999978542 0.396342992782593 0.560020983219147 0.581893980503082 43.7926526183315
5.84 0.0123985996469855 0.394686996936798 0.56571900844574 0.587357997894287 43.8068628268998
5.86 -0.0111979003995657 0.395238995552063 0.571424007415771 0.592828989028931 43.7940289014493
5.88 -0.0361570008099079 0.397684991359711 0.577166974544525 0.598330974578857 43.7526038041332
5.9 -0.0317931994795799 0.397123008966446 0.582906007766724 0.603821992874146 43.7161647449111
5.92 -0.0103898998349905 0.39953601360321 0.588681995868683 0.609344005584717 43.7042460648094
5.94 -0.0688503980636597 0.396041989326477 0.59441202878952 0.614812016487122 43.6253505497066
5.96 -0.0602847002446651 0.396223992109299 0.600151002407074 0.620275974273682 43.5562529409682
5.98 -0.0330860987305641 0.397727996110916 0.605917990207672 0.625756025314331 43.5183795420204
6 -0.0205952990800142 0.40005499124527 0.611720979213715 0.631263971328735 43.4947744082489
6.02 -0.0204333998262882 0.400530993938446 0.617533028125763 0.636775970458984 43.4713400292065
6.04 0.0224654003977776 0.405681014060974 0.623420000076294 0.642359972000122 43.4970659367154
6.06 0.0208491999655962 0.401037991046906 0.629236996173859 0.647881984710693 43.5209579384321
6.08 0.0287222005426884 0.400876998901367 0.635049998760223 0.653405010700226 43.5539033558937
6.1 0.00387901999056339 0.402126997709274 0.640878021717072 0.658946990966797 43.5583156580975
6.12 -0.00189336994662881 0.398106008768082 0.646647989749908 0.664433002471924 43.5561948843602
6.14 -0.00972044002264738 0.39936700463295 0.652436971664429 0.669936001300812 43.5450206948781
6.16 -0.0170628000050783 0.398597985506058 0.658215999603271 0.6754270195961 43.5254829387572
6.18 -0.0175011996179819 0.399118989706039 0.664004981517792 0.680923998355865 43.5054295033541
6.2 -0.00676512997597456 0.399722009897232 0.669803977012634 0.686426997184753 43.497694314119
6.22 -0.0170165002346039 0.398553013801575 0.675586998462677 0.69191300868988 43.4781565579982
6.24 0.0186787992715836 0.401515990495682 0.681412994861603 0.697439014911652 43.4995862765191
6.26 0.0151460999622941 0.40166100859642 0.687238991260529 0.702970027923584 43.5169452022947
6.28 0.00972044002264738 0.396362990140915 0.692987024784088 0.708428978919983 43.5280613351689
6.3 0.0449308007955551 0.399172991514206 0.69877302646637 0.713930010795593 43.5795712067946
6.32 0.0363647006452084 0.398667991161346 0.704546988010406 0.71942800283432 43.6212251154479
6.34 -0.00069269398227334 0.399307012557983 0.710328996181488 0.724937975406647 43.6204225682204
6.36 0.0101359998807311 0.401605993509293 0.716143012046814 0.730479001998901 43.632054380377
6.38 0.00748072005808353 0.400169998407364 0.721934974193573 0.736002027988434 43.6406467583529
6.4 -0.000738827977329493 0.401652991771698 0.727747976779938 0.741545975208282 43.639789569612
6.42 -0.0415364988148212 0.401895999908447 0.733568012714386 0.747090995311737 43.5921763209078
6.44 -0.0190944001078606 0.400694996118546 0.739373028278351 0.752615988254547 43.5702889797125
6.46 -0.0305924993008375 0.403735011816025 0.745225012302399 0.758179008960724 43.5352227885137
6.48 -0.0452307015657425 0.40158599615097 0.751049995422363 0.763709008693695 43.4834294640375
6.5 -0.0348409004509449 0.400474011898041 0.756864011287689 0.769218981266022 43.4434933479604
6.52 -0.00925858970731497 0.401529014110565 0.762695014476776 0.774739980697632 43.4328928943685
6.54 -0.0192559994757175 0.404350012540817 0.768567979335785 0.780299007892609 43.410834798444
6.56 0.000392480986192822 0.404282987117767 0.7744420170784 0.785856008529663 43.4112343645104
6.58 0.0281913001090288 0.404691994190216 0.78031998872757 0.791419982910156 43.4435514045683
6.6 0.042229201644659 0.403658002614975 0.786179006099701 0.796974003314972 43.4919672005
6.62 0.0250049997121096 0.4009889960289 0.791996002197266 0.802495002746582 43.520613013879
6.64 0.0137839997187257 0.400804996490479 0.797807991504669 0.808014988899231 43.5364283169022
6.66 0.0241739004850388 0.400519013404846 0.803614020347595 0.81353497505188 43.5641008283245
6.68 -0.0208953004330397 0.400249004364014 0.809414982795715 0.819050014019012 43.5401507699998
6.7 -0.0105282999575138 0.397428005933762 0.815177977085114 0.824524998664856 43.5281193917769
6.72 -0.0024242599029094 0.395770013332367 0.820917010307312 0.8299760222435 43.525312184028
6.74 0.00417905999347568 0.397953003644943 0.826686978340149 0.835457980632782 43.5301240522983
6.76 -0.041397999972105 0.393763989210129 0.832399010658264 0.840879023075104 43.4826849734179
6.78 0.0246355999261141 0.396521985530853 0.83815199136734 0.846337974071503 43.5108731641226
6.8 0.0087044695392251 0.39792001247406 0.843923985958099 0.851818025112152 43.5208998818242
6.82 0.0238508004695177 0.390498995780945 0.849584996700287 0.857196986675262 43.548230883788
6.84 0.0283298995345831 0.395087987184525 0.85531097650528 0.862643003463745 43.5806606219672
6.86 0.0214031003415585 0.398050993680954 0.861077010631561 0.868131995201111 43.6051810010876
6.88 -0.00942039955407381 0.391003012657166 0.866739988327026 0.873525023460388 43.5944097927664
6.9 -0.00244749011471868 0.397415012121201 0.872497022151947 0.879006028175354 43.5916025850176
6.92 -0.000184874996193685 0.393296003341675 0.878193974494934 0.884428977966309 43.5913737736804
6.94 -0.00914307963103056 0.391791999340057 0.883868992328644 0.889832019805908 43.5808894333044
6.96 -0.0380732007324696 0.394593000411987 0.889587998390198 0.895269989967346 43.537285505643
6.98 -0.0381656996905804 0.392610996961594 0.895282983779907 0.900677025318146 43.4935688798603
7 -0.0580911003053188 0.393777996301651 0.900999009609222 0.906094014644623 43.4269916109256
7.02 -0.0424139015376568 0.394679009914398 0.906733989715576 0.911517977714539 43.3783470036568
7.04 0.00501033011823893 0.395734012126923 0.912486970424652 0.916953980922699 43.3841355889784
7.06 -0.0268291998654604 0.394423991441727 0.918220996856689 0.922370970249176 43.3533655867674
7.08 -0.0341482013463974 0.397686988115311 0.92400598526001 0.927829027175903 43.3142354330124
7.1 0.026205699890852 0.395042985677719 0.929754018783569 0.933251023292542 43.3442575295092
7.12 0.0353027991950512 0.400195986032486 0.935572981834412 0.938745975494385 43.3847093248686
7.14 0.0323933996260166 0.397543996572495 0.941349029541016 0.94420999288559 43.4218348181023
7.16 0.0694968029856682 0.398342996835709 0.947131991386414 0.949689984321594 43.5014782389192
7.18 0.0667494982481003 0.402718007564545 0.952970027923584 0.955237984657288 43.5779661123396
7.2 0.00406339019536972 0.401542991399765 0.958787977695465 0.960774004459381 43.5826072258807
7.22 0.00835829041898251 0.401048004627228 0.964598000049591 0.966305017471313 43.5921763209078
7.24 0.00618794001638889 0.402743995189667 0.9704310297966 0.971858978271484 43.5992797176447
7.26 0.0131144002079964 0.402220994234085 0.976256012916565 0.977406978607178 43.6142924734404
7.28 -0.0106669999659061 0.400471985340118 0.982055008411407 0.982931971549988 43.6020869253935
7.3 0.0252820998430252 0.400826007127762 0.987859010696411 0.988461971282959 43.6310810784203
7.32 -0.0381425991654396 0.345329999923706 0.992860019207001 0.99322497844696 43.5873644526376
7.34 -0.0504949018359184 0.263904988765717 0.996685028076172 0.99686199426651 43.5294956748946
7.36 -0.102121002972126 0.210041999816895 0.999733984470367 0.99975198507309 43.4124979495069
7.38 -0.101244002580643 0.174973994493485 1.00227999687195 1.00215005874634 43.2964735260758
7.4 -0.0379577986896038 0.138129994273186 1.00428998470306 1.0040500164032 43.2529857116303
7.42 -0.0931861028075218 0.098003201186657 1.00572001934052 1.00539004802704 43.1461854586734
7.44 -0.0530117005109787 0.0713374987244606 1.00676000118256 1.00636994838715 43.0854514165736
7.46 -0.0236658994108438 0.0500027984380722 1.00749003887177 1.00705003738403 43.0582945844336
7.48 -0.0674420967698097 0.0279632993042469 1.00789999961853 1.00742995738983 42.9810007486912
7.5 -0.0182400997728109 0.0150880999863148 1.00811994075775 1.00764000415802 42.9601447660605
7.52 0.00108516996260732 0.00767687009647489 1.00822997093201 1.00774002075195 42.961350294449
7.54 -0.0277063995599747 0.00245202006772161 1.0082700252533 1.00776994228363 42.9296069902814
7.56 0 0 1.0082700252533 1.00776994228363 42.9296069902814
7.58 0 0 1.0082700252533 1.00776994228363 42.9296069902814
7.6 0 0 1.0082700252533 1.00776994228363 42.9296069902814
7.62 0 0 1.0082700252533 1.00776994228363 42.9296069902814
7.64 0 0 1.0082700252533 1.00776994228363 42.9296069902814
7.66 0 0 1.0082700252533 1.00776994228363 42.9296069902814
7.68 0 0 1.0082700252533 1.00776994228363 42.9296069902814
7.7 0 0 1.0082700252533 1.00776994228363 42.9296069902814
7.72 0 0 1.0082700252533 1.00776994228363 42.9296069902814
7.74 0 0 1.0082700252533 1.00776994228363 42.9296069902814
7.76 0 0 1.0082700252533 1.00776994228363 42.9296069902814
7.78 0 0 1.0082700252533 1.00776994228363 42.9296069902814
7.8 0 0 1.0082700252533 1.00776994228363 42.9296069902814
7.82 0 0 1.0082700252533 1.00776994228363 42.9296069902814
7.84 0 0 1.0082700252533 1.00776994228363 42.9296069902814
7.86 0 0 1.0082700252533 1.00776994228363 42.9296069902814
7.88 0 0 1.0082700252533 1.00776994228363 42.9296069902814
7.9 0 0 1.0082700252533 1.00776994228363 42.9296069902814
7.92 0 0 1.0082700252533 1.00776994228363 42.9296069902814
7.94 0 0 1.0082700252533 1.00776994228363 42.9296069902814
7.96 0 0 1.0082700252533 1.00776994228363 42.9296069902814
7.98 0 0 1.0082700252533 1.00776994228363 42.9296069902814
8 0 0 1.0082700252533 1.00776994228363 42.9296069902814
8.02 0 0 1.0082700252533 1.00776994228363 42.9296069902814
8.04 0 0 1.0082700252533 1.00776994228363 42.9296069902814
8.06 0 0 1.0082700252533 1.00776994228363 42.9296069902814
8.08 0 0 1.0082700252533 1.00776994228363 42.9296069902814
8.1 0 0 1.0082700252533 1.00776994228363 42.9296069902814
8.12 0 0 1.0082700252533 1.00776994228363 42.9296069902814
8.14 0 0 1.0082700252533 1.00776994228363 42.9296069902814
8.16 0 0 1.0082700252533 1.00776994228363 42.9296069902814
8.18 0 0 1.0082700252533 1.00776994228363 42.9296069902814
8.2 0 0 1.0082700252533 1.00776994228363 42.9296069902814
8.22 0 0 1.0082700252533 1.00776994228363 42.9296069902814
8.24 0 0 1.0082700252533 1.00776994228363 42.9296069902814
8.26 0 0 1.0082700252533 1.00776994228363 42.9296069902814
8.28 0 0 1.0082700252533 1.00776994228363 42.9296069902814
8.3 0 0 1.0082700252533 1.00776994228363 42.9296069902814
8.32 0 0 1.0082700252533 1.00776994228363 42.9296069902814
8.34 0 0 1.0082700252533 1.00776994228363 42.9296069902814
8.36 0 0 1.0082700252533 1.00776994228363 42.9296069902814
8.38 0 0 1.0082700252533 1.00776994228363 42.9296069902814
8.4 0 0 1.0082700252533 1.00776994228363 42.9296069902814
8.42 0 0 1.0082700252533 1.00776994228363 42.9296069902814
8.44 0 0 1.0082700252533 1.00776994228363 42.9296069902814
8.46 0 0 1.0082700252533 1.00776994228363 42.9296069902814
8.48 0 0 1.0082700252533 1.00776994228363 42.9296069902814
8.5 0 0 1.0082700252533 1.00776994228363 42.9296069902814
8.52 0 0 1.0082700252533 1.00776994228363 42.9296069902814
8.54 0 0 1.0082700252533 1.00776994228363 42.9296069902814
8.56 0 0 1.0082700252533 1.00776994228363 42.9296069902814
8.58 0 0 1.0082700252533 1.00776994228363 42.9296069902814
8.6 0 0 1.0082700252533 1.00776994228363 42.9296069902814
8.62 0 0 1.0082700252533 1.00776994228363 42.9296069902814
8.64 0 0 1.0082700252533 1.00776994228363 42.9296069902814
8.66 0 0 1.0082700252533 1.00776994228363 42.9296069902814
8.68 0 0 1.0082700252533 1.00776994228363 42.9296069902814
8.7 0 0 1.0082700252533 1.00776994228363 42.9296069902814
8.72 0 0 1.0082700252533 1.00776994228363 42.9296069902814
8.74 0 0 1.0082700252533 1.00776994228363 42.9296069902814
8.76 0 0 1.0082700252533 1.00776994228363 42.9296069902814
8.78 0 0 1.0082700252533 1.00776994228363 42.9296069902814
8.8 0 0 1.0082700252533 1.00776994228363 42.9296069902814
8.82 0 0 1.0082700252533 1.00776994228363 42.9296069902814
8.84 0 0 1.0082700252533 1.00776994228363 42.9296069902814
8.86 0 0 1.0082700252533 1.00776994228363 42.9296069902814
8.88 0 0 1.0082700252533 1.00776994228363 42.9296069902814
8.9 0 0 1.0082700252533 1.00776994228363 42.9296069902814
8.92 0 0 1.0082700252533 1.00776994228363 42.9296069902814
8.94 0 0 1.0082700252533 1.00776994228363 42.9296069902814
8.96 0 0 1.0082700252533 1.00776994228363 42.9296069902814
8.98 0 0 1.0082700252533 1.00776994228363 42.9296069902814
9 0 0 1.0082700252533 1.00776994228363 42.9296069902814
9.02 0 0 1.0082700252533 1.00776994228363 42.9296069902814
9.04 0 0 1.0082700252533 1.00776994228363 42.9296069902814
9.06 0 0 1.0082700252533 1.00776994228363 42.9296069902814
9.08 0 0 1.0082700252533 1.00776994228363 42.9296069902814
9.1 0 0 1.0082700252533 1.00776994228363 42.9296069902814
9.12 0 0 1.0082700252533 1.00776994228363 42.9296069902814
9.14 0 0 1.0082700252533 1.00776994228363 42.9296069902814
9.16 0 0 1.0082700252533 1.00776994228363 42.9296069902814
9.18 0 0 1.0082700252533 1.00776994228363 42.9296069902814
9.2 0 0 1.0082700252533 1.00776994228363 42.9296069902814
9.22 0 0 1.0082700252533 1.00776994228363 42.9296069902814
9.24 0 0 1.0082700252533 1.00776994228363 42.9296069902814
9.26 0 0 1.0082700252533 1.00776994228363 42.9296069902814
9.28 0 0 1.0082700252533 1.00776994228363 42.9296069902814
9.3 0 0 1.0082700252533 1.00776994228363 42.9296069902814
9.32 0 0 1.0082700252533 1.00776994228363 42.9296069902814
9.34 0 0 1.0082700252533 1.00776994228363 42.9296069902814
9.36 0 0 1.0082700252533 1.00776994228363 42.9296069902814
9.38 0 0 1.0082700252533 1.00776994228363 42.9296069902814
9.4 0 0 1.0082700252533 1.00776994228363 42.9296069902814
9.42 0 0 1.0082700252533 1.00776994228363 42.9296069902814
9.44 0 0 1.0082700252533 1.00776994228363 42.9296069902814
9.46 0 0 1.0082700252533 1.00776994228363 42.9296069902814
9.48 0 0 1.0082700252533 1.00776994228363 42.9296069902814
9.5 0 0 1.0082700252533 1.00776994228363 42.9296069902814
9.52 0 0 1.0082700252533 1.00776994228363 42.9296069902814
9.54 0 0 1.0082700252533 1.00776994228363 42.9296069902814
9.56 0 0 1.0082700252533 1.00776994228363 42.9296069902814
9.58 0 0 1.0082700252533 1.00776994228363 42.9296069902814
9.6 0 0 1.0082700252533 1.00776994228363 42.9296069902814
9.62 0 0 1.0082700252533 1.00776994228363 42.9296069902814
9.64 0 0 1.0082700252533 1.00776994228363 42.9296069902814
9.66 0 0 1.0082700252533 1.00776994228363 42.9296069902814
9.68 0 0 1.0082700252533 1.00776994228363 42.9296069902814
9.7 0 0 1.0082700252533 1.00776994228363 42.9296069902814
9.72 0 0 1.0082700252533 1.00776994228363 42.9296069902814
9.74 0 0 1.0082700252533 1.00776994228363 42.9296069902814
9.76 0 0 1.0082700252533 1.00776994228363 42.9296069902814
9.78 0 0 1.0082700252533 1.00776994228363 42.9296069902814
9.8 0 0 1.0082700252533 1.00776994228363 42.9296069902814
9.82 0 0 1.0082700252533 1.00776994228363 42.9296069902814
9.84 0 0 1.0082700252533 1.00776994228363 42.9296069902814
9.86 0 0 1.0082700252533 1.00776994228363 42.9296069902814
9.88 0 0 1.0082700252533 1.00776994228363 42.9296069902814
9.9 0 0 1.0082700252533 1.00776994228363 42.9296069902814
9.92 0 0 1.0082700252533 1.00776994228363 42.9296069902814
9.94 0 0 1.0082700252533 1.00776994228363 42.9296069902814
9.96 0 0 1.0082700252533 1.00776994228363 42.9296069902814
9.98 0 0 1.0082700252533 1.00776994228363 42.9296069902814
10 0 0 1.0082700252533 1.00776994228363 42.9296069902814
10.02 0 0 1.0082700252533 1.00776994228363 42.9296069902814
10.04 0 0 1.0082700252533 1.00776994228363 42.9296069902814
10.06 0 0 1.0082700252533 1.00776994228363 42.9296069902814
10.08 0 0 1.0082700252533 1.00776994228363 42.9296069902814
10.1 0 0 1.0082700252533 1.00776994228363 42.9296069902814
10.12 0 0 1.0082700252533 1.00776994228363 42.9296069902814
10.14 0 0 1.0082700252533 1.00776994228363 42.9296069902814
10.16 0 0 1.0082700252533 1.00776994228363 42.9296069902814
10.18 0 0 1.0082700252533 1.00776994228363 42.9296069902814
10.2 0 0 1.0082700252533 1.00776994228363 42.9296069902814
10.22 0 0 1.0082700252533 1.00776994228363 42.9296069902814
10.24 0 0 1.0082700252533 1.00776994228363 42.9296069902814
10.26 0 0 1.0082700252533 1.00776994228363 42.9296069902814
10.28 0 0 1.0082700252533 1.00776994228363 42.9296069902814
10.3 0 0 1.0082700252533 1.00776994228363 42.9296069902814
10.32 0 0 1.0082700252533 1.00776994228363 42.9296069902814
10.34 0 0 1.0082700252533 1.00776994228363 42.9296069902814
10.36 0 0 1.0082700252533 1.00776994228363 42.9296069902814
10.38 0 0 1.0082700252533 1.00776994228363 42.9296069902814
10.4 0 0 1.0082700252533 1.00776994228363 42.9296069902814
10.42 0 0 1.0082700252533 1.00776994228363 42.9296069902814
10.44 0 0 1.0082700252533 1.00776994228363 42.9296069902814
10.46 0 0 1.0082700252533 1.00776994228363 42.9296069902814
10.48 0 0 1.0082700252533 1.00776994228363 42.9296069902814
10.5 0 0 1.0082700252533 1.00776994228363 42.9296069902814
10.52 0 0 1.0082700252533 1.00776994228363 42.9296069902814
10.54 0 0 1.0082700252533 1.00776994228363 42.9296069902814
10.56 0 0 1.0082700252533 1.00776994228363 42.9296069902814
10.58 0 0 1.0082700252533 1.00776994228363 42.9296069902814
10.6 0 0 1.0082700252533 1.00776994228363 42.9296069902814
10.62 0 0 1.0082700252533 1.00776994228363 42.9296069902814
10.64 0 0 1.0082700252533 1.00776994228363 42.9296069902814
10.66 0 0 1.0082700252533 1.00776994228363 42.9296069902814
10.68 0 0 1.0082700252533 1.00776994228363 42.9296069902814
10.7 0 0 1.0082700252533 1.00776994228363 42.9296069902814
10.72 0 0 1.0082700252533 1.00776994228363 42.9296069902814
10.74 0 0 1.0082700252533 1.00776994228363 42.9296069902814
10.76 0 0 1.0082700252533 1.00776994228363 42.9296069902814
10.78 0 0 1.0082700252533 1.00776994228363 42.9296069902814
