0 0 0 0 0
0.02 0 0 0 0
0.04 0 0 0 0
0.06 0 0 0 0
0.08 0 0 0 0
0.1 0 0 0 0
0.12 0 0 0 0
0.14 0 0 0 0
0.16 0 0 0 0
0.18 0 0 0 0
0.2 0 0 0 0
0.22 0 0 0 0
0.24 0 0 0 0
0.26 0 0 0 0
0.28 0 0 0 0
0.3 0 0 0 0
0.32 0 0 0 0
0.34 0 0 0 0
0.36 0 0 0 0
0.38 0 0 0 0
0.4 0 0 0 0
0.42 0 0 0 0
0.44 0 0 0 0
0.46 0 0 0 0
0.48 0 0 0 0
0.5 0 0 0 0
0.52 0 0 0 0
0.54 0 0 0 0
0.56 0 0 0 0
0.58 0 0 0 0
0.6 0 0 0 0
0.62 0 0 0 0
0.64 0 0 0 0
0.66 0 0 0 0
0.68 0 0 0 0
0.7 0 0 0 0
0.72 0 0 0 0
0.74 0 0 0 0
0.76 0 0 0 0
0.78 0 0 0 0
0.8 0 0 0 0
0.82 0 0 0 0
0.84 0 0 0 0
0.86 0 0 0 0
0.88 0 0 0 0
0.9 0 0 0 0
0.92 0 0 0 0
0.94 0 0 0 0
0.96 0 0 0 0
0.98 0 0 0 0
1 0 0 0 0
1.02 0 0 0 0
1.04 0 0 0 0
1.06 0 0 0 0
1.08 0 0 0 0
1.1 0 0 0 0
1.12 0 0 0 0
1.14 0 0 0 0
1.16 0 0 0 0
1.18 0 0 0 0
1.2 0 0 0 0
1.22 0 0 0 0
1.24 0 0 0 0
1.26 0 0 0 0
1.28 0 0 0 0
1.3 0 0 0 0
1.32 0 0 0 0
1.34 0 0 0 0
1.36 0 0 0 0
1.38 0 0 0 0
1.4 0 0 0 0
1.42 0 0 0 0
1.44 0 0 0 0
1.46 0 0 0 0
1.48 0 0 0 0
1.5 0 0 0 0
1.52 0 0 0 0
1.54 0 0 0 0
1.56 0 0 0 0
1.58 0 0 0 0
1.6 0 0 0 0
1.62 0 0 0 0
1.64 0 0 0 0
1.66 0 0 0 0
1.68 0 0 0 0
1.7 0 0 0 0
1.72 0 0 0 0
1.74 0 0 0 0
1.76 0 0 0 0
1.78 0 0 0 0
1.8 0 0 0 0
1.82 0 0 0 0
1.84 0 0 0 0
1.86 0 0 0 0
1.88 0 0 0 0
1.9 0 0 0 0
1.92 0 0 0 0
1.94 0 0 0 0
1.96 0 0 0 0
1.98 0 0 0 0
2 0 0 0 0
2.02 0 0 0 0
2.04 0 0 0 0
2.06 0 0 0 0
2.08 0 0 0 0
2.1 0 0 0 0
2.12 0 0 0 0
2.14 0 0 0 0
2.16 0 0 0 0
2.18 0 0 0 0
2.2 0 0 0 0
2.22 0 0 0 0
2.24 0 0 0 0
2.26 0 0 0 0
2.28 0 0 0 0
2.3 0 0 0 0
2.32 0 0 0 0
2.34 0 0 0 0
2.36 0 0 0 0
2.38 0 0 0 0
2.4 0 0 0 0
2.42 0 0 0 0
2.44 0 0 0 0
2.46 0 0 0 0
2.48 0 0 0 0
2.5 0 0 0 0
2.52 0 0 0 0
2.54 0 0 0 0
2.56 0 0 0 0
2.58 0 0 0 0
2.6 0 0 0 0
2.62 0 0 0 0
2.64 0 0 0 0
2.66 0 0 0 0
2.68 0 0 0 0
2.7 0 0 0 0
2.72 0 0 0 0
2.74 0 0 0 0
2.76 0 0 0 0
2.78 0 0 0 0
2.8 0 0 0 0
2.82 0 0 0 0
2.84 0 0 0 0
2.86 0 0 0 0
2.88 0 0 0 0
2.9 0 0 0 0
2.92 0 0 0 0
2.94 0 0 0 0
2.96 0 0 0 0
2.98 0 0 0 0
3 0 0 0 0
3.02 0 0 0 0
3.04 0 0 0 0
3.06 0 0 0 0
3.08 0 0 0 0
3.1 0 0 0 0
3.12 0 0 0 0
3.14 0 0 0 0
3.16 0 0 0 0
3.18 0 0 0 0
3.2 0 0 0 0
3.22 0 0 0 0
3.24 0 0 0 0
3.26 0 0 0 0
3.28 0 0 0 0
3.3 0 0 0 0
3.32 0 0 0 0
3.34 0 0 0 0
3.36 0 0 0 0
3.38 0 0 0 0
3.4 0 0 0 0
3.42 0 0 0 0
3.44 0 0 0 0
3.46 0 0 0 0
3.48 0 0 0 0
3.5 3.33119988441467 3.33119988441467 0 0
3.52 3.51085996627808 3.64345002174377 0.724566996097565 1.69551002979279
3.54 3.58488988876343 3.6768000125885 3.38245010375977 3.90926003456116
3.56 3.66051006317139 3.73203992843628 5.47981977462769 5.77810001373291
3.58 3.70949006080627 3.81253004074097 7.07644987106323 7.56062984466553
3.6 3.77730989456177 3.86231994628906 8.65758037567139 8.93684005737305
3.62 3.83510994911194 3.94408988952637 9.76651000976563 10.1792001724243
3.64 3.87103009223938 3.94602990150452 11.2930002212524 11.394700050354
3.66 3.93142008781433 4.00082015991211 12.2026996612549 12.2481002807617
3.68 4.00720977783203 4.05866003036499 12.9531002044678 12.8601999282837
3.7 4.04974985122681 4.1431999206543 13.3950004577637 13.6236000061035
3.72 4.08854007720947 4.15381002426147 14.3116998672485 14.299599647522
3.74 4.11143016815186 4.19490003585815 14.8673000335693 14.9902000427246
3.76 4.16569995880127 4.25292015075684 15.2151002883911 15.3471002578735
3.78 4.19018983840942 4.26793003082275 15.8255996704102 15.8683004379272
3.8 4.20095014572144 4.28806018829346 16.3066005706787 16.4115009307861
3.82 4.21614980697632 4.3078498840332 16.7178001403809 16.8404998779297
3.84 4.25534009933472 4.33740997314453 16.9955005645752 17.0291996002197
3.86 4.25352001190186 4.38166999816895 17.1236991882324 17.4897994995117
3.88 4.27483987808228 4.40455007553101 17.3892993927002 17.7115993499756
3.9 4.28631019592285 4.42979001998901 17.5974998474121 17.9720993041992
3.92 4.30712985992432 4.45127010345459 17.8019008636475 18.125
3.94 4.3028302192688 4.45881986618042 18.0774993896484 18.4388008117676
3.96 4.30687999725342 4.44916009902954 18.4377002716064 18.6441993713379
3.98 4.30563020706177 4.44578981399536 18.6975994110107 18.857400894165
4 4.31877994537354 4.46275997161865 18.7695007324219 18.9332008361816
4.02 4.32347011566162 4.48485994338989 18.7928009033203 19.0594005584717
4.04 4.32134008407593 4.47804021835327 19.0244998931885 19.2166996002197
4.06 4.35277986526489 4.51420021057129 18.9066009521484 19.1044006347656
4.08 4.34494018554688 4.52034997940063 19.0261993408203 19.2966003417969
4.1 4.36812019348145 4.50598001480103 19.2780990600586 19.2327003479004
4.12 4.35072994232178 4.49583005905151 19.4610004425049 19.4755992889404
4.14 4.36838006973267 4.50173997879028 19.4990005493164 19.4253005981445
4.16 4.36841011047363 4.5069899559021 19.5359992980957 19.5116004943848
4.18 4.36615991592407 4.50365018844604 19.6303005218506 19.6016006469727
4.2 4.35200023651123 4.5138201713562 19.611499786377 19.7653007507324
4.22 4.34975004196167 4.51897001266479 19.6322994232178 19.8171005249023
4.24 4.35124015808105 4.52999019622803 19.6068992614746 19.8337993621826
4.26 4.35285997390747 4.53164005279541 19.6539993286133 19.8469009399414
4.28 4.35765981674194 4.51452016830444 19.8313999176025 19.8348007202148
4.3 4.3499698638916 4.5214900970459 19.8057994842529 19.9160003662109
4.32 4.33605003356934 4.49137020111084 20.0555992126465 20.0305995941162
4.34 4.34503984451294 4.50015020370483 19.9829006195068 19.9601001739502
4.36 4.35659980773926 4.52682018280029 19.7901992797852 19.8813991546631
4.38 4.38741016387939 4.54719018936157 19.672700881958 19.6737003326416
4.4 4.37749004364014 4.54617023468018 19.7294006347656 19.7954998016357
4.42 4.36331987380981 4.5037899017334 20.0804996490479 19.9300994873047
4.44 4.36038017272949 4.51971006393433 19.9517993927002 19.9620990753174
4.46 4.35992002487183 4.51070976257324 20.0249996185303 19.9712009429932
4.48 4.36216020584106 4.51362991333008 19.9997997283936 19.9591007232666
4.5 4.35013008117676 4.51003980636597 20.0261001586914 20.0534000396729
4.52 4.33375978469849 4.50390005111694 20.0671005249023 20.1651992797852
4.54 4.32107019424438 4.5039701461792 20.0564994812012 20.2332992553711
4.56 4.31258010864258 4.49841022491455 20.0886993408203 20.2602996826172
4.58 4.32704019546509 4.48951005935669 20.1404991149902 20.1152992248535
4.6 4.31491994857788 4.46459007263184 20.3019008636475 20.1867008209229
4.62 4.29195022583008 4.44706010818481 20.3847999572754 20.3267993927002
4.64 4.30188989639282 4.46959018707275 20.1618995666504 20.2047004699707
4.66 4.30216979980469 4.48094987869263 20.0543003082275 20.1718997955322
4.68 4.30659008026123 4.488609790802 19.9901008605957 20.1135997772217
4.7 4.31710004806519 4.47892999649048 20.0624008178711 20.0195999145508
4.72 4.32703018188477 4.49870014190674 19.9081993103027 19.9438991546631
4.74 4.32058000564575 4.47514009475708 20.0946006774902 19.9995994567871
4.76 4.32625007629395 4.48173999786377 20.0319995880127 19.9580993652344
4.78 4.32878017425537 4.48613977432251 19.9950008392334 19.9458999633789
4.8 4.32424020767212 4.49666023254395 19.9186992645264 19.9873008728027
4.82 4.3329701423645 4.50820016860962 19.8465003967285 19.9253005981445
4.84 4.32247018814087 4.50403022766113 19.9001007080078 20.0133991241455
4.86 4.31467008590698 4.48796987533569 20.0326995849609 20.0685005187988
4.88 4.30438995361328 4.48397016525269 20.0571002960205 20.1334991455078
4.9 4.32352018356323 4.48247003555298 20.0594997406006 19.9733009338379
4.92 4.3083701133728 4.47802019119263 20.0830993652344 20.0881996154785
4.94 4.2862401008606 4.46541023254395 20.1629009246826 20.2369995117188
4.96 4.30509996414185 4.45408010482788 20.221399307251 20.0631999969482
4.98 4.31183004379272 4.48138999938965 19.9881000518799 20.0044002532959
5 4.30445003509521 4.47595977783203 20.0296001434326 20.0578002929688
5.02 4.30980014801025 4.47596979141235 20.0251007080078 20.0098991394043
5.04 4.32770013809204 4.4909200668335 19.9118995666504 19.8773002624512
5.06 4.3219199180603 4.4646201133728 20.1177005767822 19.9381999969482
5.08 4.3221001625061 4.47512006759644 20.023099899292 19.9461994171143
5.1 4.32116985321045 4.48145008087158 19.9733009338379 19.9610996246338
5.12 4.31430006027222 4.50044012069702 19.8381996154785 20.0172004699707
5.14 4.31185007095337 4.49029016494751 19.9368991851807 20.032600402832
5.16 4.31329011917114 4.48647022247314 19.9743003845215 20.0170993804932
5.18 4.32452011108398 4.49782991409302 19.8950996398926 19.932300567627
5.2 4.32004022598267 4.48853015899658 19.9789009094238 19.9752998352051
5.22 4.32155990600586 4.47493982315063 20.0816993713379 19.9678993225098
5.24 4.29427003860474 4.4505500793457 20.2479991912842 20.1725997924805
5.26 4.29416990280151 4.4650502204895 20.1044998168945 20.1473007202148
5.28 4.29987001419067 4.47307014465332 20.0300006866455 20.0834007263184
5.3 4.30635976791382 4.4871997833252 19.9220008850098 20.0233001708984
5.32 4.31599998474121 4.49983978271484 19.8411998748779 19.9491996765137
5.34 4.32144021987915 4.47661018371582 20.0352001190186 19.9169998168945
5.36 4.31931018829346 4.45761013031006 20.1690006256104 19.9451007843018
5.38 4.32789993286133 4.43681001663208 20.2959003448486 19.8904991149902
5.4 4.30584001541138 4.44273996353149 20.2078990936279 20.0685005187988
5.42 4.29034996032715 4.44633007049561 20.1504001617432 20.1716003417969
5.44 4.30167007446289 4.45199012756348 20.0862998962402 20.0629005432129
5.46 4.30390977859497 4.46924018859863 19.94700050354 20.0370006561279
5.48 4.3004298210144 4.45830011367798 20.0351009368896 20.0569000244141
5.5 4.30204010009766 4.46017980575562 20.0160007476807 20.036600112915
5.52 4.30834007263184 4.45503997802734 20.0513000488281 19.984899520874
5.54 4.3067798614502 4.45285987854004 20.0594997406006 19.9986000061035
5.56 4.29247999191284 4.43685007095337 20.1678009033203 20.1035003662109
5.58 4.31023979187012 4.44776010513306 20.0625991821289 19.9578990936279
5.6 4.29744005203247 4.46284008026123 19.942699432373 20.0580005645752
5.62 4.31261014938354 4.45483016967773 20.0100002288818 19.9381999969482
5.64 4.32694005966187 4.46250009536743 19.9524002075195 19.8425998687744
5.66 4.34044981002808 4.43900012969971 20.1315994262695 19.7672996520996
5.68 4.32599020004272 4.44278001785278 20.0841007232666 19.9081993103027
5.7 4.3128399848938 4.42765998840332 20.1821994781494 20.0184001922607
5.72 4.32344007492065 4.45085000991821 19.984899520874 19.9379005432129
5.74 4.31192016601563 4.45925998687744 19.9256000518799 20.0316009521484
5.76 4.31324005126953 4.45515012741089 19.9668998718262 20.0172004699707
5.78 4.31820011138916 4.47354984283447 19.8372001647949 19.9783000946045
5.8 4.31774997711182 4.4696798324585 19.8899993896484 19.984899520874
5.82 4.32297992706299 4.46139001846313 19.9673004150391 19.9489002227783
5.84 4.33459997177124 4.45909023284912 19.9890003204346 19.8715000152588
5.86 4.33208990097046 4.44832992553711 20.0694999694824 19.909200668335
5.88 4.33169984817505 4.4484601020813 20.0580997467041 19.9256992340088
5.9 4.32907009124756 4.46025991439819 19.9629001617432 19.9561004638672
5.92 4.34181022644043 4.46975994110107 19.8988990783691 19.869499206543
5.94 4.36611986160278 4.47001981735229 19.9335994720459 19.744499206543
5.96 4.35540008544922 4.45845985412598 20.0282001495361 19.861499786377
5.98 4.36455011367798 4.47254991531372 19.9207992553711 19.815299987793
6 4.36537981033325 4.46198987960815 20.0100002288818 19.8370990753174
6.02 4.35313987731934 4.46205997467041 20.007999420166 19.9512004852295
6.04 4.34891986846924 4.48169994354248 19.863000869751 19.9895000457764
6.06 4.37180995941162 4.49338006973267 19.7980995178223 19.8234004974365
6.08 4.35395002365112 4.48471021652222 19.8920001983643 19.9808006286621
6.1 4.34873008728027 4.48124980926514 19.9335994720459 20.021900177002
6.12 4.35876989364624 4.47709989547729 19.9740009307861 19.9451007843018
6.14 4.36749982833862 4.48079013824463 19.9508991241455 19.8894004821777
6.16 4.36939001083374 4.49150991439819 19.8798007965088 19.8922996520996
6.18 4.35786008834839 4.49619007110596 19.8635997772217 19.9929008483887
6.2 4.35162019729614 4.4647102355957 20.1147003173828 20.0396003723145
6.22 4.37862014770508 4.48786020278931 19.9277992248535 19.8360004425049
6.24 4.37971019744873 4.50040006637573 19.8469009399414 19.8526992797852
6.26 4.38179016113281 4.48716020584106 19.9668998718262 19.8596000671387
6.28 4.37109994888306 4.45860004425049 20.1809997558594 19.9591007232666
6.3 4.35313987731934 4.44752979278564 20.2348003387451 20.096700668335
6.32 4.3535099029541 4.44008016586304 20.2541007995605 20.0793991088867
6.34 4.3351001739502 4.44120979309082 20.1518001556396 20.1643009185791
6.36 4.35218000411987 4.44664001464844 20.0891990661621 20.0144996643066
6.38 4.35451984405518 4.44530010223389 20.0855007171631 19.9951992034912
6.4 4.339439868927 4.42738008499146 20.2038993835449 20.1063003540039
6.42 4.33065986633301 4.40838003158569 20.3122997283936 20.1546001434326
6.44 4.31269979476929 4.41296005249023 20.2318000793457 20.2628993988037
6.46 4.32280015945435 4.43216991424561 20.0562000274658 20.149299621582
6.48 4.33856010437012 4.44247007369995 19.9722995758057 20.0114002227783
6.5 4.33495998382568 4.43556022644043 20.027099609375 20.0361003875732
6.52 4.3408899307251 4.4237699508667 20.1093997955322 19.9873008728027
6.54 4.34443998336792 4.42763996124268 20.0645008087158 19.9631996154785
6.56 4.35105991363525 4.41070985794067 20.1788005828857 19.9202003479004
6.58 4.35176992416382 4.42747020721436 20.0291996002197 19.9270000457764
6.6 4.34603977203369 4.45524978637695 19.8213005065918 19.9799995422363
6.62 4.34572982788086 4.43891000747681 19.9678993225098 19.9853000640869
6.64 4.34184980392456 4.4446702003479 19.9305000305176 20.0158996582031
6.66 4.33718013763428 4.43812990188599 19.988899230957 20.047700881958
6.68 4.34317016601563 4.43685007095337 19.9999008178711 19.9967002868652
6.7 4.33523988723755 4.44834995269775 19.9157009124756 20.0552997589111
6.72 4.34626007080078 4.42167997360229 20.1236991882324 19.9661998748779
6.74 4.33077001571655 4.42335987091064 20.0928001403809 20.0846996307373
6.76 4.31777000427246 4.41699981689453 20.1254005432129 20.167200088501
6.78 4.33273983001709 4.4345498085022 19.9780006408691 20.0324001312256
6.8 4.32402992248535 4.41682004928589 20.1110992431641 20.0912990570068
6.82 4.33495998382568 4.420569896698 20.0669994354248 19.9974994659424
6.84 4.33861017227173 4.41312980651855 20.111400604248 19.9712009429932
6.86 4.34165000915527 4.40505981445313 20.1536998748779 19.9531993865967
6.88 4.35067987442017 4.41230010986328 20.077600479126 19.894100189209
6.9 4.33795022964478 4.3980598449707 20.1700992584229 20.0032997131348
6.92 4.32662010192871 4.40713977813721 20.0779991149902 20.0858001708984
6.94 4.32475996017456 4.4057297706604 20.0765991210938 20.0865001678467
6.96 4.33309984207153 4.41791009902954 19.9759006500244 20.0123996734619
6.98 4.3429799079895 4.43589019775391 19.847900390625 19.9381999969482
7 4.33683013916016 4.4139199256897 20.0316009521484 19.9925003051758
7.02 4.34440994262695 4.41978979110718 19.9839000701904 19.9381999969482
7.04 4.36010980606079 4.41968011856079 19.9871006011963 19.8325004577637
7.06 4.34275007247925 4.41295003890991 20.0382995605469 19.9848003387451
7.08 4.33304023742676 4.4113597869873 20.0442008972168 20.0582008361816
7.1 4.35204982757568 4.42402982711792 19.9447002410889 19.9102001190186
7.12 4.34926986694336 4.45278978347778 19.7425003051758 19.9442005157471
7.14 4.36089992523193 4.44617986679077 19.8297004699707 19.8673992156982
7.16 4.36926984786987 4.43498992919922 19.9372005462646 19.826000213623
7.18 4.36012983322144 4.42487001419067 20.0070991516113 19.9272003173828
7.2 4.36965990066528 4.44027996063232 19.8931999206543 19.8684005737305
7.22 4.35741996765137 4.4443998336792 19.8791007995605 19.9778995513916
7.24 4.36082983016968 4.44013977050781 19.9284992218018 19.9563007354736
7.26 4.35914993286133 4.43554019927979 19.972900390625 19.9752006530762
7.28 4.35270977020264 4.43397998809814 19.9883995056152 20.0259990692139
7.3 4.35868978500366 4.44672012329102 19.896900177002 19.9783000946045
7.32 4.38356018066406 4.44693994522095 19.9108009338379 19.7994995117188
7.34 4.36491012573242 4.45051002502441 19.898099899292 19.9661998748779
7.36 4.37461996078491 4.4542498588562 19.8859996795654 19.9001998901367
7.38 4.38074016571045 4.45713996887207 19.8819999694824 19.8703994750977
7.4 4.35453987121582 4.44126987457275 20.0160007476807 20.0818004608154
7.42 4.36053991317749 4.44982004165649 19.951000213623 20.0254993438721
7.44 4.37751007080078 4.47489976882935 19.7747001647949 19.8973999023438
7.46 4.37323999404907 4.45698976516724 19.9398002624512 19.9442005157471
7.48 4.37220001220703 4.43345022201538 20.1212005615234 19.9601001739502
7.5 4.3831000328064 4.43281984329224 20.1075992584229 19.8864002227783
7.52 4.37536001205444 4.43471002578735 20.077600479126 19.9601001739502
7.54 4.35041999816895 4.40322017669678 20.2964992523193 20.1487007141113
7.56 4.34511995315552 4.4197998046875 20.1303997039795 20.1651992797852
7.58 4.33374977111816 4.43103981018066 20.0226001739502 20.2033004760742
7.6 4.34542989730835 4.41196012496948 20.158899307251 20.0872001647949
7.62 4.35018014907837 4.41287994384766 20.1282997131348 20.0393009185791
7.64 4.32405996322632 4.39570999145508 20.2346992492676 20.2245998382568
7.66 4.33989000320435 4.39808988571167 20.181999206543 20.0748996734619
7.68 4.34784984588623 4.44007015228271 19.8472003936768 20.0053005218506
7.7 4.35149002075195 4.42726993560791 19.9638996124268 19.9778995513916
7.72 4.36674976348877 4.43824005126953 19.8889999389648 19.869499206543
7.74 4.36954021453857 4.43806982040405 19.9069004058838 19.8686008453369
7.76 4.35192012786865 4.38700008392334 20.294900894165 20.0174007415771
7.78 4.34227991104126 4.40630006790161 20.1091995239258 20.0853996276855
7.8 4.35283994674683 4.41368007659912 20.0387001037598 19.9951992034912
7.82 4.35719013214111 4.42283010482788 19.9659004211426 19.9640998840332
7.84 4.35591983795166 4.4336199760437 19.8920001983643 19.9787998199463
7.86 4.35450983047485 4.43010997772217 19.9339008331299 19.9923000335693
7.88 4.3407301902771 4.42649984359741 19.9703006744385 20.0944004058838
7.9 4.33906984329224 4.41784000396729 20.038200378418 20.092399597168
7.92 4.35481023788452 4.42634010314941 19.9701995849609 19.9631996154785
7.94 4.33042001724243 4.42900991439819 19.9552001953125 20.1473007202148
7.96 4.32726001739502 4.4243597984314 19.9958992004395 20.1483001708984
7.98 4.35018014907837 4.43146991729736 19.9444999694824 19.9580993652344
