0 0 0 0 0
0.02 0 0 0 0
0.04 0 0 0 0
0.06 0 0 0 0
0.08 0 0 0 0
0.1 0 0 0 0
0.12 0 0 0 0
0.14 0 0 0 0
0.16 0 0 0 0
0.18 0 0 0 0
0.2 0 0 0 0
0.22 0 0 0 0
0.24 0 0 0 0
0.26 0 0 0 0
0.28 0 0 0 0
0.3 0 0 0 0
0.32 0 0 0 0
0.34 0 0 0 0
0.36 0 0 0 0
0.38 0 0 0 0
0.4 0 0 0 0
0.42 0 0 0 0
0.44 0 0 0 0
0.46 0 0 0 0
0.48 0 0 0 0
0.5 0 0 0 0
0.52 0 0 0 0
0.54 0 0 0 0
0.56 0 0 0 0
0.58 0 0 0 0
0.6 0 0 0 0
0.62 0 0 0 0
0.64 0 0 0 0
0.66 0 0 0 0
0.68 0 0 0 0
0.7 0 0 0 0
0.72 0 0 0 0
0.74 0 0 0 0
0.76 0 0 0 0
0.78 0 0 0 0
0.8 0 0 0 0
0.82 0 0 0 0
0.84 0 0 0 0
0.86 0 0 0 0
0.88 0 0 0 0
0.9 0 0 0 0
0.92 0 0 0 0
0.94 0 0 0 0
0.96 0 0 0 0
0.98 0 0 0 0
1 0 0 0 0
1.02 0 0 0 0
1.04 0 0 0 0
1.06 0 0 0 0
1.08 0 0 0 0
1.1 0 0 0 0
1.12 0 0 0 0
1.14 0 0 0 0
1.16 0 0 0 0
1.18 0 0 0 0
1.2 0 0 0 0
1.22 0 0 0 0
1.24 0 0 0 0
1.26 0 0 0 0
1.28 0 0 0 0
1.3 0 0 0 0
1.32 0 0 0 0
1.34 0 0 0 0
1.36 0 0 0 0
1.38 0 0 0 0
1.4 0 0 0 0
1.42 0 0 0 0
1.44 0 0 0 0
1.46 0 0 0 0
1.48 0 0 0 0
1.5 0 0 0 0
1.52 0 0 0 0
1.54 0 0 0 0
1.56 0 0 0 0
1.58 0 0 0 0
1.6 0 0 0 0
1.62 0 0 0 0
1.64 0 0 0 0
1.66 0 0 0 0
1.68 0 0 0 0
1.7 0 0 0 0
1.72 0 0 0 0
1.74 0 0 0 0
1.76 0 0 0 0
1.78 0 0 0 0
1.8 0 0 0 0
1.82 0 0 0 0
1.84 0 0 0 0
1.86 0 0 0 0
1.88 0 0 0 0
1.9 0 0 0 0
1.92 0 0 0 0
1.94 0 0 0 0
1.96 0 0 0 0
1.98 0 0 0 0
2 0 0 0 0
2.02 0 0 0 0
2.04 0 0 0 0
2.06 0 0 0 0
2.08 0 0 0 0
2.1 0 0 0 0
2.12 0 0 0 0
2.14 0 0 0 0
2.16 0 0 0 0
2.18 0 0 0 0
2.2 0 0 0 0
2.22 0 0 0 0
2.24 0 0 0 0
2.26 0 0 0 0
2.28 0 0 0 0
2.3 0 0 0 0
2.32 0 0 0 0
2.34 0 0 0 0
2.36 0 0 0 0
2.38 0 0 0 0
2.4 0 0 0 0
2.42 0 0 0 0
2.44 0 0 0 0
2.46 0 0 0 0
2.48 0 0 0 0
2.5 0 0 0 0
2.52 0 0 0 0
2.54 0 0 0 0
2.56 0 0 0 0
2.58 0 0 0 0
2.6 0 0 0 0
2.62 0 0 0 0
2.64 0 0 0 0
2.66 0 0 0 0
2.68 0 0 0 0
2.7 0 0 0 0
2.72 0 0 0 0
2.74 0 0 0 0
2.76 0 0 0 0
2.78 0 0 0 0
2.8 0 0 0 0
2.82 0 0 0 0
2.84 0 0 0 0
2.86 0 0 0 0
2.88 0 0 0 0
2.9 0 0 0 0
2.92 0 0 0 0
2.94 0 0 0 0
2.96 0 0 0 0
2.98 0 0 0 0
3 0 0 0 0
3.02 0 0 0 0
3.04 0 0 0 0
3.06 0 0 0 0
3.08 0 0 0 0
3.1 0 0 0 0
3.12 0 0 0 0
3.14 0 0 0 0
3.16 0 0 0 0
3.18 0 0 0 0
3.2 0 0 0 0
3.22 0 0 0 0
3.24 0 0 0 0
3.26 0 0 0 0
3.28 0 0 0 0
3.3 0 0 0 0
3.32 0 0 0 0
3.34 0 0 0 0
3.36 0 0 0 0
3.38 0 0 0 0
3.4 0 0 0 0
3.42 0 0 0 0
3.44 0 0 0 0
3.46 0 0 0 0
3.48 0 0 0 0
3.5 0 0 0 0
3.52 0 0 0 0
3.54 0 0 0 0
3.56 0 0 0 0
3.58 0 0 0 0
3.6 0 0 0 0
3.62 0 0 0 0
3.64 0 0 0 0
3.66 0 0 0 0
3.68 0 0 0 0
3.7 0 0 0 0
3.72 0 0 0 0
3.74 0 0 0 0
3.76 0 0 0 0
3.78 0 0 0 0
3.8 0 0 0 0
3.82 0 0 0 0
3.84 0 0 0 0
3.86 0 0 0 0
3.88 0 0 0 0
3.9 0 0 0 0
3.92 0 0 0 0
3.94 0 0 0 0
3.96 0 0 0 0
3.98 0 0 0 0
4 0 0 0 0
4.02 0 0 0 0
4.04 0 0 0 0
4.06 0 0 0 0
4.08 0 0 0 0
4.1 0 0 0 0
4.12 0 0 0 0
4.14 0 0 0 0
4.16 0 0 0 0
4.18 0 0 0 0
4.2 0 0 0 0
4.22 0 0 0 0
4.24 0 0 0 0
4.26 0 0 0 0
4.28 0 0 0 0
4.3 0 0 0 0
4.32 0 0 0 0
4.34 0 0 0 0
4.36 0 0 0 0
4.38 0 0 0 0
4.4 0 0 0 0
4.42 4.59999990463257 4.59999990463257 0 0
4.44 4.59999990463257 4.59999990463257 2.11333990097046 2.67514991760254
4.46 4.59999990463257 4.59999990463257 5.10474014282227 6.42233991622925
4.48 4.59999990463257 4.59999990463257 7.53456020355225 8.3176097869873
4.5 4.59999990463257 4.59999990463257 9.81054973602295 10.9174995422363
4.52 4.59999990463257 4.59999990463257 11.5811996459961 12.8157997131348
4.54 4.59999990463257 4.59999990463257 13.0706996917725 14.2692003250122
4.56 4.59999990463257 4.59999990463257 14.3522996902466 15.4760999679565
4.58 4.59999990463257 4.59999990463257 15.2680997848511 16.3903999328613
4.6 4.59999990463257 4.59999990463257 16.0853004455566 17.1065006256104
4.62 4.59999990463257 4.59999990463257 16.7388000488281 17.8334999084473
4.64 4.59999990463257 4.59999990463257 17.9927997589111 19.1203994750977
4.66 4.59999990463257 4.59999990463257 18.7084007263184 19.8617000579834
4.68 4.59999990463257 4.59999990463257 18.6168003082275 19.8325004577637
4.7 4.59999990463257 4.59999990463257 18.8605003356934 20.1394996643066
4.72 4.59999990463257 4.59999990463257 18.9726009368896 20.5359001159668
4.74 4.59999990463257 4.59999990463257 19.6688003540039 20.9696006774902
4.76 4.59999990463257 4.59999990463257 19.8878993988037 21.1233005523682
4.78 4.59999990463257 4.59999990463257 19.650899887085 21.1042003631592
4.8 4.59999990463257 4.59999990463257 19.7943000793457 21.2801990509033
4.82 4.59999990463257 4.59999990463257 19.9220008850098 21.4505996704102
4.84 4.59999990463257 4.59999990463257 20.0401992797852 21.6396007537842
4.86 4.59999990463257 4.59999990463257 19.9993991851807 21.548900604248
4.88 4.59999990463257 4.59999990463257 20.0972995758057 21.5716991424561
4.9 4.59999990463257 4.59999990463257 20.3377990722656 21.7222003936768
4.92 4.59999990463257 4.59999990463257 20.2346000671387 21.6921997070313
4.94 4.59999990463257 4.59999990463257 20.2793006896973 21.7427997589111
4.96 4.59999990463257 4.59999990463257 20.5062999725342 21.7919006347656
4.98 4.59999990463257 4.59999990463257 20.3834991455078 21.8834991455078
5 4.59999990463257 4.59999990463257 20.3038997650146 21.8519992828369
5.02 4.59999990463257 4.59999990463257 20.482400894165 22.0116004943848
5.04 4.59999990463257 4.59999990463257 20.4699001312256 22.013599395752
5.06 4.59999990463257 4.59999990463257 20.6063003540039 22.0373992919922
5.08 4.59999990463257 4.59999990463257 20.5464992523193 22.0783004760742
5.1 4.59999990463257 4.59999990463257 20.3437995910645 21.9051990509033
5.12 4.59999990463257 4.59999990463257 20.4641990661621 21.9761009216309
5.14 4.59999990463257 4.59999990463257 20.5764007568359 22.1609992980957
5.16 4.59999990463257 4.59999990463257 20.3943004608154 22.0904998779297
5.18 4.59999990463257 4.59999990463257 20.5097999572754 21.9930992126465
5.2 4.59999990463257 4.59999990463257 20.4969005584717 22.0662002563477
5.22 4.59999990463257 4.59999990463257 20.8656997680664 22.1026000976563
5.24 4.59999990463257 4.59999990463257 20.5753993988037 21.9943008422852
5.26 4.59999990463257 4.59999990463257 20.7068996429443 22.0323009490967
5.28 4.59999990463257 4.59999990463257 20.5578002929688 22.1989994049072
5.3 4.59999990463257 4.59999990463257 20.6632995605469 22.172700881958
5.32 4.59999990463257 4.59999990463257 20.600700378418 22.2903003692627
5.34 4.59999990463257 4.59999990463257 20.7735004425049 22.262300491333
5.36 4.59999990463257 4.59999990463257 20.9745998382568 22.3572006225586
5.38 4.59999990463257 4.59999990463257 20.6562995910645 22.2569999694824
5.4 4.59999990463257 4.59999990463257 20.611499786377 22.2448997497559
5.42 4.59999990463257 4.59999990463257 20.8320999145508 22.4640998840332
5.44 4.59999990463257 4.59999990463257 20.709400177002 22.4204998016357
5.46 4.59999990463257 4.59999990463257 20.8883991241455 22.3082008361816
5.48 4.59999990463257 4.59999990463257 20.672700881958 22.3029003143311
5.5 4.59999990463257 4.59999990463257 20.9183006286621 22.205099105835
5.52 4.59999990463257 4.59999990463257 20.9102001190186 22.3512992858887
5.54 4.59999990463257 4.59999990463257 20.8057994842529 22.4050006866455
5.56 4.59999990463257 4.59999990463257 20.8687992095947 22.5076999664307
5.58 4.59999990463257 4.59999990463257 20.7516002655029 22.2964000701904
5.6 4.59999990463257 4.59999990463257 20.7744998931885 22.4853992462158
5.62 4.59999990463257 4.59999990463257 20.9925994873047 22.4640998840332
5.64 4.59999990463257 4.59999990463257 20.8878993988037 22.5088996887207
5.66 4.59999990463257 4.59999990463257 21.1096000671387 22.6161003112793
5.68 4.59999990463257 4.59999990463257 21.0429992675781 22.4853992462158
5.7 4.59999990463257 4.59999990463257 20.788200378418 22.551700592041
5.72 4.59999990463257 4.59999990463257 20.9055004119873 22.5291004180908
5.74 4.59999990463257 4.59999990463257 20.7837009429932 22.399299621582
5.76 4.59999990463257 4.59999990463257 20.8264007568359 22.5088996887207
5.78 4.59999990463257 4.59999990463257 20.9300003051758 22.3094005584717
5.8 4.59999990463257 4.59999990463257 21.0125999450684 22.363899230957
5.82 4.59999990463257 4.59999990463257 20.8131999969482 22.4662990570068
5.84 4.59999990463257 4.59999990463257 20.9356994628906 22.4001998901367
5.86 4.59999990463257 4.59999990463257 20.6989994049072 22.3771991729736
5.88 4.59999990463257 4.59999990463257 20.8131999969482 22.2681999206543
5.9 4.59999990463257 4.59999990463257 20.75950050354 22.1916007995605
5.92 4.59999990463257 4.59999990463257 20.709400177002 22.25
5.94 4.59999990463257 4.59999990463257 20.8656997680664 22.3239994049072
5.96 4.59999990463257 4.59999990463257 20.5834007263184 22.3269004821777
5.98 4.59999990463257 4.59999990463257 20.6580009460449 22.3139991760254
6 4.59999990463257 4.59999990463257 20.4806003570557 22.3220996856689
6.02 4.59999990463257 4.59999990463257 20.6299991607666 22.1805992126465
6.04 4.59999990463257 4.59999990463257 20.5811996459961 22.2490005493164
6.06 4.59999990463257 4.59999990463257 20.7744998931885 22.1942005157471
6.08 4.59999990463257 4.59999990463257 20.6634006500244 22.2219009399414
6.1 4.59999990463257 4.59999990463257 20.8068008422852 22.2726001739502
6.12 4.59999990463257 4.59999990463257 20.7182998657227 22.3029003143311
6.14 4.59999990463257 4.59999990463257 20.8131999969482 22.131799697876
6.16 4.59999990463257 4.59999990463257 20.5620994567871 22.3082008361816
6.18 4.59999990463257 4.59999990463257 20.695499420166 22.1907997131348
6.2 4.59999990463257 4.59999990463257 20.6273994445801 22.1226005554199
6.22 4.59999990463257 4.59999990463257 20.7021999359131 22.2644004821777
6.24 4.59999990463257 4.59999990463257 20.6720008850098 22.2805995941162
6.26 4.59999990463257 4.59999990463257 20.7411994934082 22.139799118042
6.28 4.59999990463257 4.59999990463257 20.7667999267578 22.1046009063721
6.3 4.59999990463257 4.59999990463257 20.5543003082275 22.0650997161865
6.32 4.59999990463257 4.59999990463257 20.6387004852295 21.9860000610352
6.34 4.59999990463257 4.59999990463257 20.5725002288818 22.056999206543
6.36 4.59999990463257 4.59999990463257 20.8677997589111 22.1236000061035
6.38 4.59999990463257 4.59999990463257 20.7630004882813 22.1417999267578
6.4 4.59999990463257 4.59999990463257 20.8873996734619 22.2709999084473
6.42 4.59999990463257 4.59999990463257 20.9029006958008 22.2098007202148
6.44 4.59999990463257 4.59999990463257 20.7472991943359 22.2698001861572
6.46 4.59999990463257 4.59999990463257 20.8057994842529 22.2458992004395
6.48 4.59999990463257 4.59999990463257 20.715799331665 22.2019004821777
6.5 4.59999990463257 4.59999990463257 20.8470001220703 22.2828998565674
6.52 4.59999990463257 4.59999990463257 21.013500213623 22.4853992462158
6.54 4.59999990463257 4.59999990463257 20.971700668335 22.3239994049072
6.56 4.59999990463257 4.59999990463257 20.9120006561279 22.2632007598877
6.58 4.59999990463257 4.59999990463257 20.7462997436523 22.1641006469727
6.6 4.59999990463257 4.59999990463257 20.7793006896973 22.2703990936279
6.62 4.59999990463257 4.59999990463257 20.788200378418 22.2458992004395
6.64 4.59999990463257 4.59999990463257 20.9050006866455 22.2847003936768
6.66 4.59999990463257 4.59999990463257 21.1306991577148 22.4260997772217
6.68 4.59999990463257 4.59999990463257 20.9050006866455 22.2374000549316
6.7 4.59999990463257 4.59999990463257 20.7924995422363 22.1347007751465
6.72 4.59999990463257 4.59999990463257 20.8687000274658 22.25830078125
6.74 4.59999990463257 4.59999990463257 20.7852993011475 22.163200378418
6.76 4.59999990463257 4.59999990463257 20.7859001159668 22.3029003143311
6.78 4.59999990463257 4.59999990463257 20.8852996826172 22.285400390625
6.8 4.59999990463257 4.59999990463257 20.9078006744385 22.3129005432129
6.82 4.59999990463257 4.59999990463257 21.1053009033203 22.3659992218018
6.84 4.59999990463257 4.59999990463257 21.0072994232178 22.1793994903564
6.86 4.59999990463257 4.59999990463257 20.8220996856689 22.0792007446289
6.88 4.59999990463257 4.59999990463257 20.9950008392334 22.1222991943359
6.9 4.59999990463257 4.59999990463257 20.8027992248535 22.1888999938965
6.92 4.59999990463257 4.59999990463257 20.7978000640869 22.2282009124756
6.94 4.59999990463257 4.59999990463257 20.9519004821777 22.2908000946045
6.96 4.59999990463257 4.59999990463257 20.9300003051758 22.3094005584717
6.98 4.59999990463257 4.59999990463257 20.7658004760742 22.2141990661621
7 4.59999990463257 4.59999990463257 20.8542003631592 22.0970993041992
7.02 4.59999990463257 4.59999990463257 20.5881996154785 22.1263008117676
7.04 4.59999990463257 4.59999990463257 20.8456993103027 22.1520004272461
7.06 4.59999990463257 4.59999990463257 20.7054996490479 22.2227001190186
7.08 4.59999990463257 4.59999990463257 20.6781997680664 22.1695003509521
7.1 4.59999990463257 4.59999990463257 20.9486999511719 22.1152992248535
7.12 4.59999990463257 4.59999990463257 20.7985000610352 22.1299991607666
7.14 4.59999990463257 4.59999990463257 20.8048000335693 22.0070991516113
7.16 4.59999990463257 4.59999990463257 20.7502994537354 22.0016994476318
7.18 4.59999990463257 4.59999990463257 20.8225994110107 22.1571998596191
7.2 4.59999990463257 4.59999990463257 20.7399005889893 22.2231998443604
7.22 4.59999990463257 4.59999990463257 20.8470001220703 22.2576007843018
7.24 4.59999990463257 4.59999990463257 20.7852993011475 22.2490005493164
7.26 4.59999990463257 4.59999990463257 20.738000869751 22.2716007232666
7.28 4.59999990463257 4.59999990463257 20.8922004699707 22.1450004577637
7.3 4.59999990463257 4.59999990463257 20.673900604248 22.2164993286133
7.32 4.59999990463257 4.59999990463257 20.7658004760742 22.2632007598877
7.34 4.59999990463257 4.59999990463257 20.7978000640869 22.2497005462646
7.36 4.59999990463257 4.59999990463257 20.6018009185791 22.2035007476807
7.38 4.59999990463257 4.59999990463257 20.6566009521484 22.168399810791
7.4 4.59999990463257 4.59999990463257 20.7546997070313 22.0296993255615
7.42 4.59999990463257 4.59999990463257 20.9664993286133 22.0869998931885
7.44 4.59999990463257 4.59999990463257 20.6252994537354 21.9902000427246
7.46 4.59999990463257 4.59999990463257 20.6842002868652 22.0231990814209
7.48 4.59999990463257 4.59999990463257 20.7912006378174 22.2007999420166
7.5 4.59999990463257 4.59999990463257 20.6947002410889 22.2134990692139
7.52 4.59999990463257 4.59999990463257 20.6996002197266 22.0955009460449
7.54 4.59999990463257 4.59999990463257 20.613899230957 22.2064990997314
7.56 4.59999990463257 4.59999990463257 20.8264007568359 22.1443996429443
7.58 4.59999990463257 4.59999990463257 20.8236999511719 22.3129005432129
7.6 4.59999990463257 4.59999990463257 20.8057994842529 22.3209991455078
7.62 4.59999990463257 4.59999990463257 20.8052997589111 22.262300491333
7.64 4.59999990463257 4.59999990463257 21.2910995483398 20.3456993103027
7.66 4.59999990463257 4.59999990463257 21.9281997680664 15.6176996231079
7.68 4.59999990463257 4.59999990463257 18.5858001708984 17.5221996307373
7.7 4.59999990463257 4.59999990463257 13.7966003417969 16.6998996734619
7.72 4.59999990463257 4.59999990463257 13.5417995452881 11.3190002441406
7.74 4.59999990463257 4.59999990463257 15.1873998641968 5.67887020111084
7.76 4.59999990463257 4.59999990463257 17.0203990936279 4.78037977218628
7.78 4.59999990463257 4.59999990463257 18.5830993652344 8.38877964019775
7.8 4.59999990463257 4.59999990463257 19.7462997436523 12.729700088501
7.82 4.59999990463257 4.59999990463257 20.4473991394043 15.8106002807617
7.84 4.59999990463257 4.59999990463257 21.0946998596191 17.1093006134033
7.86 4.59999990463257 4.59999990463257 21.4759998321533 17.942699432373
7.88 4.59999990463257 4.59999990463257 21.5937995910645 19.1445999145508
7.9 4.59999990463257 4.59999990463257 21.5683002471924 20.3554992675781
7.92 4.59999990463257 4.59999990463257 21.6585998535156 21.0785007476807
7.94 4.59999990463257 4.59999990463257 21.5956993103027 21.3395004272461
7.96 4.59999990463257 4.59999990463257 21.7215003967285 21.448600769043
7.98 4.59999990463257 4.59999990463257 21.8789005279541 21.9930992126465
