0 0 0 0 0
0.02 0 0 0 0
0.04 0 0 0 0
0.06 0 0 0 0
0.08 0 0 0 0
0.1 0 0 0 0
0.12 0 0 0 0
0.14 0 0 0 0
0.16 0 0 0 0
0.18 0 0 0 0
0.2 0 0 0 0
0.22 0 0 0 0
0.24 0 0 0 0
0.26 0 0 0 0
0.28 0 0 0 0
0.3 0 0 0 0
0.32 0 0 0 0
0.34 0 0 0 0
0.36 0 0 0 0
0.38 0 0 0 0
0.4 0 0 0 0
0.42 0 0 0 0
0.44 0 0 0 0
0.46 0 0 0 0
0.48 0 0 0 0
0.5 0 0 0 0
0.52 0 0 0 0
0.54 0 0 0 0
0.56 0 0 0 0
0.58 0 0 0 0
0.6 0 0 0 0
0.62 0 0 0 0
0.64 0 0 0 0
0.66 0 0 0 0
0.68 0 0 0 0
0.7 0 0 0 0
0.72 0 0 0 0
0.74 0 0 0 0
0.76 0 0 0 0
0.78 0 0 0 0
0.8 0 0 0 0
0.82 0 0 0 0
0.84 0 0 0 0
0.86 0 0 0 0
0.88 5.14559984207153 5.14559984207153 0 0
0.9 5.21905994415283 5.33500003814697 2.18320989608765 2.69335007667542
0.92 4.82323980331421 4.92736005783081 6.66402006149292 7.04520988464355
0.94 4.74915981292725 4.88992023468018 8.84018993377686 9.32507991790771
0.96 4.69930982589722 4.79025983810425 10.9618997573853 11.1545000076294
0.98 4.65708017349243 4.68265008926392 12.7985000610352 12.6744003295898
1 4.58812999725342 4.6003999710083 14.246600151062 14.0826997756958
1.02 4.53595018386841 4.53128004074097 15.4184999465942 15.2047996520996
1.04 4.5021800994873 4.57190990447998 15.930700302124 16.0765991210938
1.06 4.46498012542725 4.55718994140625 16.6093006134033 16.8320007324219
1.08 4.47722005844116 4.564040184021 17.0904998779297 17.2560005187988
1.1 4.31573009490967 4.43411016464233 18.1009998321533 18.3803997039795
1.12 4.13069009780884 4.31130981445313 18.9277992248535 19.4388008117676
1.14 4.26445007324219 4.37282991409302 18.8187999725342 18.9349002838135
1.16 4.32419013977051 4.42045021057129 18.7873992919922 18.832799911499
1.18 4.30606985092163 4.40007019042969 19.0599994659424 19.0884990692139
1.2 4.22940015792847 4.39243984222412 19.2353000640869 19.5632991790771
1.22 4.2443699836731 4.37435007095337 19.4302997589111 19.5632991790771
1.24 4.30222988128662 4.47625017166138 19.0678997039795 19.3745994567871
1.26 4.29362010955811 4.4647798538208 19.2588996887207 19.506799697876
1.28 4.25567007064819 4.39543008804321 19.6758003234863 19.7481994628906
1.3 4.310959815979 4.41399002075195 19.6431007385254 19.5429000854492
1.32 4.32086992263794 4.44186019897461 19.5741996765137 19.5683002471924
1.34 4.29586982727051 4.45403003692627 19.5848999023438 19.7432994842529
1.36 4.26740980148315 4.41824007034302 19.8050003051758 19.9073009490967
1.38 4.29759979248047 4.43966007232666 19.7402000427246 19.7884006500244
1.4 4.30145978927612 4.4621000289917 19.6805992126465 19.8034000396729
1.42 4.27391004562378 4.46863985061646 19.7000007629395 19.9542999267578
1.44 4.25113010406494 4.49860000610352 19.6135005950928 20.0613994598389
1.46 4.28041982650757 4.48574018478394 19.7283000946045 19.9232997894287
1.48 4.29324007034302 4.4698600769043 19.8391990661621 19.8784008026123
1.5 4.25575017929077 4.41025018692017 20.1256999969482 20.0617008209229
1.52 4.27279996871948 4.45025014877319 19.9307994842529 19.9773998260498
1.54 4.28613996505737 4.4756498336792 19.8293991088867 19.9221000671387
1.56 4.27946996688843 4.47949981689453 19.8381996154785 19.9631996154785
1.58 4.33061981201172 4.46631002426147 19.9207000732422 19.7437000274658
1.6 4.32789993286133 4.47941017150879 19.875 19.7943000793457
1.62 4.33134984970093 4.46184015274048 19.9712009429932 19.8101997375488
1.64 4.31829023361206 4.43741989135742 20.0830001831055 19.8962001800537
1.66 4.29656982421875 4.4517297744751 20.0074996948242 20.0074996948242
1.68 4.2969799041748 4.42559003829956 20.1214008331299 20.0044994354248
1.7 4.29582023620605 4.46218013763428 19.9419994354248 20.0090007781982
1.72 4.3344202041626 4.48598003387451 19.8460998535156 19.8377990722656
1.74 4.30243015289307 4.47541999816895 19.9157009124756 20.0030002593994
1.76 4.27110004425049 4.45706987380981 20.0091991424561 20.1403999328613
1.78 4.26681995391846 4.39013004302979 20.3022994995117 20.1380004882813
1.8 4.31229019165039 4.43157005310059 20.0743999481201 19.9171009063721
1.82 4.33068990707397 4.44851016998291 19.9887008666992 19.8486995697021
1.84 4.30311012268066 4.48106002807617 19.8472003936768 19.9929008483887
1.86 4.2668399810791 4.42194986343384 20.1303005218506 20.1534996032715
1.88 4.24588012695313 4.42975997924805 20.0762996673584 20.2226009368896
1.9 4.24045991897583 4.3859601020813 20.2574996948242 20.2127990722656
1.92 4.24597978591919 4.3840799331665 20.226900100708 20.1564998626709
1.94 4.25041007995605 4.3701000213623 20.2541999816895 20.1133995056152
1.96 4.27134990692139 4.38835000991821 20.1355991363525 20.0041999816895
1.98 4.23891019821167 4.35836982727051 20.2469997406006 20.1462993621826
2 4.22636985778809 4.3741397857666 20.1403999328613 20.1793994903564
2.02 4.23535013198853 4.37316989898682 20.1235008239746 20.1128005981445
2.04 4.22684001922607 4.396399974823 20.0025997161865 20.1331996917725
2.06 4.23007011413574 4.37966012954712 20.0758991241455 20.0988998413086
2.08 4.22478008270264 4.38903999328613 20.0231990814209 20.1072998046875
2.1 4.21226978302002 4.33765983581543 20.2457008361816 20.1460990905762
2.12 4.18156003952026 4.32526016235352 20.2632007598877 20.2591991424561
2.14 4.2092399597168 4.34823989868164 20.1224002838135 20.0983009338379
2.16 4.23683023452759 4.37003993988037 20.007999420166 19.9620990753174
2.18 4.23287010192871 4.38831996917725 19.926399230957 19.9853000640869
2.2 4.27022981643677 4.41034984588623 19.8405990600586 19.8230991363525
2.22 4.2648401260376 4.39143991470337 19.9477996826172 19.8735008239746
2.24 4.27948999404907 4.37858009338379 20.012300491333 19.8281002044678
2.26 4.27080011367798 4.40837001800537 19.8792991638184 19.8922996520996
2.28 4.25161981582642 4.37199020385742 20.0576000213623 19.9929008483887
2.3 4.24855995178223 4.3541898727417 20.1271991729736 20.0074996948242
2.32 4.26723003387451 4.37868022918701 20.0002994537354 19.9242000579834
2.34 4.26553010940552 4.4076099395752 19.8729991912842 19.9430999755859
2.36 4.25311994552612 4.41283988952637 19.8691005706787 20.0062999725342
2.38 4.2647500038147 4.43478012084961 19.7922992706299 19.9540996551514
2.4 4.27994012832642 4.38324022293091 20.0503997802734 19.8941993713379
2.42 4.26592016220093 4.3930401802063 19.9997005462646 19.9719009399414
2.44 4.25605010986328 4.39713001251221 19.9817008972168 20.0195999145508
2.46 4.26205015182495 4.38333988189697 20.0452003479004 19.9902000427246
2.48 4.25696992874146 4.42995023727417 19.8332996368408 20.0139999389648
2.5 4.28347015380859 4.41667985916138 19.9167995452881 19.895299911499
2.52 4.30293989181519 4.41132020950317 19.9529991149902 19.8253993988037
2.54 4.29864978790283 4.40393018722534 19.9925003051758 19.8705997467041
2.56 4.28977012634277 4.35543012619019 20.2070999145508 19.92919921875
2.58 4.27726984024048 4.3926100730896 20.012300491333 19.9948997497559
2.6 4.28036022186279 4.39200019836426 20.0130996704102 19.9820995330811
2.62 4.27269983291626 4.39438009262085 20.0006008148193 20.0184993743896
2.64 4.28014993667603 4.39499998092651 19.9978008270264 19.9829006195068
2.66 4.25102996826172 4.39657020568848 19.9911994934082 20.1135997772217
2.68 4.26416015625 4.43978977203369 19.8024005889893 20.0387001037598
2.7 4.26189994812012 4.3994197845459 20.0097999572754 20.0428009033203
2.72 4.25271987915039 4.34765005111694 20.2360992431641 20.0767002105713
2.74 4.23521995544434 4.37127017974854 20.0965995788574 20.1422004699707
2.76 4.2569899559021 4.39201021194458 19.9908008575439 20.0249996185303
2.78 4.23286008834839 4.36125993728638 20.1275005340576 20.1273994445801
2.8 4.21072006225586 4.36425018310547 20.095100402832 20.2056007385254
2.82 4.26559019088745 4.38216018676758 20.0018997192383 19.9330997467041
2.84 4.27057981491089 4.36840009689331 20.0622005462646 19.9213008880615
2.86 4.26581001281738 4.35647010803223 20.1053009033203 19.9540996551514
2.88 4.27394008636475 4.3603401184082 20.0723991394043 19.9253005981445
2.9 4.27559995651245 4.3238000869751 20.2222003936768 19.92919921875
2.92 4.2289400100708 4.3405499458313 20.1149997711182 20.1452007293701
2.94 4.26381015777588 4.39260005950928 19.8686008453369 19.9699001312256
2.96 4.26138019561768 4.44434976577759 19.6608009338379 19.9850997924805
2.98 4.25156021118164 4.4022798538208 19.8971004486084 20.0305995941162
3 4.25929021835327 4.38516998291016 19.9878005981445 19.992000579834
3.02 4.27496004104614 4.36277008056641 20.0881996154785 19.9242000579834
3.04 4.26558017730713 4.37154006958008 20.0363006591797 19.976900100708
3.06 4.26912021636963 4.38657999038696 19.9647006988525 19.9647998809814
3.08 4.28207015991211 4.39972019195557 19.9122009277344 19.913200378418
3.1 4.28749990463257 4.40571022033691 19.8990993499756 19.9023990631104
3.12 4.27225017547607 4.40783977508545 19.904899597168 19.9841995239258
3.14 4.28714990615845 4.40000009536743 19.953800201416 19.9209995269775
3.16 4.29593992233276 4.37990999221802 20.0491008758545 19.8941993713379
3.18 4.28934001922607 4.36103010177612 20.1247997283936 19.9391994476318
3.2 4.27915000915527 4.36726999282837 20.0785007476807 19.993200302124
3.22 4.25573015213013 4.34032011032104 20.1851997375488 20.0972995758057
3.24 4.21718978881836 4.35329008102417 20.1002006530762 20.2521991729736
3.26 4.22307014465332 4.34755992889404 20.1103000640869 20.1882991790771
3.28 4.25435018539429 4.33823013305664 20.1347999572754 20.0223007202148
3.3 4.23074007034302 4.35926008224487 20.021900177002 20.1228008270264
3.32 4.23232984542847 4.33403015136719 20.1296005249023 20.0972995758057
3.34 4.19906997680664 4.34162998199463 20.0765991210938 20.2289009094238
3.36 4.21463012695313 4.31709003448486 20.1730003356934 20.1259002685547
3.38 4.23902988433838 4.33051013946533 20.0879001617432 19.9995994567871
3.4 4.20573997497559 4.30616998672485 20.1816997528076 20.1460990905762
3.42 4.20799016952515 4.33212995529175 20.0401000976563 20.114200592041
3.44 4.26236009597778 4.38058996200562 19.8208999633789 19.8577003479004
3.46 4.26435995101929 4.37327003479004 19.8799991607666 19.8703994750977
3.48 4.24915981292725 4.33159017562866 20.081600189209 19.9568004608154
3.5 4.24211978912354 4.30684995651245 20.1781005859375 19.9943008422852
3.52 4.24209976196289 4.32493019104004 20.0716991424561 19.9951992034912
3.54 4.26633977890015 4.36581993103027 19.8810005187988 19.8892993927002
3.56 4.25908994674683 4.39428997039795 19.7735996246338 19.9379005432129
3.58 4.25165987014771 4.37400007247925 19.8971004486084 19.9799995422363
3.6 4.25752019882202 4.37480020523071 19.9090003967285 19.9571990966797
3.62 4.24358987808228 4.36753988265991 19.9547004699707 20.0249996185303
3.64 4.2565598487854 4.33073997497559 20.1235008239746 19.9640998840332
3.66 4.27880001068115 4.3189001083374 20.1569004058838 19.8717002868652
3.68 4.26535987854004 4.34878015518188 20.0018005371094 19.9500999450684
3.7 4.28869009017944 4.41018009185791 19.7597999572754 19.8792991638184
3.72 4.2254900932312 4.35932016372681 20.0198001861572 20.1756000518799
3.74 4.2630500793457 4.32682991027832 20.1597995758057 19.9839000701904
3.76 4.31608009338379 4.36858987808228 19.9519004821777 19.7530002593994
3.78 4.31745004653931 4.36629009246826 19.9692993164063 19.784200668335
3.8 4.2632999420166 4.30883979797363 20.2266998291016 20.0550003051758
3.82 4.24918985366821 4.3196702003479 20.1448993682861 20.1088008880615
3.84 4.26759004592896 4.37692022323608 19.8710994720459 20.0114002227783
3.86 4.2878999710083 4.39925003051758 19.7922992706299 19.9202995300293
3.88 4.2611198425293 4.39037990570068 19.862699508667 20.050199508667
3.9 4.24959993362427 4.38070011138916 19.9260005950928 20.0932998657227
3.92 4.2714900970459 4.38321018218994 19.9260997772217 19.9829006195068
3.94 4.28501987457275 4.3653302192688 20.0158996582031 19.9260005950928
3.96 4.25390005111694 4.36584997177124 20.0111999511719 20.0739994049072
3.98 4.24847984313965 4.35863018035889 20.0412998199463 20.0867004394531
4 4.27523994445801 4.38550996780396 19.9167995452881 19.9559001922607
4.02 4.27101993560791 4.41664981842041 19.7922992706299 19.9811000823975
4.04 4.29611015319824 4.41074991226196 19.8495998382568 19.8736000061035
4.06 4.2803201675415 4.37792015075684 20.0167007446289 19.9620990753174
4.08 4.26389980316162 4.35087013244629 20.1331996917725 20.0401000976563
4.1 4.27432012557983 4.33834981918335 20.1681995391846 19.9881992340088
4.12 4.28244018554688 4.32513999938965 20.201000213623 19.9542999267578
4.14 4.2677001953125 4.3609299659729 20.0132007598877 20.0259990692139
4.16 4.26691007614136 4.37937021255493 19.9300994873047 20.0254993438721
4.18 4.25258016586304 4.40514993667603 19.8271999359131 20.0846996307373
4.2 4.27215003967285 4.39546012878418 19.8959007263184 19.9857997894287
4.22 4.27687978744507 4.38211011886597 19.9703006744385 19.9671993255615
4.24 4.29161977767944 4.33612012863159 20.1770992279053 19.9073009490967
4.26 4.27043008804321 4.32080984115601 20.2178001403809 20.0144996643066
4.28 4.27986001968384 4.36489009857178 19.9909992218018 19.9708003997803
4.3 4.30335998535156 4.40127992630005 19.8321990966797 19.8717994689941
4.32 4.28654003143311 4.38917016983032 19.9108009338379 19.9652004241943
4.34 4.25648021697998 4.34136009216309 20.1345996856689 20.1026992797852
4.36 4.28284978866577 4.37683010101318 19.9582996368408 19.9712009429932
4.38 4.31700992584229 4.3845100402832 19.9307994842529 19.8251991271973
4.4 0 0 20.0533008575439 19.9811000823975
4.42 0 0 17.6998996734619 17.6709995269775
4.44 0 0 13.5587997436523 13.8643999099731
4.46 0 0 10.2260999679565 10.6281995773315
4.48 0 0 8.18984031677246 8.53956031799316
4.5 0 0 6.97194004058838 7.08784008026123
4.52 0 0 5.66583013534546 5.71175003051758
4.54 0 0 4.91097021102905 4.9055700302124
4.56 0 0 3.56518006324768 4.05005979537964
4.58 0 0 2.8704400062561 3.09390997886658
4.6 0 0 1.949049949646 2.23030996322632
4.62 0 0 1.0830899477005 1.37902998924255
4.64 0 0 0.724332988262177 0.838712990283966
4.66 0 0 0.295581012964249 0.408670008182526
4.68 0 0 0.132583007216454 0.293936997652054
4.7 0 0 0.0853744968771935 0.171335995197296
4.72 0 0 0 0
4.74 0 0 0 0
4.76 0 0 0 0
4.78 0 0 0 0
4.8 0 0 0 0
4.82 0 0 0 0
4.84 0 0 0 0
4.86 0 0 0 0
4.88 0 0 0 0
4.9 0 0 0 0
4.92 0 0 0 0
4.94 0 0 0 0
4.96 0 0 0 0
4.98 0 0 0 0
5 0 0 0 0
5.02 0 0 0 0
5.04 0 0 0 0
5.06 0 0 0 0
5.08 0 0 0 0
5.1 0 0 0 0
5.12 0 0 0 0
5.14 0 0 0 0
5.16 0 0 0 0
5.18 0 0 0 0
5.2 0 0 0 0
5.22 0 0 0 0
5.24 0 0 0 0
5.26 0 0 0 0
5.28 0 0 0 0
5.3 0 0 0 0
5.32 0 0 0 0
5.34 0 0 0 0
5.36 0 0 0 0
5.38 0 0 0 0
5.4 0 0 0 0
5.42 0 0 0 0
5.44 0 0 0 0
5.46 0 0 0 0
5.48 0 0 0 0
5.5 0 0 0 0
5.52 0 0 0 0
5.54 0 0 0 0
5.56 0 0 0 0
5.58 0 0 0 0
5.6 0 0 0 0
5.62 0 0 0 0
5.64 0 0 0 0
5.66 0 0 0 0
5.68 0 0 0 0
5.7 0 0 0 0
5.72 0 0 0 0
5.74 0 0 0 0
5.76 0 0 0 0
5.78 0 0 0 0
5.8 0 0 0 0
5.82 0 0 0 0
5.84 0 0 0 0
5.86 0 0 0 0
5.88 0 0 0 0
5.9 0 0 0 0
5.92 0 0 0 0
5.94 0 0 0 0
5.96 0 0 0 0
5.98 0 0 0 0
6 0 0 0 0
6.02 0 0 0 0
6.04 0 0 0 0
6.06 0 0 0 0
6.08 0 0 0 0
6.1 0 0 0 0
6.12 0 0 0 0
6.14 0 0 0 0
6.16 0 0 0 0
6.18 0 0 0 0
6.2 0 0 0 0
6.22 0 0 0 0
6.24 0 0 0 0
6.26 0 0 0 0
6.28 0 0 0 0
6.3 0 0 0 0
6.32 0 0 0 0
6.34 0 0 0 0
6.36 0 0 0 0
6.38 0 0 0 0
6.4 0 0 0 0
6.42 0 0 0 0
6.44 0 0 0 0
6.46 0 0 0 0
6.48 0 0 0 0
6.5 0 0 0 0
6.52 0 0 0 0
6.54 0 0 0 0
6.56 0 0 0 0
6.58 0 0 0 0
6.6 0 0 0 0
6.62 0 0 0 0
6.64 0 0 0 0
6.66 0 0 0 0
6.68 0 0 0 0
6.7 0 0 0 0
6.72 0 0 0 0
6.74 0 0 0 0
6.76 0 0 0 0
6.78 0 0 0 0
6.8 0 0 0 0
6.82 0 0 0 0
6.84 0 0 0 0
6.86 0 0 0 0
6.88 0 0 0 0
6.9 0 0 0 0
6.92 0 0 0 0
6.94 0 0 0 0
6.96 0 0 0 0
6.98 0 0 0 0
7 0 0 0 0
7.02 0 0 0 0
7.04 0 0 0 0
7.06 0 0 0 0
7.08 0 0 0 0
7.1 0 0 0 0
7.12 0 0 0 0
7.14 0 0 0 0
7.16 0 0 0 0
7.18 0 0 0 0
7.2 0 0 0 0
7.22 0 0 0 0
7.24 0 0 0 0
7.26 0 0 0 0
7.28 0 0 0 0
7.3 0 0 0 0
7.32 0 0 0 0
7.34 0 0 0 0
7.36 0 0 0 0
7.38 0 0 0 0
7.4 0 0 0 0
7.42 0 0 0 0
7.44 0 0 0 0
7.46 0 0 0 0
7.48 0 0 0 0
7.5 0 0 0 0
7.52 0 0 0 0
7.54 0 0 0 0
7.56 0 0 0 0
7.58 0 0 0 0
7.6 0 0 0 0
7.62 0 0 0 0
7.64 0 0 0 0
7.66 0 0 0 0
7.68 0 0 0 0
7.7 0 0 0 0
7.72 0 0 0 0
7.74 0 0 0 0
7.76 0 0 0 0
7.78 0 0 0 0
7.8 0 0 0 0
7.82 0 0 0 0
7.84 0 0 0 0
7.86 0 0 0 0
7.88 0 0 0 0
7.9 0 0 0 0
7.92 0 0 -1.22741997241974 0
7.94 0 0 -1.33464002609253 0
7.96 0 0 -0.660565972328186 0.305563002824783
7.98 0 0 -0.533033013343811 0.563212990760803
