0 0 0 0 0
0.02 0 0 0 0
0.04 0 0 0 0
0.06 0 0 0 0
0.08 0 0 0 0
0.1 0 0 0 0
0.12 0 0 0 0
0.14 0 0 0 0
0.16 0 0 0 0
0.18 0 0 0 0
0.2 0 0 0 0
0.22 0 0 0 0
0.24 0 0 0 0
0.26 0 0 0 0
0.28 0 0 0 0
0.3 0 0 0 0
0.32 0 0 0 0
0.34 0 0 0 0
0.36 0 0 0 0
0.38 0 0 0 0
0.4 0 0 0 0
0.42 0 0 0 0
0.44 0 0 0 0
0.46 0 0 0 0
0.48 0 0 0 0
0.5 0 0 0 0
0.52 0 0 0 0
0.54 0 0 0 0
0.56 0 0 0 0
0.58 0 0 0 0
0.6 0 0 0 0
0.62 0 0 0 0
0.64 0 0 0 0
0.66 0 0 0 0
0.68 0 0 0 0
0.7 0 0 0 0
0.72 0 0 0 0
0.74 0 0 0 0
0.76 0 0 0 0
0.78 0 0 0 0
0.8 0 0 0 0
0.82 0 0 0 0
0.84 0 0 0 0
0.86 0 0 0 0
0.88 0 0 0 0
0.9 0 0 0 0
0.92 0 0 0 0
0.94 0 0 0 0
0.96 0 0 0 0
0.98 0 0 0 0
1 0 0 0 0
1.02 0 0 0 0
1.04 0 0 0 0
1.06 0 0 0 0
1.08 0 0 0 0
1.1 0 0 0 0
1.12 0 0 0 0
1.14 0 0 0 0
1.16 0 0 0 0
1.18 0 0 0 0
1.2 0 0 0 0
1.22 0 0 0 0
1.24 0 0 0 0
1.26 0 0 0 0
1.28 0 0 0 0
1.3 0 0 0 0
1.32 0 0 0 0
1.34 0 0 0 0
1.36 0 0 0 0
1.38 0 0 0 0
1.4 0 0 0 0
1.42 0 0 0 0
1.44 0 0 0 0
1.46 0 0 0 0
1.48 0 0 0 0
1.5 0 0 0 0
1.52 0 0 0 0
1.54 0 0 0 0
1.56 0 0 0 0
1.58 0 0 0 0
1.6 0 0 0 0
1.62 0 0 0 0
1.64 0 0 0 0
1.66 0 0 0 0
1.68 0 0 0 0
1.7 0 0 0 0
1.72 0 0 0 0
1.74 0 0 0 0
1.76 0 0 0 0
1.78 0 0 0 0
1.8 0 0 0 0
1.82 0 0 0 0
1.84 0 0 0 0
1.86 0 0 0 0
1.88 0 0 0 0
1.9 0 0 0 0
1.92 0 0 0 0
1.94 0 0 0 0
1.96 0 0 0 0
1.98 0 0 0 0
2 0 0 0 0
2.02 0 0 0 0
2.04 0 0 0 0
2.06 0 0 0 0
2.08 0 0 0 0
2.1 0 0 0 0
2.12 0 0 0 0
2.14 0 0 0 0
2.16 0 0 0 0
2.18 0 0 0 0
2.2 0 0 0 0
2.22 0 0 0 0
2.24 0 0 0 0
2.26 0 0 0 0
2.28 0 0 0 0
2.3 0 0 0 0
2.32 0 0 0 0
2.34 0 0 0 0
2.36 0 0 0 0
2.38 0 0 0 0
2.4 0 0 0 0
2.42 0 0 0 0
2.44 0 0 0 0
2.46 0 0 0 0
2.48 0 0 0 0
2.5 0 0 0 0
2.52 0 0 0 0
2.54 0 0 0 0
2.56 0 0 0 0
2.58 0 0 0 0
2.6 0 0 0 0
2.62 0 0 0 0
2.64 0 0 0 0
2.66 0 0 0 0
2.68 0 0 0 0
2.7 0 0 0 0
2.72 0 0 0 0
2.74 0 0 0 0
2.76 0 0 0 0
2.78 0 0 0 0
2.8 0 0 0 0
2.82 0 0 0 0
2.84 0 0 0 0
2.86 0 0 0 0
2.88 0 0 0 0
2.9 0 0 0 0
2.92 0 0 0 0
2.94 0 0 0 0
2.96 0 0 0 0
2.98 0 0 0 0
3 0 0 0 0
3.02 0 0 0 0
3.04 0 0 0 0
3.06 0 0 0 0
3.08 0 0 0 0
3.1 0 0 0 0
3.12 0 0 0 0
3.14 0 0 0 0
3.16 0 0 0 0
3.18 0 0 0 0
3.2 0 0 0 0
3.22 0 0 0 0
3.24 0 0 0 0
3.26 0 0 0 0
3.28 0 0 0 0
3.3 0 0 0 0
3.32 0 0 0 0
3.34 0 0 0 0
3.36 0 0 0 0
3.38 0 0 0 0
3.4 0 0 0 0
3.42 0 0 0 0
3.44 0 0 0 0
3.46 0 0 0 0
3.48 0 0 0 0
3.5 0 0 0 0
3.52 0 0 0 0
3.54 0 0 0 0
3.56 0 0 0 0
3.58 0 0 0 0
3.6 0 0 0 0
3.62 0 0 0 0
3.64 0 0 0 0
3.66 0 0 0 0
3.68 0 0 0 0
3.7 0 0 0 0
3.72 0 0 0 0
3.74 0 0 0 0
3.76 0 0 0 0
3.78 0 0 0 0
3.8 0 0 0 0
3.82 0 0 0 0
3.84 0 0 0 0
3.86 0 0 0 0
3.88 0 0 0 0
3.9 0 0 0 0
3.92 0 0 0 0
3.94 0 0 0 0
3.96 0 0 0 0
3.98 0 0 0 0
4 0 0 0 0
4.02 0 0 0 0
4.04 0 0 0 0
4.06 0 0 0 0
4.08 0 0 0 0
4.1 0 0 0 0
4.12 0 0 0 0
4.14 0 0 0 0
4.16 0 0 0 0
4.18 0 0 0 0
4.2 0 0 0 0
4.22 0 0 0 0
4.24 0 0 0 0
4.26 0 0 0 0
4.28 0 0 0 0
4.3 0 0 0 0
4.32 0 0 0 0
4.34 0 0 0 0
4.36 0 0 0 0
4.38 0 0 0 0
4.4 0 0 0 0
4.42 0 0 0 0
4.44 0 0 0 0
4.46 4.59999990463257 4.59999990463257 0 0
4.48 4.59999990463257 4.59999990463257 2.51637005805969 2.72164988517761
4.5 4.59999990463257 4.59999990463257 6.94352006912231 7.99279022216797
4.52 4.59999990463257 4.59999990463257 8.88376045227051 10.7547998428345
4.54 4.59999990463257 4.59999990463257 10.4878997802734 12.8770999908447
4.56 4.59999990463257 4.59999990463257 11.5795001983643 14.345100402832
4.58 4.59999990463257 4.59999990463257 12.0607004165649 14.5340995788574
4.6 4.59999990463257 4.59999990463257 13.1550998687744 15.0118999481201
4.62 4.59999990463257 4.59999990463257 14.4010000228882 15.9261999130249
4.64 4.59999990463257 4.59999990463257 15.2747001647949 16.75830078125
4.66 4.59999990463257 4.59999990463257 16.1347007751465 16.9582004547119
4.68 4.59999990463257 4.59999990463257 16.7031993865967 17.5538005828857
4.7 4.59999990463257 4.59999990463257 17.5799999237061 18.4606990814209
4.72 4.59999990463257 4.59999990463257 18.0874996185303 19.027099609375
4.74 4.59999990463257 4.59999990463257 18.5559005737305 19.4785003662109
4.76 4.59999990463257 4.59999990463257 18.911600112915 20.0457000732422
4.78 4.59999990463257 4.59999990463257 19.4680004119873 20.4006004333496
4.8 4.59999990463257 4.59999990463257 19.37619972229 20.5911998748779
4.82 4.59999990463257 4.59999990463257 19.7479000091553 20.9591007232666
4.84 4.59999990463257 4.59999990463257 19.8889999389648 21.1956996917725
4.86 4.59999990463257 4.59999990463257 20.0018997192383 21.1933994293213
4.88 4.59999990463257 4.59999990463257 20.2740001678467 21.6040000915527
4.9 4.59999990463257 4.59999990463257 20.4669990539551 21.778600692749
4.92 4.59999990463257 4.59999990463257 20.5393009185791 21.5442008972168
4.94 4.59999990463257 4.59999990463257 20.5069007873535 21.7961006164551
4.96 4.59999990463257 4.59999990463257 20.8099994659424 21.9048004150391
4.98 4.59999990463257 4.59999990463257 20.4799995422363 21.8386001586914
5 4.59999990463257 4.59999990463257 20.793399810791 21.9479999542236
5.02 4.59999990463257 4.59999990463257 21.0240993499756 22.1021995544434
5.04 4.59999990463257 4.59999990463257 21.0251007080078 22.1469993591309
5.06 4.59999990463257 4.59999990463257 21.0251007080078 22.1965007781982
5.08 4.59999990463257 4.59999990463257 21.0662002563477 22.3617000579834
5.1 4.59999990463257 4.59999990463257 21.0618991851807 22.1329002380371
5.12 4.59999990463257 4.59999990463257 20.8738994598389 22.3476009368896
5.14 4.59999990463257 4.59999990463257 21.0809001922607 22.2996006011963
5.16 4.59999990463257 4.59999990463257 21.150899887085 22.3234996795654
5.18 4.59999990463257 4.59999990463257 21.3773994445801 22.5303001403809
5.2 4.59999990463257 4.59999990463257 21.271900177002 22.4449996948242
5.22 4.59999990463257 4.59999990463257 21.0841007232666 22.3264999389648
5.24 4.59999990463257 4.59999990463257 21.2073993682861 22.4015998840332
5.26 4.59999990463257 4.59999990463257 21.0482997894287 22.3826999664307
5.28 4.59999990463257 4.59999990463257 21.1912994384766 22.3019008636475
5.3 4.59999990463257 4.59999990463257 21.3833999633789 22.4909000396729
5.32 4.59999990463257 4.59999990463257 21.3826999664307 22.4887008666992
5.34 4.59999990463257 4.59999990463257 21.3313007354736 22.5527992248535
5.36 4.59999990463257 4.59999990463257 21.3071994781494 22.599100112915
5.38 4.59999990463257 4.59999990463257 21.3218002319336 22.4887008666992
5.4 4.59999990463257 4.59999990463257 21.2115993499756 22.5303001403809
5.42 4.59999990463257 4.59999990463257 21.230899810791 22.5067005157471
5.44 4.59999990463257 4.59999990463257 21.2217998504639 22.5067005157471
5.46 4.59999990463257 4.59999990463257 21.3796997070313 22.6592998504639
5.48 4.59999990463257 4.59999990463257 21.3950996398926 22.6741008758545
5.5 4.59999990463257 4.59999990463257 21.2921009063721 22.4405994415283
5.52 4.59999990463257 4.59999990463257 21.4342002868652 22.5214004516602
5.54 4.59999990463257 4.59999990463257 21.2984008789063 22.4843006134033
5.56 4.59999990463257 4.59999990463257 21.2285995483398 22.4204998016357
5.58 4.59999990463257 4.59999990463257 21.2868995666504 22.6718997955322
5.6 4.59999990463257 4.59999990463257 21.4081001281738 22.5811004638672
5.62 4.59999990463257 4.59999990463257 21.3997993469238 22.6037998199463
5.64 4.59999990463257 4.59999990463257 21.4039001464844 22.6308994293213
5.66 4.59999990463257 4.59999990463257 21.4218006134033 22.6376991271973
5.68 4.59999990463257 4.59999990463257 21.2793006896973 22.6037998199463
5.7 4.59999990463257 4.59999990463257 21.2168998718262 22.4741992950439
5.72 4.59999990463257 4.59999990463257 21.2763004302979 22.7290992736816
5.74 4.59999990463257 4.59999990463257 21.375 22.5520000457764
5.76 4.59999990463257 4.59999990463257 21.4090003967285 22.6753005981445
5.78 4.59999990463257 4.59999990463257 21.4328002929688 22.5900993347168
5.8 4.59999990463257 4.59999990463257 21.2658004760742 22.4204998016357
5.82 4.59999990463257 4.59999990463257 21.2572002410889 22.4999008178711
5.84 4.59999990463257 4.59999990463257 21.3414001464844 22.461799621582
5.86 4.59999990463257 4.59999990463257 21.300500869751 22.5471992492676
5.88 4.59999990463257 4.59999990463257 21.3516006469727 22.6501998901367
5.9 4.59999990463257 4.59999990463257 21.328800201416 22.505500793457
5.92 4.59999990463257 4.59999990463257 21.3271007537842 22.5641002655029
5.94 4.59999990463257 4.59999990463257 21.3519992828369 22.5258007049561
5.96 4.59999990463257 4.59999990463257 21.2994995117188 22.5268993377686
5.98 4.59999990463257 4.59999990463257 21.324499130249 22.7049007415771
6 4.59999990463257 4.59999990463257 21.2500991821289 22.5946006774902
6.02 4.59999990463257 4.59999990463257 21.2140007019043 22.5732002258301
6.04 4.59999990463257 4.59999990463257 21.4263000488281 22.6410999298096
6.06 4.59999990463257 4.59999990463257 21.2994995117188 22.3647994995117
6.08 4.59999990463257 4.59999990463257 21.2416000366211 22.4249000549316
6.1 4.59999990463257 4.59999990463257 21.2742004394531 22.5337009429932
6.12 4.59999990463257 4.59999990463257 21.3169994354248 22.4920997619629
6.14 4.59999990463257 4.59999990463257 21.3537006378174 22.5969009399414
6.16 4.59999990463257 4.59999990463257 21.3731994628906 22.6389007568359
6.18 4.59999990463257 4.59999990463257 21.3537006378174 22.5312995910645
6.2 4.59999990463257 4.59999990463257 21.4538993835449 22.6014995574951
6.22 4.59999990463257 4.59999990463257 21.3780994415283 22.5527992248535
6.24 4.59999990463257 4.59999990463257 21.2614002227783 22.4853992462158
6.26 4.59999990463257 4.59999990463257 21.1285991668701 22.6390991210938
6.28 4.59999990463257 4.59999990463257 21.2297992706299 22.6924991607666
6.3 4.59999990463257 4.59999990463257 21.2147998809814 22.5067005157471
6.32 4.59999990463257 4.59999990463257 21.4113998413086 22.6695995330811
6.34 4.59999990463257 4.59999990463257 21.4036998748779 22.4820003509521
6.36 4.59999990463257 4.59999990463257 21.2738990783691 22.3416996002197
6.38 4.59999990463257 4.59999990463257 21.3418998718262 22.5629005432129
6.4 4.59999990463257 4.59999990463257 21.3626003265381 22.5021991729736
6.42 4.59999990463257 4.59999990463257 21.2126998901367 22.5450000762939
6.44 4.59999990463257 4.59999990463257 21.3624992370605 22.6275005340576
6.46 4.59999990463257 4.59999990463257 21.3803997039795 22.6331996917725
6.48 4.59999990463257 4.59999990463257 21.3223991394043 22.5797996520996
6.5 4.59999990463257 4.59999990463257 21.3805999755859 22.5146007537842
6.52 4.59999990463257 4.59999990463257 21.4027004241943 22.7073993682861
6.54 4.59999990463257 4.59999990463257 21.4610996246338 22.61549949646
6.56 4.59999990463257 4.59999990463257 21.2597999572754 22.6263008117676
6.58 4.59999990463257 4.59999990463257 21.3017997741699 22.6275005340576
6.6 4.59999990463257 4.59999990463257 21.3894996643066 22.5629005432129
6.62 4.59999990463257 4.59999990463257 21.5084991455078 22.4640998840332
6.64 4.59999990463257 4.59999990463257 21.4048004150391 22.5223999023438
6.66 4.59999990463257 4.59999990463257 21.4027996063232 22.4372005462646
6.68 4.59999990463257 4.59999990463257 21.4885997772217 22.5415992736816
6.7 4.59999990463257 4.59999990463257 21.2759990692139 22.5844993591309
6.72 4.59999990463257 4.59999990463257 21.3197002410889 22.5009994506836
6.74 4.59999990463257 4.59999990463257 21.4668006896973 22.5652008056641
6.76 4.59999990463257 4.59999990463257 21.425199508667 22.5289001464844
6.78 4.59999990463257 4.59999990463257 21.4002990722656 22.4109992980957
6.8 4.59999990463257 4.59999990463257 21.4724006652832 22.5844993591309
6.82 4.59999990463257 4.59999990463257 21.2742004394531 22.4797992706299
6.84 4.59999990463257 4.59999990463257 21.150899887085 22.4395008087158
6.86 4.59999990463257 4.59999990463257 21.2129001617432 22.5450000762939
6.88 4.59999990463257 4.59999990463257 21.2814998626709 22.3162002563477
6.9 4.59999990463257 4.59999990463257 21.4650001525879 22.4568004608154
6.92 4.59999990463257 4.59999990463257 21.3637008666992 22.4216995239258
6.94 4.59999990463257 4.59999990463257 21.3791999816895 22.3395004272461
6.96 4.59999990463257 4.59999990463257 21.3008003234863 22.5540008544922
6.98 4.59999990463257 4.59999990463257 21.2339000701904 22.4440002441406
7 4.59999990463257 4.59999990463257 21.3383007049561 22.5312995910645
7.02 4.59999990463257 4.59999990463257 21.2759990692139 22.4988994598389
7.04 4.59999990463257 4.59999990463257 21.320499420166 22.3372001647949
7.06 4.59999990463257 4.59999990463257 21.2964000701904 22.585599899292
7.08 4.59999990463257 4.59999990463257 21.3812999725342 22.6263008117676
7.1 4.59999990463257 4.59999990463257 21.3069000244141 22.551700592041
7.12 4.59999990463257 4.59999990463257 21.2901000976563 22.536600112915
7.14 4.59999990463257 4.59999990463257 21.3178997039795 22.5573997497559
7.16 4.59999990463257 4.59999990463257 21.5069999694824 22.5088996887207
7.18 4.59999990463257 4.59999990463257 21.4241008758545 22.5401992797852
7.2 4.59999990463257 4.59999990463257 21.2761993408203 22.5552005767822
7.22 4.59999990463257 4.59999990463257 21.2593002319336 22.5436000823975
7.24 4.59999990463257 4.59999990463257 21.2119007110596 22.4442005157471
7.26 4.59999990463257 4.59999990463257 21.0272998809814 22.4004993438721
7.28 4.59999990463257 4.59999990463257 21.2180995941162 22.4395008087158
7.3 4.59999990463257 4.59999990463257 21.2159996032715 22.3323001861572
7.32 4.59999990463257 4.59999990463257 21.3003997802734 22.487699508667
7.34 4.59999990463257 4.59999990463257 21.1294994354248 22.3339004516602
7.36 4.59999990463257 4.59999990463257 20.9873008728027 22.2824001312256
7.38 4.59999990463257 4.59999990463257 19.9792995452881 22.6888999938965
7.4 4.59999990463257 4.59999990463257 18.9762001037598 22.8279991149902
7.42 4.59999990463257 4.59999990463257 18.7486000061035 22.8491992950439
7.44 4.59999990463257 4.59999990463257 17.6145992279053 22.6275005340576
7.46 4.59999990463257 4.59999990463257 17.5182991027832 22.6252994537354
7.48 4.59999990463257 4.59999990463257 16.021900177002 20.8050994873047
7.5 4.59999990463257 4.59999990463257 14.9820003509521 20.5683002471924
7.52 4.59999990463257 4.59999990463257 15.648699760437 21.4888000488281
7.54 4.59999990463257 4.59999990463257 17.2399005889893 22.1970996856689
7.56 4.59999990463257 4.59999990463257 19.858699798584 23.0027008056641
7.58 4.59999990463257 4.59999990463257 20.7924995422363 23.2859992980957
7.6 4.59999990463257 4.59999990463257 21.8090991973877 23.6240005493164
7.62 4.59999990463257 4.59999990463257 21.9468002319336 23.7183990478516
7.64 4.59999990463257 4.59999990463257 22.3491992950439 23.8878993988037
7.66 4.59999990463257 4.59999990463257 22.417200088501 23.8227996826172
7.68 4.59999990463257 4.59999990463257 22.6672992706299 24.0088996887207
7.7 4.59999990463257 4.59999990463257 22.6366996765137 23.9580001831055
7.72 4.59999990463257 4.59999990463257 22.5743007659912 24.0048007965088
7.74 4.59999990463257 4.59999990463257 22.7824993133545 24.0478992462158
7.76 4.59999990463257 4.59999990463257 22.7696990966797 24.0263004302979
7.78 4.59999990463257 4.59999990463257 22.7945003509521 24.0683994293213
7.8 4.59999990463257 4.59999990463257 22.7509002685547 24.0683994293213
7.82 4.59999990463257 4.59999990463257 22.7807006835938 24.1249008178711
7.84 4.59999990463257 4.59999990463257 22.8213996887207 24.0781002044678
7.86 4.59999990463257 4.59999990463257 22.8677997589111 24.2003993988037
7.88 4.59999990463257 4.59999990463257 22.8176002502441 24.0324001312256
7.9 4.59999990463257 4.59999990463257 22.8064002990723 24.1275997161865
7.92 4.59999990463257 4.59999990463257 22.7600002288818 24.1798000335693
7.94 4.59999990463257 4.59999990463257 22.7875995635986 24.0478992462158
7.96 4.59999990463257 4.59999990463257 22.9710006713867 24.2040996551514
7.98 4.59999990463257 4.59999990463257 22.75830078125 24.1602993011475
