0 0 0 0 0
0.02 0 0 0 0
0.04 0 0 0 0
0.06 0 0 0 0
0.08 0 0 0 0
0.1 0 0 0 0
0.12 0 0 0 0
0.14 0 0 0 0
0.16 0 0 0 0
0.18 0 0 0 0
0.2 0 0 0 0
0.22 0 0 0 0
0.24 0 0 0 0
0.26 0 0 0 0
0.28 0 0 0 0
0.3 0 0 0 0
0.32 0 0 0 0
0.34 0 0 0 0
0.36 0 0 0 0
0.38 0 0 0 0
0.4 0 0 0 0
0.42 0 0 0 0
0.44 0 0 0 0
0.46 0 0 0 0
0.48 0 0 0 0
0.5 0 0 0 0
0.52 0 0 0 0
0.54 0 0 0 0
0.56 0 0 0 0
0.58 0 0 0 0
0.6 0 0 0 0
0.62 0 0 0 0
0.64 0 0 0 0
0.66 0 0 0 0
0.68 0 0 0 0
0.7 0 0 0 0
0.72 0 0 0 0
0.74 0 0 0 0
0.76 0 0 0 0
0.78 0 0 0 0
0.8 0 0 0 0
0.82 0 0 0 0
0.84 0 0 0 0
0.86 0 0 0 0
0.88 0 0 0 0
0.9 0 0 0 0
0.92 0 0 0 0
0.94 0 0 0 0
0.96 0 0 0 0
0.98 0 0 0 0
1 0 0 0 0
1.02 0 0 0 0
1.04 0 0 0 0
1.06 0 0 0 0
1.08 0 0 0 0
1.1 0 0 0 0
1.12 0 0 0 0
1.14 0 0 0 0
1.16 0 0 0 0
1.18 0 0 0 0
1.2 0 0 0 0
1.22 0 0 0 0
1.24 0 0 0 0
1.26 0 0 0 0
1.28 0 0 0 0
1.3 0 0 0 0
1.32 0 0 0 0
1.34 0 0 0 0
1.36 0 0 0 0
1.38 0 0 0 0
1.4 0 0 0 0
1.42 0 0 0 0
1.44 0 0 0 0
1.46 0 0 0 0
1.48 0 0 0 0
1.5 0 0 0 0
1.52 0 0 0 0
1.54 0 0 0 0
1.56 0 0 0 0
1.58 0 0 0 0
1.6 0 0 0 0
1.62 0 0 0 0
1.64 0 0 0 0
1.66 0 0 0 0
1.68 0 0 0 0
1.7 0 0 0 0
1.72 0 0 0 0
1.74 0 0 0 0
1.76 0 0 0 0
1.78 0 0 0 0
1.8 0 0 0 0
1.82 0 0 0 0
1.84 0 0 0 0
1.86 0 0 0 0
1.88 0 0 0 0
1.9 0 0 0 0
1.92 0 0 0 0
1.94 0 0 0 0
1.96 0 0 0 0
1.98 0 0 0 0
2 0 0 0 0
2.02 0 0 0 0
2.04 0 0 0 0
2.06 0 0 0 0
2.08 0 0 0 0
2.1 0 0 0 0
2.12 0 0 0 0
2.14 0 0 0 0
2.16 0 0 0 0
2.18 0 0 0 0
2.2 0 0 0 0
2.22 0 0 0 0
2.24 0 0 0 0
2.26 0 0 0 0
2.28 0 0 0 0
2.3 0 0 0 0
2.32 0 0 0 0
2.34 0 0 0 0
2.36 0 0 0 0
2.38 0 0 0 0
2.4 0 0 0 0
2.42 0 0 0 0
2.44 0 0 0 0
2.46 0 0 0 0
2.48 0 0 0 0
2.5 0 0 0 0
2.52 0 0 0 0
2.54 0 0 0 0
2.56 0 0 0 0
2.58 0 0 0 0.307677000761032
2.6 0 0 0 0.315075010061264
2.62 0 0 0 0.307090014219284
2.64 0 0 0 0.302157998085022
2.66 0 0 0 0.20116400718689
2.68 0 0 0 0.133640006184578
2.7 0 0 0 0
2.72 0 0 0 0
2.74 0 0 0 0
2.76 0 0 0 0
2.78 0 0 0 0
2.8 0 0 0 0
2.82 0 0 0 0
2.84 0 0 0 0
2.86 0 0 0 0
2.88 0 0 0 0
2.9 0 0 0 0
2.92 0 0 0 0
2.94 0 0 0 0
2.96 0 0 0 0
2.98 0 0 0 0
3 0 0 0 0
3.02 0 0 0 0
3.04 0 0 0 0
3.06 0 0 0 0
3.08 0 0 0 0
3.1 0 0 0 0
3.12 0 0 0 0
3.14 0 0 0 0
3.16 0 0 0 0
3.18 0 0 0 0
3.2 0 0 0 0
3.22 0 0 0 0
3.24 0 0 0 0
3.26 0 0 0 0
3.28 0 0 0 0
3.3 0 0 0 0
3.32 0 0 0 0
3.34 0 0 0 0
3.36 0 0 0 0
3.38 0 0 0 0
3.4 0 0 0 0
3.42 0 0 0 0
3.44 0 0 0 0
3.46 0 0 0 0
3.48 0 0 0 0
3.5 0 0 0 0
3.52 0 0 0 0
3.54 0 0 0 0
3.56 0 0 0 0
3.58 0 0 0 0
3.6 0 0 0 0
3.62 0 0 0 0
3.64 0 0 0 0
3.66 0 0 0 0
3.68 0 0 0 0
3.7 0 0 0 0
3.72 0 0 0 0
3.74 0 0 0 0
3.76 0 0 0 0
3.78 0 0 0 0
3.8 0 0 0 0
3.82 0 0 0 0
3.84 0 0 0 0
3.86 0 0 0 0
3.88 0 0 0 0
3.9 0 0 0 0
3.92 0 0 0 0
3.94 0 0 0 0
3.96 0 0 0 0
3.98 0 0 0 0
4 0 0 0 0
4.02 0 0 0 0
4.04 0 0 0 0
4.06 0 0 0 0
4.08 0 0 0 0
4.1 0 0 0 0
4.12 0 0 0 0
4.14 0 0 0 0
4.16 0 0 0 0
4.18 0 0 0 0
4.2 0 0 0 0
4.22 0 0 0 0
4.24 0 0 0 0
4.26 0 0 0 0
4.28 0 0 0 0
4.3 0 0 0 0
4.32 0 0 0 0
4.34 0 0 0 0
4.36 0 0 0 0
4.38 0 0 0 0
4.4 0 0 0 0
4.42 0 0 0 0
4.44 0 0 0 0
4.46 0 0 0 0
4.48 0 0 0 0
4.5 0 0 0 0
4.52 0 0 0 0
4.54 0 0 0 0
4.56 0 0 0 0
4.58 0 0 0 0
4.6 0 0 0 0
4.62 0 0 0 0
4.64 0 0 0 0
4.66 0 0 0 0
4.68 4.59999990463257 4.59999990463257 0 0
4.7 4.59999990463257 4.59999990463257 1.89679002761841 2.66128993034363
4.72 4.59999990463257 4.59999990463257 6.25581979751587 7.16476011276245
4.74 4.59999990463257 4.59999990463257 8.47050952911377 9.76251983642578
4.76 4.59999990463257 4.59999990463257 10.1861000061035 11.5731000900269
4.78 4.59999990463257 4.59999990463257 11.4921998977661 12.8711996078491
4.8 4.59999990463257 4.59999990463257 12.0981998443604 13.5551996231079
4.82 4.59999990463257 4.59999990463257 13.0902004241943 14.0761995315552
4.84 4.59999990463257 4.59999990463257 14.4385995864868 15.0752000808716
4.86 4.59999990463257 4.59999990463257 15.2672004699707 16.0006999969482
4.88 4.59999990463257 4.59999990463257 16.202600479126 16.7703990936279
4.9 4.59999990463257 4.59999990463257 16.7751998901367 17.4876003265381
4.92 4.59999990463257 4.59999990463257 17.6784000396729 18.2043991088867
4.94 4.59999990463257 4.59999990463257 17.9740009307861 18.611499786377
4.96 4.59999990463257 4.59999990463257 18.4071998596191 18.9330997467041
4.98 4.59999990463257 4.59999990463257 18.7273006439209 19.5632991790771
5 4.59999990463257 4.59999990463257 19.1347007751465 19.7833995819092
5.02 4.59999990463257 4.59999990463257 19.0240993499756 19.9421997070313
5.04 4.59999990463257 4.59999990463257 19.392599105835 20.1793994903564
5.06 4.59999990463257 4.59999990463257 19.713399887085 20.4346008300781
5.08 4.59999990463257 4.59999990463257 19.8127002716064 20.3477993011475
5.1 4.59999990463257 4.59999990463257 19.9237995147705 20.5506992340088
5.12 4.59999990463257 4.59999990463257 20.1553001403809 20.7586994171143
5.14 4.59999990463257 4.59999990463257 20.222900390625 20.8131008148193
5.16 4.59999990463257 4.59999990463257 20.1905002593994 20.9267997741699
5.18 4.59999990463257 4.59999990463257 20.1643009185791 21.0883007049561
5.2 4.59999990463257 4.59999990463257 20.3402996063232 21.0883007049561
5.22 4.59999990463257 4.59999990463257 20.5056991577148 21.2017993927002
5.24 4.59999990463257 4.59999990463257 20.4811000823975 21.2726993560791
5.26 4.59999990463257 4.59999990463257 20.738000869751 21.2369003295898
5.28 4.59999990463257 4.59999990463257 20.5478992462158 21.3600997924805
5.3 4.59999990463257 4.59999990463257 20.6625003814697 21.3833999633789
5.32 4.59999990463257 4.59999990463257 20.5212001800537 21.4526996612549
5.34 4.59999990463257 4.59999990463257 20.5499000549316 21.4160995483398
5.36 4.59999990463257 4.59999990463257 20.7064990997314 21.4092998504639
5.38 4.59999990463257 4.59999990463257 20.9843006134033 21.5207996368408
5.4 4.59999990463257 4.59999990463257 20.7859001159668 21.4108009338379
5.42 4.59999990463257 4.59999990463257 20.8712997436523 21.3551998138428
5.44 4.59999990463257 4.59999990463257 20.6583003997803 21.5893993377686
5.46 4.59999990463257 4.59999990463257 20.8537006378174 21.5543003082275
5.48 4.59999990463257 4.59999990463257 20.7063999176025 21.4405994415283
5.5 4.59999990463257 4.59999990463257 20.7609996795654 21.5690994262695
5.52 4.59999990463257 4.59999990463257 20.8057994842529 21.5391006469727
5.54 4.59999990463257 4.59999990463257 20.6606006622314 21.3498001098633
5.56 4.59999990463257 4.59999990463257 20.9501991271973 21.4834003448486
5.58 4.59999990463257 4.59999990463257 20.6648998260498 21.5837001800537
5.6 4.59999990463257 4.59999990463257 20.6851997375488 21.4137992858887
5.62 4.59999990463257 4.59999990463257 20.6676006317139 21.4370994567871
5.64 4.59999990463257 4.59999990463257 20.7021999359131 21.4305000305176
5.66 4.59999990463257 4.59999990463257 20.5674991607666 21.3253993988037
5.68 4.59999990463257 4.59999990463257 20.9288005828857 21.3775997161865
5.7 4.59999990463257 4.59999990463257 20.9486999511719 21.4337997436523
5.72 4.59999990463257 4.59999990463257 20.8460998535156 21.4755001068115
5.74 4.59999990463257 4.59999990463257 20.7318992614746 21.5184993743896
5.76 4.59999990463257 4.59999990463257 20.7502994537354 21.4983997344971
5.78 4.59999990463257 4.59999990463257 20.5997009277344 21.5478000640869
5.8 4.59999990463257 4.59999990463257 20.8314990997314 21.5238990783691
5.82 4.59999990463257 4.59999990463257 20.7054996490479 21.4962997436523
5.84 4.59999990463257 4.59999990463257 20.9015998840332 21.4389991760254
5.86 4.59999990463257 4.59999990463257 20.8645992279053 21.5347995758057
5.88 4.59999990463257 4.59999990463257 20.6462993621826 21.3754005432129
5.9 4.59999990463257 4.59999990463257 20.5569000244141 21.4305992126465
5.92 4.59999990463257 4.59999990463257 20.6284008026123 21.4379997253418
5.94 4.59999990463257 4.59999990463257 20.4790000915527 21.2777004241943
5.96 4.59999990463257 4.59999990463257 20.7075004577637 21.4813003540039
5.98 4.59999990463257 4.59999990463257 20.7248992919922 21.345100402832
6 4.59999990463257 4.59999990463257 20.7383995056152 21.4484004974365
6.02 4.59999990463257 4.59999990463257 20.56130027771 21.6298007965088
6.04 4.59999990463257 4.59999990463257 20.5778999328613 21.4260997772217
6.06 4.59999990463257 4.59999990463257 20.6051006317139 21.4894008636475
6.08 4.59999990463257 4.59999990463257 20.8167991638184 21.6091003417969
6.1 4.59999990463257 4.59999990463257 20.7066993713379 21.529899597168
6.12 4.59999990463257 4.59999990463257 20.7682991027832 21.4764003753662
6.14 4.59999990463257 4.59999990463257 20.8262004852295 21.6352005004883
6.16 4.59999990463257 4.59999990463257 20.9559001922607 21.5690994262695
6.18 4.59999990463257 4.59999990463257 20.7453002929688 21.5314998626709
6.2 4.59999990463257 4.59999990463257 20.7560997009277 21.4416999816895
6.22 4.59999990463257 4.59999990463257 20.8449993133545 21.4871997833252
6.24 4.59999990463257 4.59999990463257 20.7479991912842 21.4916000366211
6.26 4.59999990463257 4.59999990463257 21.1571998596191 21.5429000854492
6.28 4.59999990463257 4.59999990463257 20.86669921875 21.6107997894287
6.3 4.59999990463257 4.59999990463257 20.9498996734619 21.630500793457
6.32 4.59999990463257 4.59999990463257 20.9524002075195 21.5919990539551
6.34 4.59999990463257 4.59999990463257 20.7259006500244 21.5442008972168
6.36 4.59999990463257 4.59999990463257 20.7033996582031 21.5559005737305
6.38 4.59999990463257 4.59999990463257 20.9486999511719 21.5417003631592
6.4 4.59999990463257 4.59999990463257 20.9081993103027 21.4846992492676
6.42 4.59999990463257 4.59999990463257 20.8946990966797 21.6429996490479
6.44 4.59999990463257 4.59999990463257 21.1476993560791 21.5905990600586
6.46 4.59999990463257 4.59999990463257 20.9337005615234 21.5792999267578
6.48 4.59999990463257 4.59999990463257 20.744800567627 21.5195007324219
6.5 4.59999990463257 4.59999990463257 20.8929004669189 21.5013999938965
6.52 4.59999990463257 4.59999990463257 20.7234001159668 21.4741992950439
6.54 4.59999990463257 4.59999990463257 21.051399230957 21.4941997528076
6.56 4.59999990463257 4.59999990463257 21.2772006988525 21.6217002868652
6.58 4.59999990463257 4.59999990463257 20.8111000061035 21.5044002532959
6.6 4.59999990463257 4.59999990463257 20.7863006591797 21.511100769043
6.62 4.59999990463257 4.59999990463257 20.80299949646 21.528299331665
6.64 4.59999990463257 4.59999990463257 20.6648998260498 21.4904003143311
6.66 4.59999990463257 4.59999990463257 20.845100402832 21.455099105835
6.68 4.59999990463257 4.59999990463257 20.7658004760742 21.4519004821777
6.7 4.59999990463257 4.59999990463257 20.931999206543 21.5314998626709
6.72 4.59999990463257 4.59999990463257 20.9344005584717 21.4836006164551
6.74 4.59999990463257 4.59999990463257 20.7852993011475 21.5062999725342
6.76 4.59999990463257 4.59999990463257 20.8451995849609 21.4925003051758
6.78 4.59999990463257 4.59999990463257 20.7658004760742 21.3150005340576
6.8 4.59999990463257 4.59999990463257 20.6215000152588 21.3600997924805
6.82 4.59999990463257 4.59999990463257 20.7791004180908 21.4874000549316
6.84 4.59999990463257 4.59999990463257 20.815299987793 21.5456008911133
6.86 4.59999990463257 4.59999990463257 21.1273994445801 21.5249004364014
6.88 4.59999990463257 4.59999990463257 20.8868007659912 21.5977001190186
6.9 4.59999990463257 4.59999990463257 20.8325004577637 21.5359001159668
6.92 4.59999990463257 4.59999990463257 20.9249992370605 21.5825004577637
6.94 4.59999990463257 4.59999990463257 20.7043991088867 21.6329002380371
6.96 4.59999990463257 4.59999990463257 20.7728004455566 21.5279006958008
6.98 4.59999990463257 4.59999990463257 20.9853000640869 21.6245002746582
7 4.59999990463257 4.59999990463257 20.8645992279053 21.6910991668701
7.02 4.59999990463257 4.59999990463257 21.0251007080078 21.6854991912842
7.04 4.59999990463257 4.59999990463257 20.9297008514404 21.5499000549316
7.06 4.59999990463257 4.59999990463257 20.8269004821777 21.5690994262695
7.08 4.59999990463257 4.59999990463257 20.8645992279053 21.5330009460449
7.1 4.59999990463257 4.59999990463257 20.6867008209229 21.5387992858887
7.12 4.59999990463257 4.59999990463257 20.8470001220703 21.5126991271973
7.14 4.59999990463257 4.59999990463257 21.093599319458 21.7152996063232
7.16 4.59999990463257 4.59999990463257 21.0734996795654 21.653600692749
7.18 4.59999990463257 4.59999990463257 20.7658004760742 21.5727996826172
7.2 4.59999990463257 4.59999990463257 20.9211006164551 21.6534004211426
7.22 4.59999990463257 4.59999990463257 20.8428993225098 21.5932006835938
7.24 4.59999990463257 4.59999990463257 20.75119972229 21.523099899292
7.26 4.59999990463257 4.59999990463257 20.9655990600586 21.608699798584
7.28 4.59999990463257 4.59999990463257 20.8584003448486 21.7243003845215
7.3 4.59999990463257 4.59999990463257 20.8873996734619 21.5618991851807
7.32 4.59999990463257 4.59999990463257 20.99049949646 21.5706996917725
7.34 4.59999990463257 4.59999990463257 20.7525997161865 21.5944995880127
7.36 4.59999990463257 4.59999990463257 20.8621006011963 21.3894004821777
7.38 4.59999990463257 4.59999990463257 20.764799118042 21.3955993652344
7.4 4.59999990463257 4.59999990463257 20.7238006591797 21.5006008148193
7.42 4.59999990463257 4.59999990463257 20.8656997680664 21.5536994934082
7.44 4.59999990463257 4.59999990463257 20.9445991516113 21.5720996856689
7.46 4.59999990463257 4.59999990463257 20.8687000274658 21.6107997894287
7.48 4.59999990463257 4.59999990463257 21.0314998626709 21.4687995910645
7.5 4.59999990463257 4.59999990463257 20.6800003051758 21.5739002227783
7.52 4.59999990463257 4.59999990463257 20.8057994842529 21.6042995452881
7.54 4.59999990463257 4.59999990463257 20.8325004577637 21.4053993225098
7.56 4.59999990463257 4.59999990463257 20.7453002929688 21.6704006195068
7.58 4.59999990463257 4.59999990463257 21.0179004669189 21.6587009429932
7.6 4.59999990463257 4.59999990463257 20.9559993743896 21.6068992614746
7.62 4.59999990463257 4.59999990463257 20.9050006866455 21.5893993377686
7.64 4.59999990463257 4.59999990463257 20.906099319458 21.5641994476318
7.66 4.59999990463257 4.59999990463257 20.7842998504639 21.5559005737305
7.68 4.59999990463257 4.59999990463257 20.8299999237061 21.5414009094238
7.7 4.59999990463257 4.59999990463257 20.9445991516113 21.6107997894287
7.72 4.59999990463257 4.59999990463257 20.7863006591797 21.7369003295898
7.74 4.59999990463257 4.59999990463257 21.1063003540039 21.7999992370605
7.76 4.59999990463257 4.59999990463257 21.0650997161865 21.6937007904053
7.78 4.59999990463257 4.59999990463257 20.7667999267578 21.6525001525879
7.8 4.59999990463257 4.59999990463257 20.7840003967285 21.7731990814209
7.82 4.59999990463257 4.59999990463257 20.9081993103027 21.5238990783691
7.84 4.59999990463257 4.59999990463257 20.8068008422852 21.6669006347656
7.86 4.59999990463257 4.59999990463257 20.8955993652344 21.7576007843018
7.88 4.59999990463257 4.59999990463257 20.8460998535156 21.1305999755859
7.9 4.59999990463257 4.59999990463257 20.4685001373291 20.5781993865967
7.92 4.59999990463257 4.59999990463257 20.4761009216309 20.165599822998
7.94 4.59999990463257 4.59999990463257 20.1502990722656 20.3686008453369
7.96 4.59999990463257 4.59999990463257 20.2954006195068 20.9454002380371
7.98 4.59999990463257 4.59999990463257 20.9050006866455 21.422700881958
