0 0 0 0 0
0.04 0 0 0 0
0.08 0 0 0 0
0.12 0 0 0 0
0.16 0 0 0 0
0.2 0 0 0 0
0.24 0 0 0 0
0.28 0 0 0 0
0.32 0 0 0 0
0.36 0 0 0 0
0.4 0 0 0 0
0.44 0 0 0 0
0.48 0 0 0 0
0.52 0 0 0 0
0.56 0 0 0 0
0.6 0 0 0 0
0.64 0 0 0 0
0.68 0 0 0 0
0.72 0 0 0 0
0.76 0 0 0 0
0.8 0 0 0 0
0.84 0 0 0 0
0.88 0 0 0 0
0.92 0 0 0 0
0.96 0 0 0 0
1 0 0 0 0
1.04 0 0 0 0
1.08 0 0 0 0
1.12 0 0 0 0
1.16 0 0 0 0
1.2 0 0 0 0
1.24 0 0 0 0
1.28 0 0 0 0
1.32 0 0 0 0
1.36 0 0 0 0
1.4 0 0 0 0
1.44 0 0 0 0
1.48 0 0 0 0
1.52 0 0 0 0
1.56 0 0 0 0
1.6 0 0 0 0
1.64 0 0 0 0
1.68 0 0 0 0
1.72 0 0 0 0
1.76 0 0 0 0
1.8 0 0 0 0
1.84 0 0 0 0
1.88 0 0 0 0
1.92 0 0 0 0
1.96 0 0 0 0
2 0 0 0 0
2.04 0 0 0 0
2.08 0 0 0 0
2.12 0 0 0 0
2.16 0 0 0 0
2.2 0 0 0 0
2.24 0 0 0 0
2.28 0 0 0 0
2.32 0 0 0 0
2.36 0 0 0 0
2.4 0 0 0 0
2.44 0 0 0 0
2.48 0 0 0 0
2.52 0 0 0 0
2.56 0 0 0 0
2.6 0 0 0 0
2.64 0 0 0 0
2.68 0 0 0 0
2.72 0 0 0 0
2.76 0 0 0 0
2.8 0 0 0 0
2.84 0 0 0 0
2.88 0 0 0 0
2.92 0 0 0 0
2.96 0 0 0 0
3 0 0 0 0
3.04 0 0 0 0
3.08 0 0 0 0
3.12 0 0 0 0
3.16 0 0 0 0
3.2 0 0 0 0
3.24 0 0 0 0
3.28 0 0 0 0
3.32 0 0 0 0
3.36 0 0 0 0
3.4 0 0 0 0
3.44 0 0 0 0
3.48 0 0 0 0
3.52 0 0 0 0
3.56 0 0 0 0
3.6 0 0 0 0
3.64 0 0 0 0
3.68 0 0 0 0
3.72 0 0 0 0
3.76 0 0 0 0
3.8 0 0 0 0
3.84 0 0 0 0
3.88 0 0 0 0
3.92 0 0 0 0
3.96 0 0 0 0
4 0 0 0 0
4.04 0 0 0 0
4.08 0 0 0 0
4.12 0 0 0 0
4.16 0 0 0 0
4.2 0 0 0 0
4.24 0 0 0 0
4.28 0 0 0 0
4.32 0 0 0 0
4.36 0 0 0 0
4.4 0 0 0 0
4.44 0 0 0 0
4.48 0 0 0 0
4.52 0 0 0 0
4.56 0 0 0 0
4.6 0 0 0 0
4.64 0 0 0 0
4.68 0 0 0 0
4.72 0 0 0 0
4.76 0 0 0 0
4.8 0 0 0 0
4.84 0 0 0 0
4.88 0 0 0 0
4.92 0 0 0 0
4.96 0 0 0 0
5 0 0 0 0
5.04 0 0 0 0
5.08 0 0 0 0
5.12 0 0 0 0
5.16 0 0 0 0
5.2 0 0 0 0
5.24 0 0 0 0
5.28 0 0 0 0
5.32 0 0 0 0
5.36 0 0 0 0
5.4 0 0 0 0
5.44 0 0 0 0
5.48 0 0 0 0
5.52 0 0 0 0
5.56 0 0 0 0
5.6 0 0 0 0
5.64 0 0 0 0
5.68 0 0 0 0
5.72 0 0 0 0
5.76 0 0 0 0
5.8 0 0 0 0
5.84 0 0 0 0
5.88 0 0 0 0
5.92 0 0 0 0
5.96 0 0 0 0
6 0 0 0 0
6.04 0 0 0 0
6.08 5.59999990463257 5.59999990463257 0 0
6.12 5.59999990463257 5.59999990463257 2.4465000629425 3.39419007301331
6.16 5.59999990463257 5.59999990463257 6.14297008514404 8.61847972869873
6.2 5.59999990463257 5.59999990463257 9.23770999908447 11.1243000030518
6.24 5.59999990463257 5.59999990463257 11.6660003662109 12.9103002548218
6.28 5.59999990463257 5.59999990463257 13.6759996414185 15.0925998687744
6.32 5.59999990463257 5.59999990463257 15.5588998794556 17.0415000915527
6.36 5.59999990463257 5.59999990463257 17.0459003448486 18.6028995513916
6.4 5.59999990463257 5.59999990463257 18.2227001190186 19.7397994995117
6.44 5.59999990463257 5.59999990463257 19.0709991455078 20.5932006835938
6.48 5.59999990463257 5.59999990463257 19.9249000549316 21.4230003356934
6.52 5.59999990463257 5.59999990463257 20.5830001831055 22.0559005737305
6.56 5.59999990463257 5.59999990463257 21.1571998596191 22.5946006774902
6.6 5.59999990463257 5.59999990463257 21.5186004638672 22.9971008300781
6.64 5.59999990463257 5.59999990463257 22.3141994476318 23.6770992279053
6.68 5.59999990463257 5.59999990463257 23.5977993011475 24.9120006561279
6.72 5.59999990463257 5.59999990463257 24.3031997680664 25.6762008666992
6.76 5.59999990463257 5.59999990463257 24.341100692749 25.2861995697021
6.8 5.59999990463257 5.59999990463257 23.6919002532959 25.2752990722656
6.84 5.59999990463257 5.59999990463257 24.0902004241943 25.3859996795654
6.88 5.59999990463257 5.59999990463257 24.4146003723145 26.0104007720947
6.92 5.59999990463257 5.59999990463257 24.7234992980957 25.9340000152588
6.96 5.59999990463257 5.59999990463257 24.3148002624512 25.922700881958
7 5.59999990463257 5.59999990463257 24.3596000671387 25.7441997528076
7.04 5.59999990463257 5.59999990463257 24.7740993499756 25.9883995056152
7.08 5.59999990463257 5.59999990463257 24.8927001953125 26.1254997253418
7.12 5.59999990463257 5.59999990463257 24.7492008209229 26.0648994445801
7.16 5.59999990463257 5.59999990463257 25.0069007873535 26.3605003356934
7.2 5.59999990463257 5.59999990463257 25.210599899292 26.3603000640869
7.24 5.59999990463257 5.59999990463257 25.1317005157471 26.3215007781982
7.28 5.59999990463257 5.59999990463257 24.9622001647949 26.3071994781494
7.32 5.59999990463257 5.59999990463257 25.1473007202148 26.4669990539551
7.36 5.59999990463257 5.59999990463257 25.2210998535156 26.5886993408203
7.4 5.59999990463257 5.59999990463257 25.3017997741699 26.3868999481201
7.44 5.59999990463257 5.59999990463257 25.1728000640869 26.4680995941162
7.48 5.59999990463257 5.59999990463257 25.289400100708 26.4022006988525
7.52 5.59999990463257 5.59999990463257 25.3230991363525 26.3873996734619
7.56 5.59999990463257 5.59999990463257 25.138500213623 26.4008007049561
7.6 5.59999990463257 5.59999990463257 25.2374992370605 26.4638996124268
7.64 5.59999990463257 5.59999990463257 25.3565006256104 26.5736999511719
7.68 5.59999990463257 5.59999990463257 25.4986991882324 26.5660991668701
7.72 5.59999990463257 5.59999990463257 25.2968006134033 26.5146007537842
7.76 5.59999990463257 5.59999990463257 25.3518009185791 26.6200008392334
7.8 5.59999990463257 5.59999990463257 25.2912998199463 26.5200996398926
7.84 5.59999990463257 5.59999990463257 25.25950050354 26.6249008178711
7.88 5.59999990463257 5.59999990463257 25.3759002685547 26.5848007202148
7.92 5.59999990463257 5.59999990463257 25.4948997497559 26.5491008758545
7.96 5.59999990463257 5.59999990463257 25.1271991729736 26.4505004882813
8 5.59999990463257 5.59999990463257 25.234899520874 26.3915004730225
8.04 5.59999990463257 5.59999990463257 25.3481006622314 26.4699993133545
8.08 5.59999990463257 5.59999990463257 25.3304996490479 26.6277008056641
8.12 5.59999990463257 5.59999990463257 25.2779006958008 26.6973991394043
8.16 5.59999990463257 5.59999990463257 25.3999004364014 26.596700668335
8.2 5.59999990463257 5.59999990463257 25.3460998535156 26.570499420166
8.24 5.59999990463257 5.59999990463257 25.3218002319336 26.5592002868652
8.28 5.59999990463257 5.59999990463257 25.5482997894287 26.730899810791
8.32 5.59999990463257 5.59999990463257 25.675500869751 26.8258991241455
8.36 5.59999990463257 5.59999990463257 25.5228996276855 26.5949993133545
8.4 5.59999990463257 5.59999990463257 25.675500869751 26.4944000244141
8.44 5.59999990463257 5.59999990463257 25.4479007720947 26.5424003601074
8.48 5.59999990463257 5.59999990463257 25.4974994659424 26.5146007537842
8.52 5.59999990463257 5.59999990463257 25.3456001281738 26.6893997192383
8.56 5.59999990463257 5.59999990463257 25.676700592041 26.6909999847412
8.6 5.59999990463257 5.59999990463257 25.6497001647949 26.7176990509033
8.64 5.59999990463257 5.59999990463257 25.3721008300781 26.5666999816895
8.68 5.59999990463257 5.59999990463257 25.5216999053955 26.5431995391846
8.72 5.59999990463257 5.59999990463257 25.3469009399414 26.8139991760254
8.76 5.59999990463257 5.59999990463257 25.4451007843018 26.6212997436523
8.8 5.59999990463257 5.59999990463257 25.2779006958008 26.486400604248
8.84 5.59999990463257 5.59999990463257 25.5228996276855 26.6413993835449
8.88 5.59999990463257 5.59999990463257 25.4195003509521 26.4286003112793
8.92 5.59999990463257 5.59999990463257 25.4130992889404 26.4365005493164
8.96 5.59999990463257 5.59999990463257 25.2285995483398 26.5653991699219
9 5.59999990463257 5.59999990463257 25.6214008331299 26.5797996520996
9.04 5.59999990463257 5.59999990463257 25.4375991821289 26.7141990661621
9.08 5.59999990463257 5.59999990463257 25.5918998718262 26.5604991912842
9.12 5.59999990463257 5.59999990463257 25.388599395752 26.5279006958008
9.16 5.59999990463257 5.59999990463257 25.4733009338379 26.6849002838135
9.2 5.59999990463257 5.59999990463257 25.5984001159668 26.7383003234863
9.24 5.59999990463257 5.59999990463257 25.2467994689941 26.5855007171631
9.28 5.59999990463257 5.59999990463257 25.422700881958 26.5205993652344
9.32 5.59999990463257 5.59999990463257 25.4491004943848 26.4983005523682
9.36 5.59999990463257 5.59999990463257 25.6697998046875 26.6574001312256
9.4 5.59999990463257 5.59999990463257 25.3735008239746 26.4220008850098
9.44 5.59999990463257 5.59999990463257 25.228099822998 26.5245990753174
9.48 5.59999990463257 5.59999990463257 25.3393993377686 26.6280994415283
9.52 5.59999990463257 5.59999990463257 25.4683990478516 26.6390991210938
9.56 5.59999990463257 5.59999990463257 25.1842002868652 26.5983009338379
9.6 5.59999990463257 5.59999990463257 25.5970001220703 26.7222003936768
9.64 5.59999990463257 5.59999990463257 25.4311008453369 26.7469997406006
9.68 5.59999990463257 5.59999990463257 25.2717990875244 26.7031002044678
9.72 5.59999990463257 5.59999990463257 25.3721008300781 26.5849990844727
9.76 5.59999990463257 5.59999990463257 25.1905994415283 26.5799999237061
9.8 5.59999990463257 5.59999990463257 25.5713996887207 26.4890995025635
9.84 5.59999990463257 5.59999990463257 25.4733009338379 26.6035995483398
9.88 5.59999990463257 5.59999990463257 25.3763008117676 26.5100994110107
9.92 5.59999990463257 5.59999990463257 25.3528995513916 26.49049949646
9.96 5.59999990463257 5.59999990463257 25.5216999053955 26.6487998962402
10 5.59999990463257 5.59999990463257 25.30299949646 26.6448993682861
10.04 5.59999990463257 5.59999990463257 25.5459003448486 26.577600479126
10.08 5.59999990463257 5.59999990463257 25.3230991363525 26.5701999664307
10.12 5.59999990463257 5.59999990463257 25.5995006561279 26.6660003662109
10.16 5.59999990463257 5.59999990463257 25.5471992492676 26.6702003479004
10.2 5.59999990463257 5.59999990463257 25.3218002319336 26.6191997528076
10.24 5.59999990463257 5.59999990463257 25.4465999603271 26.5083999633789
10.28 5.59999990463257 5.59999990463257 25.4974994659424 26.6317005157471
10.32 5.59999990463257 5.59999990463257 25.7271995544434 26.5935001373291
10.36 5.59999990463257 5.59999990463257 25.5228996276855 26.7003993988037
10.4 5.59999990463257 5.59999990463257 25.5228996276855 26.7329998016357
10.44 5.59999990463257 5.59999990463257 25.3469009399414 26.6396999359131
10.48 5.59999990463257 5.59999990463257 25.5228996276855 26.8089008331299
10.52 5.59999990463257 5.59999990463257 25.4974994659424 26.6961002349854
10.56 5.59999990463257 5.59999990463257 25.6252994537354 26.6977005004883
10.6 5.59999990463257 5.59999990463257 25.5725994110107 26.6875991821289
10.64 5.59999990463257 5.59999990463257 25.3469009399414 26.6065006256104
10.68 5.59999990463257 5.59999990463257 25.3491992950439 26.5709991455078
10.72 5.59999990463257 5.59999990463257 25.2504997253418 26.4752006530762
10.76 5.59999990463257 5.59999990463257 25.6149997711182 26.5060997009277
10.8 5.59999990463257 5.59999990463257 25.4465999603271 26.6215000152588
10.84 5.59999990463257 5.59999990463257 25.4515991210938 26.5701999664307
10.88 5.59999990463257 5.59999990463257 25.3469009399414 26.5417003631592
10.92 5.59999990463257 5.59999990463257 25.4027996063232 26.5380001068115
10.96 5.59999990463257 5.59999990463257 25.1979999542236 26.5687999725342
11 5.59999990463257 5.59999990463257 25.5228996276855 26.5734004974365
11.04 5.59999990463257 5.59999990463257 25.3469009399414 26.6068992614746
11.08 5.59999990463257 5.59999990463257 25.5228996276855 26.5846996307373
11.12 5.59999990463257 5.59999990463257 25.4706993103027 26.5811004638672
11.16 5.59999990463257 5.59999990463257 25.3122005462646 26.3873996734619
11.2 5.59999990463257 5.59999990463257 25.180700302124 26.2283992767334
11.24 5.59999990463257 5.59999990463257 25.3973007202148 26.3372993469238
11.28 5.59999990463257 5.59999990463257 25.3862991333008 26.4953002929688
11.32 5.59999990463257 5.59999990463257 25.4465999603271 26.4797992706299
11.36 5.59999990463257 5.59999990463257 25.2133007049561 26.2840995788574
11.4 5.59999990463257 5.59999990463257 25.051700592041 26.4120998382568
11.44 5.59999990463257 5.59999990463257 25.2155990600586 26.4444999694824
11.48 5.59999990463257 5.59999990463257 25.3465995788574 26.3981990814209
11.52 5.59999990463257 5.59999990463257 25.520299911499 26.4365005493164
11.56 5.59999990463257 5.59999990463257 25.2754001617432 26.4556007385254
11.6 5.59999990463257 5.59999990463257 25.3796005249023 26.4890995025635
11.64 5.59999990463257 5.59999990463257 25.19700050354 26.4393005371094
11.68 5.59999990463257 5.59999990463257 25.3875007629395 26.4953002929688
11.72 5.59999990463257 5.59999990463257 25.6814002990723 26.5930995941162
11.76 5.59999990463257 5.59999990463257 25.6497001647949 26.7322998046875
11.8 5.59999990463257 5.59999990463257 25.7012004852295 26.6910991668701
11.84 5.59999990463257 5.59999990463257 25.3218002319336 26.5254993438721
11.88 5.59999990463257 5.59999990463257 25.676700592041 26.6916007995605
11.92 5.59999990463257 5.59999990463257 25.5216999053955 26.6587009429932
11.96 5.59999990463257 5.59999990463257 25.6252994537354 26.7136001586914
12 5.59999990463257 5.59999990463257 25.5482997894287 26.8778991699219
12.04 5.59999990463257 5.59999990463257 25.7810001373291 26.7089004516602
12.08 5.59999990463257 5.59999990463257 25.4694004058838 26.6623001098633
12.12 5.59999990463257 5.59999990463257 25.9603996276855 26.8103008270264
12.16 0 0 25.5725994110107 26.7397994995117
12.2 0 0 22.5027008056641 23.4831008911133
12.24 0 0 17.0863990783691 17.9186992645264
12.28 0 0 13.1504001617432 13.4454002380371
12.32 0 0 10.2912998199463 11.0725002288818
12.36 0 0 8.36775016784668 8.57384967803955
12.4 0 0 6.59050989151001 6.57313013076782
12.44 0 0 5.78879022598267 5.46150016784668
12.48 0 0 4.85201978683472 4.22080993652344
12.52 0 0 4.08083009719849 3.56800007820129
12.56 0 0 3.50962996482849 3.19584989547729
12.6 0 0 2.64332008361816 2.59552001953125
12.64 0 0 1.73672997951508 1.65488004684448
12.68 0 0 1.01638996601105 0.874413013458252
12.72 0 0 0.576601028442383 0.344316005706787
12.76 0 0 0.360522001981735 0.184724003076553
12.8 0 0 0.215139001607895 0
12.84 0 0 0 0
12.88 0 0 0 0
12.92 0 0 0 0
12.96 0 0 0 0
13 0 0 0 0
13.04 0 0 0 0
13.08 0 0 0 0
13.12 0 0 0 0
13.16 0 0 0 0
13.2 0 0 0 0
13.24 0 0 0 0
13.28 0 0 0 0
13.32 0 0 0 0
13.36 0 0 0 0
13.4 0 0 0 0
13.44 0 0 0 0
13.48 0 0 0 0
13.52 0 0 0 0
13.56 0 0 0 0
13.6 0 0 0 0
13.64 0 0 0 0
13.68 0 0 0 0
13.72 0 0 0 0
13.76 0 0 0 0
13.8 0 0 0 0
13.84 0 0 0 0
13.88 0 0 0 0
13.92 0 0 0 0
13.96 0 0 0 0
14 0 0 0 0
14.04 0 0 0 0
14.08 0 0 0 0
14.12 0 0 0 0
14.16 0 0 0 0
14.2 0 0 0 0
14.24 0 0 0 0
14.28 0 0 0 0
14.32 0 0 0 0
14.36 0 0 0 0
14.4 0 0 0 0
14.44 0 0 0 0
14.48 0 0 0 0
14.52 0 0 0 0
14.56 0 0 0 0
14.6 0 0 0 0
14.64 0 0 0 0
14.68 0 0 0 0
14.72 0 0 0 0
14.76 0 0 0 0
14.8 0 0 0 0
14.84 0 0 0 0
14.88 0 0 0 0
14.92 0 0 0 0
14.96 0 0 0 0
15 0 0 0 0
15.04 0 0 0 0
15.08 0 0 0 0
15.12 0 0 0 0
15.16 0 0 0 0
15.2 0 0 0 0
15.24 0 0 0 0
15.28 0 0 0 0
15.32 0 0 0 0
15.36 0 0 0 0
15.4 0 0 0 0
15.44 0 0 0 0
15.48 0 0 0 0
15.52 0 0 0 0
15.56 0 0 0 0
15.6 0 0 0 0
15.64 0 0 0 0
15.68 0 0 0 0
15.72 0 0 0 0
15.76 0 0 0 0
15.8 0 0 0 0
15.84 0 0 0 0
15.88 0 0 0 0
15.92 0 0 0 0
15.96 0 0 0 0
