0 0 0 0 0
0.02 0 0 0 0
0.04 0 0 0 0
0.06 0 0 0 0
0.08 0 0 0 0
0.1 0 0 0 0
0.12 0 0 0 0
0.14 0 0 0 0
0.16 0 0 0 0
0.18 0 0 0 0
0.2 0 0 0 0
0.22 0 0 0 0
0.24 0 0 0 0
0.26 0 0 0 0
0.28 0 0 0 0
0.3 0 0 0 0
0.32 0 0 0 0
0.34 0 0 0 0
0.36 0 0 0 0
0.38 0 0 0 0
0.4 0 0 0 0
0.42 0 0 0 0
0.44 0 0 0 0
0.46 0 0 0 0
0.48 0 0 0 0
0.5 0 0 0 0
0.52 0 0 0 0
0.54 0 0 0 0
0.56 0 0 0 0
0.58 0 0 0 0
0.6 0 0 0 0
0.62 0 0 0 0
0.64 0 0 0 0
0.66 0 0 0 0
0.68 0 0 0 0
0.7 0 0 0 0
0.72 0 0 0 0
0.74 0 0 0 0
0.76 0 0 0 0
0.78 0 0 0 0
0.8 0 0 0 0
0.82 0 0 0 0
0.84 0 0 0 0
0.86 0 0 0 0
0.88 0 0 0 0
0.9 0 0 0 0
0.92 0 0 0 0
0.94 0 0 0 0
0.96 0 0 0 0
0.98 0 0 0 0
1 0 0 0 0
1.02 0 0 0 0
1.04 0 0 0 0
1.06 0 0 0 0
1.08 0 0 0 0
1.1 0 0 0 0
1.12 0 0 0 0
1.14 0 0 0 0
1.16 0 0 0 0
1.18 0 0 0 0
1.2 0 0 0 0
1.22 0 0 0 0
1.24 0 0 0 0
1.26 0 0 0 0
1.28 0 0 0 0
1.3 0 0 0 0
1.32 0 0 0 0
1.34 0 0 0 0
1.36 0 0 0 0
1.38 0 0 0 0
1.4 0 0 0 0
1.42 0 0 0 0
1.44 0 0 0 0
1.46 0 0 0 0
1.48 0 0 0 0
1.5 0 0 0 0
1.52 0 0 0 0
1.54 0 0 0 0
1.56 0 0 0 0
1.58 0 0 0 0
1.6 0 0 0 0
1.62 0 0 0 0
1.64 0 0 0 0
1.66 0 0 0 0
1.68 0 0 0 0
1.7 0 0 0 0
1.72 0 0 0 0
1.74 0 0 0 0
1.76 0 0 0 0
1.78 0 0 0 0
1.8 0 0 0 0
1.82 0 0 0 0
1.84 0 0 0 0
1.86 0 0 0 0
1.88 0 0 0 0
1.9 0 0 0 0
1.92 0 0 0 0
1.94 0 0 0 0
1.96 0 0 0 0
1.98 0 0 0 0
2 0 0 0 0
2.02 0 0 0 0
2.04 0 0 0 0
2.06 0 0 0 0
2.08 0 0 0 0
2.1 0 0 0 0
2.12 0 0 0 0
2.14 0 0 0 0
2.16 0 0 0 0
2.18 0 0 0 0
2.2 0 0 0 0
2.22 0 0 0 0
2.24 0 0 0 0
2.26 0 0 0 0
2.28 0 0 0 0
2.3 0 0 0 0
2.32 0 0 0 0
2.34 0 0 0 0
2.36 0 0 0 0
2.38 0 0 0 0
2.4 0 0 0 0
2.42 0 0 0 0
2.44 0 0 0 0
2.46 0 0 0 0
2.48 0 0 0 0
2.5 0 0 0 0
2.52 0 0 0 0
2.54 0 0 0 0
2.56 0 0 0 0
2.58 0 0 0 0
2.6 0 0 0 0
2.62 0 0 0 0
2.64 0 0 0 0
2.66 0 0 0 0
2.68 0 0 0 0
2.7 0 0 0 0
2.72 0 0 0 0
2.74 0 0 0 0
2.76 0 0 0 0
2.78 4.59999990463257 4.59999990463257 0 0
2.8 4.59999990463257 4.59999990463257 2.46023988723755 2.35160994529724
2.82 4.59999990463257 4.59999990463257 6.22434997558594 6.74986982345581
2.84 4.59999990463257 4.59999990463257 8.30515956878662 9.21798038482666
2.86 4.59999990463257 4.59999990463257 9.91565036773682 11.1795997619629
2.88 4.59999990463257 4.59999990463257 11.5050001144409 12.6768999099731
2.9 4.59999990463257 4.59999990463257 12.9597997665405 13.7749004364014
2.92 4.59999990463257 4.59999990463257 15.3464002609253 16.0256996154785
2.94 4.59999990463257 4.59999990463257 16.3173999786377 17.1728000640869
2.96 4.59999990463257 4.59999990463257 17.4829006195068 18.1466007232666
2.98 4.59999990463257 4.59999990463257 17.8010005950928 18.5543003082275
3 4.59999990463257 4.59999990463257 18.1229000091553 18.8819007873535
3.02 4.59999990463257 4.59999990463257 18.5839004516602 19.4687995910645
3.04 4.59999990463257 4.59999990463257 19.4398002624512 20.0212993621826
3.06 4.59999990463257 4.59999990463257 19.6312007904053 20.3202991485596
3.08 4.59999990463257 4.59999990463257 19.6469993591309 20.5025997161865
3.1 4.59999990463257 4.59999990463257 19.8097991943359 20.6788997650146
3.12 4.59999990463257 4.59999990463257 20.080099105835 21.1434993743896
3.14 4.59999990463257 4.59999990463257 20.2938995361328 21.2008991241455
3.16 4.59999990463257 4.59999990463257 20.3407001495361 21.1891002655029
3.18 4.59999990463257 4.59999990463257 20.4636993408203 21.3696994781494
3.2 4.59999990463257 4.59999990463257 20.5874996185303 21.5412998199463
3.22 4.59999990463257 4.59999990463257 20.7514991760254 21.6312007904053
3.24 4.59999990463257 4.59999990463257 20.7110004425049 21.6464996337891
3.26 4.59999990463257 4.59999990463257 20.9507999420166 21.7486000061035
3.28 4.59999990463257 4.59999990463257 20.7903995513916 21.6658992767334
3.3 4.59999990463257 4.59999990463257 20.86669921875 21.7096996307373
3.32 4.59999990463257 4.59999990463257 20.8274002075195 21.7057991027832
3.34 4.59999990463257 4.59999990463257 20.8290004730225 21.8906002044678
3.36 4.59999990463257 4.59999990463257 21.0524997711182 21.8857002258301
3.38 4.59999990463257 4.59999990463257 21.0324001312256 21.9081001281738
3.4 4.59999990463257 4.59999990463257 20.9528007507324 21.805700302124
3.42 4.59999990463257 4.59999990463257 20.8229999542236 21.9957008361816
3.44 4.59999990463257 4.59999990463257 20.9507999420166 21.9491996765137
3.46 4.59999990463257 4.59999990463257 20.7609996795654 21.9113998413086
3.48 4.59999990463257 4.59999990463257 21.0946998596191 22.1201000213623
3.5 4.59999990463257 4.59999990463257 21.0734996795654 22.0499000549316
3.52 4.59999990463257 4.59999990463257 21.1208000183105 22.0496006011963
3.54 4.59999990463257 4.59999990463257 21.1224994659424 21.9491996765137
3.56 4.59999990463257 4.59999990463257 20.9459991455078 21.967399597168
3.58 4.59999990463257 4.59999990463257 20.9081993103027 22.0837993621826
3.6 4.59999990463257 4.59999990463257 21.0702991485596 22.105899810791
3.62 4.59999990463257 4.59999990463257 21.3707008361816 22.2460994720459
3.64 4.59999990463257 4.59999990463257 21.2688007354736 22.2980995178223
3.66 4.59999990463257 4.59999990463257 21.2761993408203 22.2264003753662
3.68 4.59999990463257 4.59999990463257 21.0757999420166 22.207799911499
3.7 4.59999990463257 4.59999990463257 21.1818008422852 22.1860008239746
3.72 4.59999990463257 4.59999990463257 21.2234992980957 22.2490005493164
3.74 4.59999990463257 4.59999990463257 21.3015003204346 22.2903003692627
3.76 4.59999990463257 4.59999990463257 21.3684997558594 22.3190002441406
3.78 4.59999990463257 4.59999990463257 21.2549991607666 22.2931003570557
3.8 4.59999990463257 4.59999990463257 21.4596004486084 22.3309993743896
3.82 4.59999990463257 4.59999990463257 21.2887992858887 22.1494998931885
3.84 4.59999990463257 4.59999990463257 21.1380996704102 22.1088008880615
3.86 4.59999990463257 4.59999990463257 21.1366004943848 22.1145992279053
3.88 4.59999990463257 4.59999990463257 21.2677993774414 22.2772998809814
3.9 4.59999990463257 4.59999990463257 21.2751998901367 22.1854000091553
3.92 4.59999990463257 4.59999990463257 21.3386001586914 22.1664009094238
3.94 4.59999990463257 4.59999990463257 21.1371002197266 22.2056007385254
3.96 4.59999990463257 4.59999990463257 21.1191005706787 22.1032009124756
3.98 4.59999990463257 4.59999990463257 21.1594009399414 22.3117008209229
4 4.59999990463257 4.59999990463257 21.2019996643066 22.24880027771
4.02 4.59999990463257 4.59999990463257 21.2355003356934 22.1464996337891
4.04 4.59999990463257 4.59999990463257 21.3729000091553 22.2056007385254
4.06 4.59999990463257 4.59999990463257 21.5100994110107 22.3848991394043
4.08 4.59999990463257 4.59999990463257 21.3731994628906 22.1172008514404
4.1 4.59999990463257 4.59999990463257 21.2763004302979 22.2019004821777
4.12 4.59999990463257 4.59999990463257 21.1839008331299 22.1898002624512
4.14 4.59999990463257 4.59999990463257 21.2434005737305 22.1735000610352
4.16 4.59999990463257 4.59999990463257 21.2572002410889 22.2516002655029
4.18 4.59999990463257 4.59999990463257 21.3729000091553 22.0890007019043
4.2 4.59999990463257 4.59999990463257 21.4386005401611 22.1763000488281
4.22 4.59999990463257 4.59999990463257 21.4731006622314 22.3400001525879
4.24 4.59999990463257 4.59999990463257 21.2684993743896 22.1627006530762
4.26 4.59999990463257 4.59999990463257 21.1657009124756 22.0956993103027
4.28 4.59999990463257 4.59999990463257 21.1881008148193 22.2119007110596
4.3 4.59999990463257 4.59999990463257 21.2698001861572 22.2709999084473
4.32 4.59999990463257 4.59999990463257 21.3959999084473 22.2950992584229
4.34 4.59999990463257 4.59999990463257 21.3796997070313 22.3164005279541
4.36 4.59999990463257 4.59999990463257 21.3719997406006 22.1067008972168
4.38 4.59999990463257 4.59999990463257 21.4360008239746 22.2653999328613
4.4 4.59999990463257 4.59999990463257 21.5084991455078 22.3129005432129
4.42 4.59999990463257 4.59999990463257 21.5643997192383 22.3852996826172
4.44 4.59999990463257 4.59999990463257 21.4249000549316 22.362699508667
4.46 4.59999990463257 4.59999990463257 21.4615001678467 22.4675006866455
4.48 4.59999990463257 4.59999990463257 21.5459995269775 22.4037990570068
4.5 4.59999990463257 4.59999990463257 21.6595993041992 22.5167999267578
4.52 4.59999990463257 4.59999990463257 21.505199432373 22.2709999084473
4.54 4.59999990463257 4.59999990463257 21.4391002655029 22.2689990997314
4.56 4.59999990463257 4.59999990463257 21.3981990814209 22.4249000549316
4.58 4.59999990463257 4.59999990463257 21.4027004241943 22.3157005310059
4.6 4.59999990463257 4.59999990463257 21.448600769043 22.4428005218506
4.62 4.59999990463257 4.59999990463257 21.5884990692139 22.2861003875732
4.64 4.59999990463257 4.59999990463257 21.5459995269775 22.2413005828857
4.66 4.59999990463257 4.59999990463257 21.5925006866455 22.2238006591797
4.68 4.59999990463257 4.59999990463257 21.672700881958 22.3015003204346
4.7 4.59999990463257 4.59999990463257 21.3610992431641 22.363899230957
4.72 4.59999990463257 4.59999990463257 21.4410991668701 22.486499786377
4.74 4.59999990463257 4.59999990463257 21.5937995910645 22.4319000244141
4.76 4.59999990463257 4.59999990463257 21.6133995056152 22.4416999816895
4.78 4.59999990463257 4.59999990463257 21.6131000518799 22.4225997924805
4.8 4.59999990463257 4.59999990463257 21.4305992126465 22.3848991394043
4.82 4.59999990463257 4.59999990463257 21.4314994812012 22.4449996948242
4.84 4.59999990463257 4.59999990463257 21.5361995697021 22.4662990570068
4.86 4.59999990463257 4.59999990463257 21.604700088501 22.4382991790771
4.88 4.59999990463257 4.59999990463257 21.6000003814697 22.5067005157471
4.9 4.59999990463257 4.59999990463257 21.4941997528076 22.2936992645264
4.92 4.59999990463257 4.59999990463257 21.6189002990723 22.363899230957
4.94 4.59999990463257 4.59999990463257 21.672700881958 22.3848991394043
4.96 4.59999990463257 4.59999990463257 21.6175003051758 22.4340991973877
4.98 4.59999990463257 4.59999990463257 21.5482997894287 22.5076999664307
5 4.59999990463257 4.59999990463257 21.5161991119385 22.3771991729736
5.02 4.59999990463257 4.59999990463257 21.4316005706787 22.4382991790771
5.04 4.59999990463257 4.59999990463257 21.5993003845215 22.487699508667
5.06 4.59999990463257 4.59999990463257 21.5729999542236 22.4225997924805
5.08 4.59999990463257 4.59999990463257 21.3756999969482 22.4015998840332
5.1 4.59999990463257 4.59999990463257 21.345100402832 22.4719009399414
5.12 4.59999990463257 4.59999990463257 21.3847999572754 22.4652004241943
5.14 4.59999990463257 4.59999990463257 21.3472995758057 22.3838005065918
5.16 4.59999990463257 4.59999990463257 21.403600692749 22.4249000549316
5.18 4.59999990463257 4.59999990463257 21.5471000671387 22.234899520874
5.2 4.59999990463257 4.59999990463257 21.4853992462158 22.3306999206543
5.22 4.59999990463257 4.59999990463257 21.3446006774902 22.3041000366211
5.24 4.59999990463257 4.59999990463257 21.3504009246826 22.3313999176025
5.26 4.59999990463257 4.59999990463257 21.3309001922607 22.4216995239258
5.28 4.59999990463257 4.59999990463257 21.0967998504639 22.3339004516602
5.3 4.59999990463257 4.59999990463257 21.1594009399414 22.2805004119873
5.32 4.59999990463257 4.59999990463257 21.3628997802734 22.4167995452881
5.34 4.59999990463257 4.59999990463257 21.3388996124268 22.2716999053955
5.36 4.59999990463257 4.59999990463257 21.2726993560791 22.2689990997314
5.38 4.59999990463257 4.59999990463257 21.1187000274658 22.3019008636475
5.4 4.59999990463257 4.59999990463257 21.3092994689941 22.1819000244141
5.42 4.59999990463257 4.59999990463257 21.0345993041992 22.2099990844727
5.44 4.59999990463257 4.59999990463257 21.1359996795654 22.1396007537842
5.46 4.59999990463257 4.59999990463257 21.12619972229 21.9491996765137
5.48 4.59999990463257 4.59999990463257 21.3412990570068 22.0948009490967
5.5 4.59999990463257 4.59999990463257 21.2448997497559 22.234899520874
5.52 4.59999990463257 4.59999990463257 21.1273994445801 22.1371994018555
5.54 4.59999990463257 4.59999990463257 21.1306991577148 22.1833992004395
5.56 4.59999990463257 4.59999990463257 20.9519004821777 22.205099105835
5.58 4.59999990463257 4.59999990463257 21.0904006958008 22.2681999206543
5.6 4.59999990463257 4.59999990463257 21.1315994262695 22.1714992523193
5.62 4.59999990463257 4.59999990463257 21.1072998046875 22.18869972229
5.64 4.59999990463257 4.59999990463257 21.1594009399414 22.2042007446289
5.66 4.59999990463257 4.59999990463257 21.1392002105713 22.1501998901367
5.68 4.59999990463257 4.59999990463257 21.0967998504639 22.0932998657227
5.7 4.59999990463257 4.59999990463257 20.9498996734619 22.0417995452881
5.72 4.59999990463257 4.59999990463257 20.9309997558594 22.0261001586914
5.74 4.59999990463257 4.59999990463257 21.0956993103027 22.168399810791
5.76 4.59999990463257 4.59999990463257 21.2672996520996 22.1530990600586
5.78 4.59999990463257 4.59999990463257 21.2910003662109 22.221700668335
5.8 4.59999990463257 4.59999990463257 21.271900177002 22.2462997436523
5.82 4.59999990463257 4.59999990463257 21.2476005554199 22.3085994720459
5.84 4.59999990463257 4.59999990463257 21.1923999786377 22.2817993164063
5.86 4.59999990463257 4.59999990463257 21.1529998779297 22.3626003265381
5.88 4.59999990463257 4.59999990463257 21.3647994995117 22.4920997619629
5.9 4.59999990463257 4.59999990463257 21.2623996734619 22.3416004180908
5.92 4.59999990463257 4.59999990463257 21.135799407959 22.3383007049561
5.94 4.59999990463257 4.59999990463257 21.0293998718262 22.3840999603271
5.96 4.59999990463257 4.59999990463257 21.1753005981445 22.3041000366211
5.98 4.59999990463257 4.59999990463257 21.2318000793457 22.3838005065918
6 4.59999990463257 4.59999990463257 21.3525009155273 22.3806991577148
6.02 4.59999990463257 4.59999990463257 21.2385005950928 22.3582000732422
6.04 4.59999990463257 4.59999990463257 21.2576999664307 22.5020999908447
6.06 4.59999990463257 4.59999990463257 21.5690994262695 22.4662990570068
6.08 4.59999990463257 4.59999990463257 21.3812999725342 22.3838005065918
6.1 4.59999990463257 4.59999990463257 21.0967998504639 22.2954998016357
6.12 4.59999990463257 4.59999990463257 21.1818008422852 22.2271003723145
6.14 4.59999990463257 4.59999990463257 21.2255992889404 22.1252994537354
6.16 0 0 21.2259006500244 22.0252990722656
6.18 0 0 18.444299697876 19.25119972229
6.2 0 0 14.2114000320435 14.7448997497559
6.22 0 0 10.8534002304077 11.1670999526978
6.24 0 0 8.74905967712402 8.84395027160645
6.26 0 0 7.06682014465332 7.02854013442993
6.28 0 0 5.64646005630493 5.74405002593994
6.3 0 0 4.97544002532959 5.05399990081787
6.32 0 0 4.08634996414185 4.15292978286743
6.34 0 0 3.04223990440369 3.23729991912842
6.36 0 0 2.12403011322021 2.10088992118835
6.38 0 0 1.27075004577637 1.30058002471924
6.4 0 0 0.94369900226593 0.601849019527435
6.42 0 0 0.340557992458344 0.219484001398087
6.44 0 0 0.207857996225357 0.13434399664402
6.46 0 0 0 0
6.48 0 0 0 0
6.5 0 0 0 0
6.52 0 0 0 0
6.54 0 0 0 0
6.56 0 0 0 0
6.58 0 0 0 0
6.6 0 0 0 0
6.62 0 0 0 0
6.64 0 0 0 0
6.66 0 0 0 0
6.68 0 0 0 0
6.7 0 0 0 0
6.72 0 0 0 0
6.74 0 0 0 0
6.76 0 0 0 0
6.78 0 0 0 0
6.8 0 0 0 0
6.82 0 0 0 0
6.84 0 0 0 0
6.86 0 0 0 0
6.88 0 0 0 0
6.9 0 0 0 0
6.92 0 0 0 0
6.94 0 0 0 0
6.96 0 0 0 0
6.98 0 0 0 0
7 0 0 0 0
7.02 0 0 0 0
7.04 0 0 0 0
7.06 0 0 0 0
7.08 0 0 0 0
7.1 0 0 0 0
7.12 0 0 0 0
7.14 0 0 0 0
7.16 0 0 0 0
7.18 0 0 0 0
7.2 0 0 0 0
7.22 0 0 0 0
7.24 0 0 0 0
7.26 0 0 0 0
7.28 0 0 0 0
7.3 0 0 0 0
7.32 0 0 0 0
7.34 0 0 0 0
7.36 0 0 0 0
7.38 0 0 0 0
7.4 0 0 0 0
7.42 0 0 0 0
7.44 0 0 0 0
7.46 0 0 0 0
7.48 0 0 0 0
7.5 0 0 0 0
7.52 0 0 0 0
7.54 0 0 0 0
7.56 0 0 0 0
7.58 0 0 0 0
7.6 0 0 0 0
7.62 0 0 0 0
7.64 0 0 0 0
7.66 0 0 0 0
7.68 0 0 0 0
7.7 0 0 0 0
7.72 0 0 0 0
7.74 0 0 0 0
7.76 0 0 0 0
7.78 0 0 0 0
7.8 0 0 0 0
7.82 0 0 0 0
7.84 0 0 0 0
7.86 0 0 0 0
7.88 0 0 0 0
7.9 0 0 0 0
7.92 0 0 0 0
7.94 0 0 0 0
7.96 0 0 0 0
7.98 0 0 0 0
