0 0 0 0 0
0.02 0 0 0 0
0.04 0 0 0 0
0.06 0 0 0 0
0.08 0 0 0 0
0.1 0 0 0 0
0.12 0 0 0 0
0.14 0 0 0 0
0.16 0 0 0 0
0.18 0 0 0 0
0.2 0 0 0 0
0.22 0 0 0 0
0.24 0 0 0 0
0.26 0 0 0 0
0.28 0 0 0 0
0.3 0 0 0 0
0.32 0 0 0 0
0.34 0 0 0 0
0.36 0 0 0 0
0.38 0 0 0 0
0.4 0 0 0 0
0.42 0 0 0 0
0.44 0 0 0 0
0.46 0 0 0 0
0.48 0 0 0 0
0.5 0 0 0 0
0.52 0 0 0 0
0.54 0 0 0 0
0.56 0 0 0 0
0.58 0 0 0 0
0.6 0 0 0 0
0.62 0 0 0 0
0.64 0 0 0 0
0.66 0 0 0 0
0.68 0 0 0 0
0.7 0 0 0 0
0.72 0 0 0 0
0.74 0 0 0 0
0.76 0 0 0 0
0.78 0 0 0 0
0.8 0 0 0 0
0.82 0 0 0 0
0.84 0 0 0 0
0.86 0 0 0 0
0.88 0 0 0 0
0.9 0 0 0 0
0.92 0 0 0 0
0.94 0 0 0 0
0.96 0 0 0 0
0.98 0 0 0 0
1 0 0 0 0
1.02 0 0 0 0
1.04 0 0 0 0
1.06 0 0 0 0
1.08 0 0 0 0
1.1 0 0 0 0
1.12 0 0 0 0
1.14 0 0 0 0
1.16 0 0 0 0
1.18 0 0 0 0
1.2 0 0 0 0
1.22 0 0 0 0
1.24 0 0 0 0
1.26 0 0 0 0
1.28 0 0 0 0
1.3 0 0 0 0
1.32 0 0 0 0
1.34 0 0 0 0
1.36 0 0 0 0
1.38 0 0 0 0
1.4 0 0 0 0
1.42 0 0 0 0
1.44 0 0 0 0
1.46 0 0 0 0
1.48 0 0 0 0
1.5 0 0 0 0
1.52 0 0 0 0
1.54 0 0 0 0
1.56 0 0 0 0
1.58 0 0 0 0
1.6 0 0 0 0
1.62 0 0 0 0
1.64 0 0 0 0
1.66 0 0 0 0
1.68 0 0 0 0
1.7 0 0 0 0
1.72 0 0 0 0
1.74 0 0 0 0
1.76 0 0 0 0
1.78 0 0 0 0
1.8 0 0 0 0
1.82 0 0 0 0
1.84 0 0 0 0
1.86 0 0 0 0
1.88 0 0 0 0
1.9 0 0 0 0
1.92 0 0 0 0
1.94 0 0 0 0
1.96 0 0 0 0
1.98 0 0 0 0
2 0 0 0 0
2.02 0 0 0 0
2.04 0 0 0 0
2.06 0 0 0 0
2.08 0 0 0 0
2.1 0 0 0 0
2.12 0 0 0 0
2.14 0 0 0 0
2.16 0 0 0 0
2.18 0 0 0 0
2.2 0 0 0 0
2.22 0 0 0 0
2.24 0 0 0 0
2.26 0 0 0 0
2.28 0 0 0 0
2.3 0 0 0 0
2.32 0 0 0 0
2.34 0 0 0 0
2.36 0 0 0 0
2.38 0 0 0 0
2.4 0 0 0 0
2.42 0 0 0 0
2.44 0 0 0 0
2.46 0 0 0 0
2.48 0 0 0 0
2.5 0 0 0 0
2.52 0 0 0 0
2.54 0 0 0 0
2.56 0 0 0 0
2.58 0 0 0 0
2.6 0 0 0 0
2.62 0 0 0 0
2.64 0 0 0 0
2.66 0 0 0 0
2.68 0 0 0 0
2.7 0 0 0 0
2.72 0 0 0 0
2.74 0 0 0 0
2.76 0 0 0 0
2.78 0 0 0 0
2.8 0 0 0 0
2.82 0 0 0 0
2.84 0 0 0 0
2.86 0 0 0 0
2.88 0 0 0 0
2.9 0 0 0 0
2.92 0 0 0 0
2.94 0 0 0 0
2.96 0 0 0 0
2.98 0 0 0 0
3 0 0 0 0
3.02 0 0 0 0
3.04 6.40000009536743 6.40000009536743 0 0
3.06 6.40000009536743 6.40000009536743 3.4507999420166 3.4603099822998
3.08 6.40000009536743 6.40000009536743 9.31991004943848 8.66849994659424
3.1 6.40000009536743 6.40000009536743 12.1576995849609 11.1189002990723
3.12 6.40000009536743 6.40000009536743 14.5392999649048 13.6429004669189
3.14 6.40000009536743 6.40000009536743 15.706600189209 15.9098997116089
3.16 6.18342018127441 6.40000009536743 16.7341995239258 17.8924999237061
3.18 5.91113996505737 6.25221014022827 17.601900100708 19.3609008789063
3.2 5.63134002685547 5.95214986801147 19.2315998077393 20.6390991210938
3.22 5.33410978317261 5.74395990371704 20.226900100708 21.7978992462158
3.24 5.13472986221313 5.46571016311646 21.3677997589111 22.368200302124
3.26 4.94933986663818 5.29127979278564 21.8978004455566 22.7933006286621
3.28 4.84311008453369 5.11460018157959 22.3572006225586 22.8199005126953
3.3 4.7672700881958 5.03709983825684 22.3283004760742 22.7140998840332
3.32 4.67257976531982 4.9314398765564 22.422700881958 22.7038993835449
3.34 4.60168981552124 4.80884981155396 22.5743007659912 22.5946006774902
3.36 4.39103984832764 4.63290977478027 22.9284000396729 23.0921993255615
3.38 4.23618984222412 4.39400005340576 23.4948997497559 23.2789001464844
3.4 4.12378978729248 4.33793020248413 23.2035007476807 23.2581005096436
3.42 4.10250997543335 4.46510982513428 22.182300567627 22.8556995391846
3.44 4.10866022109985 4.42070007324219 22.0401000976563 22.3981990814209
3.46 4.12502002716064 4.38981008529663 21.8623008728027 21.9666996002197
3.48 4.14459991455078 4.42618989944458 21.4272003173828 21.586799621582
3.5 4.07221984863281 4.39898014068604 21.3264999389648 21.6527004241943
3.52 4.03291988372803 4.37882995605469 21.2112007141113 21.5690002441406
3.54 4.07785987854004 4.37103986740112 20.9279003143311 20.974100112915
3.56 4.09814977645874 4.35614013671875 20.8505992889404 20.7411994934082
3.58 4.14412021636963 4.33631992340088 20.8057994842529 20.4349994659424
3.6 4.11976003646851 4.37540006637573 20.5189990997314 20.4720993041992
3.62 4.10226011276245 4.34934997558594 20.5506000518799 20.4747009277344
3.64 4.11760997772217 4.39098978042603 20.2915000915527 20.3381004333496
3.66 4.10896015167236 4.36331987380981 20.3642997741699 20.323600769043
3.68 4.12474012374878 4.37900018692017 20.2430000305176 20.2080001831055
3.7 4.12491989135742 4.38328981399536 20.1881999969482 20.1758995056152
3.72 4.15922021865845 4.41637992858887 20.0200004577637 20.0044002532959
3.74 4.15928983688354 4.39164018630981 20.1215000152588 20.0034999847412
3.76 4.16875982284546 4.38967990875244 20.111400604248 19.9629001617432
3.78 4.12048006057739 4.3852801322937 20.1131000518799 20.172399520874
3.8 4.15790987014771 4.39166021347046 20.0690994262695 19.9883003234863
3.82 4.15014982223511 4.41187000274658 19.9733009338379 20.0228004455566
3.84 4.16912984848022 4.4294900894165 19.9029006958008 19.9391994476318
3.86 4.15750980377197 4.38002014160156 20.1264991760254 19.9974994659424
3.88 4.15084981918335 4.39703989028931 20.0354995727539 20.0259990692139
3.9 4.15650987625122 4.39178991317749 20.0522994995117 19.9981994628906
3.92 4.14826011657715 4.38546991348267 20.0711002349854 20.0333003997803
3.94 4.12969017028809 4.35453987121582 20.1909999847412 20.1067008972168
3.96 4.12262010574341 4.38056993484497 20.0522003173828 20.1203994750977
3.98 4.11021995544434 4.39272022247314 19.9930000305176 20.1546001434326
4 4.12131023406982 4.38423013687134 20.029899597168 20.084400177002
4.02 4.15291023254395 4.37812995910645 20.0510997772217 19.9381999969482
4.04 4.14989995956421 4.38345003128052 20.0209999084473 19.9601993560791
4.06 4.154709815979 4.37218999862671 20.065299987793 19.9458999633789
4.08 4.13156986236572 4.36846017837524 20.0711994171143 20.0517997741699
4.1 4.14424991607666 4.3986701965332 19.9328994750977 19.9904003143311
4.12 4.18213987350464 4.41433000564575 19.8768997192383 19.8318996429443
4.14 4.17244005203247 4.40002012252808 19.9559001922607 19.8981990814209
4.16 4.11362981796265 4.32172012329102 20.2933006286621 20.1620006561279
4.18 4.12239980697632 4.3352198600769 20.1919002532959 20.1005001068115
4.2 4.15725994110107 4.36950016021729 20.0181007385254 19.9381008148193
4.22 4.15851020812988 4.33293008804321 20.169900894165 19.9421997070313
4.24 4.0996298789978 4.32944011688232 20.158899307251 20.1996002197266
4.26 4.09748983383179 4.34130001068115 20.0848007202148 20.1784000396729
4.28 4.13254022598267 4.37541007995605 19.92799949646 20.0034999847412
4.3 4.1168098449707 4.35332012176514 20.0321006774902 20.069299697876
4.32 4.10200977325439 4.34922981262207 20.0445995330811 20.1214008331299
4.34 4.11148977279663 4.33860015869141 20.0827007293701 20.0629997253418
4.36 4.11226987838745 4.31428003311157 20.1728992462158 20.050199508667
4.38 4.11731004714966 4.31167984008789 20.1578006744385 20.0212993621826
4.4 4.10283994674683 4.31178998947144 20.1334991455078 20.0792007446289
4.42 4.11404991149902 4.30841016769409 20.1275997161865 20.0198993682861
4.44 4.09031009674072 4.34087991714478 19.9712009429932 20.1170997619629
4.46 4.10300016403198 4.32196998596191 20.0554008483887 20.0459003448486
4.48 4.11218023300171 4.31251001358032 20.0869998931885 20.0002002716064
4.5 4.13649988174438 4.28096008300781 20.2070999145508 19.8973999023438
4.52 4.13286018371582 4.30262994766235 20.0842990875244 19.9283008575439
4.54 4.12082004547119 4.31266021728516 20.0291996002197 19.9899997711182
4.56 4.10444021224976 4.32893991470337 19.9559993743896 20.0606994628906
4.58 4.11300992965698 4.32497978210449 19.9794006347656 20.0153007507324
4.6 4.10177993774414 4.3475399017334 19.8871994018555 20.0604000091553
4.62 4.08518981933594 4.30749988555908 20.073299407959 20.1214008331299
4.64 4.1078200340271 4.30844020843506 20.0583000183105 20.0074996948242
4.66 4.13035011291504 4.28528022766113 20.1473007202148 19.9111995697021
4.68 4.13943004608154 4.29541015625 20.0823001861572 19.8862991333008
4.7 4.10912990570068 4.30198001861572 20.0421009063721 20.031400680542
4.72 4.10506010055542 4.32633018493652 19.9328994750977 20.0438995361328
4.74 4.10643005371094 4.35847997665405 19.8071994781494 20.031400680542
4.76 4.08842992782593 4.30902004241943 20.0452995300293 20.1026992797852
4.78 4.12680006027222 4.29747009277344 20.0872001647949 19.9251003265381
4.8 4.12478017807007 4.2564001083374 20.2474994659424 19.9449996948242
4.82 4.11107015609741 4.30820989608765 19.9911994934082 20.0111999511719
4.84 4.1168098449707 4.30713987350464 19.9971008300781 19.9853000640869
4.86 4.11211013793945 4.29653978347778 20.0422992706299 20.0072994232178
4.88 4.10236978530884 4.29804992675781 20.0294990539551 20.047399520874
4.9 4.0741400718689 4.30275011062622 20.005199432373 20.1594009399414
4.92 4.08628988265991 4.29361009597778 20.0429992675781 20.0839996337891
4.94 4.07438993453979 4.27935981750488 20.096700668335 20.1215991973877
4.96 4.06920003890991 4.24706983566284 20.2185001373291 20.1250991821289
4.98 4.08716011047363 4.26492023468018 20.1100997924805 20.0303993225098
5 4.09127998352051 4.28347015380859 20.015100479126 20.0083999633789
5.02 4.04546022415161 4.28609991073608 20.0016994476318 20.2005996704102
5.04 4.06521987915039 4.28717994689941 19.9969005584717 20.086799621582
5.06 4.08689022064209 4.31254005432129 19.8903007507324 19.9822006225586
5.08 4.11254978179932 4.31977987289429 19.8763008117676 19.8764991760254
5.1 4.11960983276367 4.30122995376587 19.9733009338379 19.8654003143311
5.12 4.13044023513794 4.29492998123169 20.0039005279541 19.8400001525879
5.14 4.12634992599487 4.30649995803833 19.9545001983643 19.8813991546631
5.16 4.13506984710693 4.2649998664856 20.1366004943848 19.8624992370605
5.18 4.11426019668579 4.30006980895996 19.9678993225098 19.9712009429932
5.2 4.08381986618042 4.30272006988525 19.9615001678467 20.1040992736816
5.22 4.09012985229492 4.2992901802063 19.9818992614746 20.0617008209229
5.24 4.10629987716675 4.28278017044067 20.0543003082275 19.9841003417969
5.26 4.11847019195557 4.29031991958618 20.0142993927002 19.9351005554199
5.28 4.09626007080078 4.27012014389038 20.0974006652832 20.0387001037598
5.3 4.11445999145508 4.28518009185791 20.019100189209 19.9559993743896
5.32 4.10176992416382 4.29932022094727 19.9564990997314 20.016300201416
5.34 4.07885980606079 4.28806018829346 20.0105991363525 20.1105995178223
5.36 4.09958982467651 4.29732990264893 19.9699001312256 20.0062999725342
5.38 4.10483980178833 4.31305980682373 19.9080009460449 19.9831008911133
5.4 4.12460994720459 4.2916898727417 20.0121994018555 19.9022006988525
5.42 4.17470979690552 4.29926013946533 19.9783000946045 19.7054004669189
5.44 4.18173980712891 4.32812023162842 19.8596992492676 19.7201995849609
5.46 4.16394996643066 4.3398699760437 19.8313007354736 19.8376007080078
5.48 4.12201023101807 4.33714008331299 19.8682994842529 20.0393009185791
5.5 4.11081981658936 4.3752498626709 19.7273006439209 20.0806007385254
5.52 4.117919921875 4.34154987335205 19.9108009338379 20.0384998321533
5.54 4.14477014541626 4.3166298866272 20.0294990539551 19.9193000793457
5.56 4.11245012283325 4.33450984954834 19.9496002197266 20.0678997039795
5.58 4.12063980102539 4.30015993118286 20.1021995544434 20.023099899292
5.6 4.11430978775024 4.30527019500732 20.0652008056641 20.0463008880615
5.62 4.13565015792847 4.2872200012207 20.1315994262695 19.9491996765137
5.64 4.10685014724731 4.30415010452271 20.0401992797852 20.0785007476807
5.66 4.11544990539551 4.31147003173828 20.0032005310059 20.0303993225098
5.68 4.12290000915527 4.33200979232788 19.9160003662109 19.9943008422852
5.7 4.13049983978271 4.33571004867554 19.9130001068115 19.9631004333496
5.72 4.13418006896973 4.30443000793457 20.0583000183105 19.9531002044678
5.74 4.16496992111206 4.30515003204346 20.0464000701904 19.830099105835
5.76 4.17136001586914 4.30470991134644 20.0412998199463 19.828800201416
5.78 4.16034984588623 4.33979988098145 19.8868999481201 19.9011993408203
5.8 4.12634992599487 4.32666015625 19.959400177002 20.059700012207
5.82 4.10375022888184 4.29756021499634 20.0884990692139 20.1460990905762
5.84 4.12018013000488 4.33193016052246 19.9298992156982 20.0547008514404
5.86 4.12089014053345 4.30073022842407 20.0722999572754 20.043399810791
5.88 4.11904001235962 4.30779981613159 20.0314998626709 20.0447006225586
5.9 4.13094997406006 4.28203010559082 20.1355991363525 19.9876003265381
5.92 4.1456298828125 4.29408979415894 20.0641994476318 19.9274997711182
5.94 4.11546993255615 4.26848983764648 20.1625995635986 20.0657997131348
5.96 4.12109994888306 4.35131978988647 19.788200378418 20.0321006774902
5.98 4.14647006988525 4.35102987289429 19.8213996887207 19.9200992584229
6 4.12397003173828 4.3444299697876 19.8763008117676 20.0272006988525
6.02 4.13083982467651 4.27171993255615 20.2019996643066 19.9941005706787
6.04 4.15257978439331 4.30116987228394 20.0471000671387 19.9032001495361
6.06 4.1618800163269 4.33430004119873 19.9001007080078 19.8784999847412
6.08 4.14167022705078 4.34337997436523 19.8768997192383 19.9822006225586
6.1 4.11972999572754 4.31029987335205 20.0352001190186 20.077600479126
6.12 4.11215019226074 4.31565999984741 20.0072002410889 20.097900390625
6.14 4.10777997970581 4.31698989868164 20.0004997253418 20.1014995574951
6.16 4.1090202331543 4.30108976364136 20.0676002502441 20.0809993743896
6.18 4.08984994888306 4.28073978424072 20.1432991027832 20.1497001647949
6.2 4.10088014602661 4.28056001663208 20.1224002838135 20.0804996490479
6.22 4.11112022399902 4.26705980300903 20.1609001159668 20.0251007080078
6.24 4.10412979125977 4.30956983566284 19.9570999145508 20.0508003234863
6.26 4.10435009002686 4.29308986663818 20.0331993103027 20.042200088501
6.28 4.14257001876831 4.33107995986938 19.8677005767822 19.8743991851807
6.3 4.15802001953125 4.33388996124268 19.8757991790771 19.8281002044678
6.32 4.11361980438232 4.30496978759766 20.0167007446289 20.0415992736816
6.34 4.12361001968384 4.26288986206055 20.1919002532959 19.9930992126465
6.36 4.15592002868652 4.31899976730347 19.9260005950928 19.8577003479004
6.38 4.17412996292114 4.30637979507446 19.9904003143311 19.8022994995117
6.4 4.14831018447876 4.30257987976074 20.0079002380371 19.9412002563477
6.42 4.13898992538452 4.31120014190674 19.9703006744385 19.9895000457764
6.44 4.13541984558105 4.33689022064209 19.8663005828857 20.0062007904053
6.46 4.12631988525391 4.34053993225098 19.8710994720459 20.0436000823975
6.48 4.10354995727539 4.2758002281189 20.1639995574951 20.1331996917725
6.5 4.11591005325317 4.26876020431519 20.1688995361328 20.0608997344971
6.52 4.12837982177734 4.27617979049683 20.1121006011963 19.9990005493164
6.54 4.13003015518188 4.2715802192688 20.1145992279053 19.9922008514404
6.56 4.07378005981445 4.27430009841919 20.0858001708984 20.230899810791
6.58 4.07538986206055 4.29349994659424 19.99169921875 20.1891994476318
6.6 4.10459995269775 4.2976598739624 19.9754009246826 20.0373001098633
6.62 4.08783006668091 4.31687021255493 19.8980007171631 20.1025009155273
6.64 4.09215021133423 4.24537992477417 20.2152996063232 20.0687999725342
6.66 4.11398983001709 4.26740980148315 20.0897998809814 19.966100692749
6.68 4.14468002319336 4.28532981872559 20.0004997253418 19.8416004180908
6.7 4.14514017105103 4.32624006271362 19.8276996612549 19.8635997772217
6.72 4.11671018600464 4.32317018508911 19.86669921875 20.0042991638184
6.74 4.09774017333984 4.3315601348877 19.8514003753662 20.0837993621826
6.76 4.11717987060547 4.31538009643555 19.9421997070313 19.9890003204346
6.78 4.1163501739502 4.32390022277832 19.9148998260498 19.9941997528076
6.8 4.10776996612549 4.2992000579834 20.0321006774902 20.0312995910645
6.82 4.09232997894287 4.32048988342285 19.9372997283936 20.0918006896973
6.84 4.15154981613159 4.31243991851807 19.9808006286621 19.8278007507324
6.86 4.15923976898193 4.32054996490479 19.9493999481201 19.8213005065918
6.88 4.1208701133728 4.29989004135132 20.0443000793457 20.0104007720947
6.9 4.11416006088257 4.31267976760864 19.9836006164551 20.0372009277344
6.92 4.14481019973755 4.36237001419067 19.7761993408203 19.902099609375
6.94 4.12911987304688 4.33754014968872 19.9148998260498 19.9831008911133
6.96 4.10195016860962 4.2607798576355 20.2520008087158 20.1005001068115
6.98 4.14837980270386 4.29689979553223 20.0613994598389 19.8892002105713
7 4.16866016387939 4.32565021514893 19.930700302124 19.8202991485596
7.02 4.13054990768433 4.31790018081665 19.9738998413086 20.0083999633789
7.04 4.08337020874023 4.26967000961304 20.1814994812012 20.2063999176025
7.06 4.12527990341187 4.32537984848022 19.9188003540039 19.9981994628906
7.08 4.11028003692627 4.32366991043091 19.9382991790771 20.0618000030518
7.1 4.09540987014771 4.27023983001709 20.1732997894287 20.1152992248535
7.12 4.05984020233154 4.25413990020752 20.2150993347168 20.2481002807617
7.14 4.10922002792358 4.25073003768921 20.19700050354 20.0020999908447
7.16 4.11052989959717 4.27538013458252 20.0631008148193 19.9962005615234
7.18 4.07552003860474 4.27517986297607 20.0543994903564 20.1445999145508
7.2 4.08155012130737 4.29183006286621 19.9759006500244 20.0972995758057
7.22 4.08750009536743 4.29588985443115 19.9624004364014 20.0575008392334
7.24 4.07972002029419 4.2533597946167 20.1476993560791 20.0816993713379
7.26 4.10629987716675 4.24153995513916 20.1753005981445 19.9570999145508
7.28 4.1704797744751 4.25595998764038 20.0879001617432 19.6924991607666
7.3 4.15287017822266 4.30747985839844 19.8570003509521 19.8132991790771
7.32 4.13661003112793 4.28562021255493 19.9708995819092 19.9102001190186
7.34 4.14006996154785 4.30434989929199 19.8962001800537 19.909200668335
7.36 4.12485980987549 4.30713987350464 19.9001007080078 19.9871006011963
7.38 4.11088991165161 4.27231979370117 20.0622997283936 20.0480995178223
7.4 4.09165000915527 4.25581979751587 20.1224994659424 20.1221008300781
7.42 4.09684991836548 4.22679996490479 20.2266006469727 20.0816993713379
7.44 4.09956979751587 4.25228977203369 20.0846996307373 20.0578002929688
7.46 4.12112998962402 4.24357986450195 20.108699798584 19.9580001831055
7.48 4.09335994720459 4.26504993438721 20.0016002655029 20.0816993713379
7.5 4.09105014801025 4.2474799156189 20.0755996704102 20.0790996551514
7.52 4.08955001831055 4.2646598815918 19.9916000366211 20.0734996795654
7.54 4.09428977966309 4.26928997039795 19.9733009338379 20.0422992706299
7.56 4.07405996322632 4.25870990753174 20.0219993591309 20.1214008331299
7.58 4.08311986923218 4.21270990371704 20.2129993438721 20.0648002624512
7.6 4.08942985534668 4.24924993515015 20.0265007019043 20.0284004211426
7.62 4.10739994049072 4.25784015655518 19.9862003326416 19.9482002258301
7.64 4.08893013000488 4.25479984283447 20.0011005401611 20.0340003967285
7.66 4.07284021377563 4.25873994827271 19.9843006134033 20.0967998504639
7.68 4.07769012451172 4.28771018981934 19.8642997741699 20.0617008209229
7.7 4.07620000839233 4.30177021026611 19.8253993988037 20.0587005615234
7.72 4.08058023452759 4.21592998504639 20.2143993377686 20.0312995910645
7.74 4.08021020889282 4.23369979858398 20.1068992614746 20.0280990600586
7.76 4.08484983444214 4.23858022689819 20.0701999664307 20.0042991638184
7.78 4.08161020278931 4.25733995437622 19.9803009033203 20.0172996520996
7.8 4.07129001617432 4.26243019104004 19.961799621582 20.0583000183105
7.82 4.09412002563477 4.30765008926392 19.7765998840332 19.9531002044678
7.84 4.13422012329102 4.29646015167236 19.8575992584229 19.7908000946045
7.86 4.11107015609741 4.30916976928711 19.8253993988037 19.9202003479004
7.88 4.10922002792358 4.28051996231079 19.9727993011475 19.9400005340576
7.9 4.12668991088867 4.26530981063843 20.0412006378174 19.8752994537354
7.92 4.14964008331299 4.29890012741089 19.8931007385254 19.7971992492676
7.94 4.12433004379272 4.30392980575562 19.8880004882813 19.9347991943359
7.96 4.07508993148804 4.27120018005371 20.0431995391846 20.1525993347168
7.98 4.08620023727417 4.28288984298706 19.9873008728027 20.0825996398926
8 4.08792018890381 4.2773699760437 20.0125007629395 20.0629005432129
8.02 4.08830976486206 4.28250980377197 19.988899230957 20.051700592041
8.04 4.10741996765137 4.27999019622803 20.00119972229 19.9631996154785
8.06 4.1219801902771 4.28639984130859 19.9740009307861 19.9073009490967
8.08 4.14169979095459 4.27287006378174 20.0351009368896 19.8379993438721
8.1 4.12168979644775 4.28310012817383 19.9866008758545 19.94700050354
8.12 4.10863018035889 4.28440999984741 19.9829998016357 20.0102005004883
8.14 4.10247993469238 4.30228996276855 19.9101009368896 20.0345993041992
8.16 4.11820983886719 4.3166298866272 19.8631000518799 19.9629001617432
8.18 4.09139013290405 4.31876993179321 19.8747997283936 20.0818004608154
8.2 4.10440015792847 4.24780988693237 20.1933994293213 20.0144996643066
8.22 4.12551021575928 4.25366020202637 20.1394996643066 19.9230995178223
8.24 4.10412979125977 4.28328990936279 19.993200302124 20.0251007080078
8.26 4.11787986755371 4.28831005096436 19.9729995727539 19.9631996154785
8.28 4.12115001678467 4.31224012374878 19.8759994506836 19.9549999237061
8.3 4.08163022994995 4.29822015762329 19.9540004730225 20.1285991668701
8.32 4.0947699546814 4.29237985610962 19.9855995178223 20.0536994934082
8.34 4.10174989700317 4.27783012390137 20.0492992401123 20.0160999298096
8.36 4.09012985229492 4.23997020721436 20.2017002105713 20.0627994537354
8.38 4.08281993865967 4.21378993988037 20.2817993164063 20.0841007232666
8.4 4.15232992172241 4.29038000106812 19.9157009124756 19.7779006958008
8.42 4.14543008804321 4.31639003753662 19.8185997009277 19.8405990600586
8.44 4.10192012786865 4.30265998840332 19.9039993286133 20.0484008789063
8.46 4.11943006515503 4.3084602355957 19.8939990997314 19.9671993255615
8.48 4.11992979049683 4.32426977157593 19.8432998657227 19.9699993133545
8.5 4.11731004714966 4.25273990631104 20.1690006256104 19.9855995178223
8.52 4.11671018600464 4.27521991729736 20.0485992431641 19.9902992248535
8.54 4.14071989059448 4.29452991485596 19.9596996307373 19.8903999328613
8.56 4.15385007858276 4.33680009841919 19.7873001098633 19.8514995574951
8.58 4.15674018859863 4.31136989593506 19.9267997741699 19.8617000579834
8.6 4.1288800239563 4.33749008178711 19.8274993896484 20.0002994537354
8.62 4.13723993301392 4.33546018600464 19.8621997833252 19.9648990631104
8.64 4.13490009307861 4.31527996063232 19.9682006835938 19.9801006317139
8.66 4.11952018737793 4.31065988540649 19.9925003051758 20.0480995178223
8.68 4.14101982116699 4.29412984848022 20.0634994506836 19.9500007629395
8.7 4.15083980560303 4.29859018325806 20.0351009368896 19.9160995483398
8.72 4.1189398765564 4.29508018493652 20.0445995330811 20.0634994506836
8.74 4.1223201751709 4.29716014862061 20.0291004180908 20.0396003723145
8.76 4.14600992202759 4.31183004379272 19.9626998901367 19.9335994720459
8.78 4.151780128479 4.3310399055481 19.8871994018555 19.9193000793457
8.8 4.12877988815308 4.30604982376099 20.0097999572754 20.028600692749
8.82 4.14091014862061 4.27717018127441 20.1303005218506 19.9729995727539
8.84 4.16690015792847 4.27037000656128 20.1392993927002 19.8673992156982
8.86 4.15415000915527 4.2600998878479 20.161600112915 19.9412002563477
8.88 4.12488985061646 4.25423002243042 20.1620006561279 20.0736999511719
8.9 4.11502981185913 4.29200983047485 19.9780006408691 20.1042003631592
8.92 4.09320020675659 4.30375003814697 19.9316997528076 20.180700302124
8.94 4.09581995010376 4.29732990264893 19.9692001342773 20.1422996520996
8.96 4.13244009017944 4.27592992782593 20.0641994476318 19.966100692749
8.98 4.11983013153076 4.24794006347656 20.172700881958 20.0244998931885
9 4.13139009475708 4.29247999191284 19.9584999084473 19.9720001220703
9.02 4.14348983764648 4.28866004943848 19.980899810791 19.9251003265381
9.04 4.11143016815186 4.30208015441895 19.9270992279053 20.0718002319336
9.06 4.13889980316162 4.33318996429443 19.8068008422852 19.9449996948242
9.08 4.15264987945557 4.35395002365112 19.7483005523682 19.8952007293701
9.1 0 0 19.8029003143311 20.0303993225098
9.12 0 0 17.362699508667 17.6005992889404
9.14 0 0 13.506199836731 13.8266000747681
9.16 0 0 10.5177001953125 10.6164999008179
9.18 0 0 8.2185001373291 8.52558994293213
9.2 0 0 6.82690000534058 7.08538007736206
9.22 0 0 5.464439868927 5.78409004211426
9.24 0 0 4.69335985183716 4.96263980865479
9.26 0 0 3.94918990135193 4.22480010986328
9.28 0 0 3.20595002174377 3.38597011566162
9.3 0 0 2.10113000869751 2.50357007980347
9.32 0 0 1.32441997528076 1.65100002288818
9.34 0 0 0.706483006477356 1.02296996116638
9.36 0 0 0.555109977722168 0.639545023441315
9.38 0 0 0.342085003852844 0.272682011127472
9.4 0 0 0.20762300491333 0.15242899954319
9.42 0 0 0 0
9.44 0 0 0 0
9.46 0 0 0 0
9.48 0 0 0 0
9.5 0 0 0 0
9.52 0 0 0 0
9.54 0 0 0 0
9.56 0 0 0 0
9.58 0 0 0 0
9.6 0 0 0 0
9.62 0 0 0 0
9.64 0 0 0 0
9.66 0 0 0 0
9.68 0 0 0 0
9.7 0 0 0 0
9.72 0 0 0 0
9.74 0 0 0 0
9.76 0 0 0 0
9.78 0 0 0 0
9.8 0 0 0 0
9.82 0 0 0 0
9.84 0 0 0 0
9.86 0 0 0 0
9.88 0 0 0 0
9.9 0 0 0 0
9.92 0 0 0 0
9.94 0 0 0 0
9.96 0 0 0 0
9.98 0 0 0 0
10 0 0 0 0
10.02 0 0 0 0
10.04 0 0 0 0
10.06 0 0 0 0
10.08 0 0 0 0
10.1 0 0 0 0
10.12 0 0 0 0
10.14 0 0 0 0
10.16 0 0 0 0
10.18 0 0 0 0
10.2 0 0 0 0
10.22 0 0 0 0
10.24 0 0 0 0
10.26 0 0 0 0
10.28 0 0 0 0
10.3 0 0 0 0
10.32 0 0 0 0
10.34 0 0 0 0
10.36 0 0 0 0
10.38 0 0 0 0
10.4 0 0 0 0
10.42 0 0 0 0
10.44 0 0 0 0
10.46 0 0 0 0
10.48 0 0 0 0
10.5 0 0 0 0
10.52 0 0 0 0
10.54 0 0 0 0
10.56 0 0 0 0
10.58 0 0 0 0
10.6 0 0 0 0
10.62 0 0 0 0
10.64 0 0 0 0
10.66 0 0 0 0
10.68 0 0 0 0
10.7 0 0 0 0
10.72 0 0 0 0
10.74 0 0 0 0
10.76 0 0 0 0
10.78 0 0 0 0
10.8 0 0 0 0
10.82 0 0 0 0
