0 0 0 0 0
0.02 0 0 0 0
0.04 0 0 0 0
0.06 0 0 0 0
0.08 0 0 0 0
0.1 0 0 0 0
0.12 0 0 0 0
0.14 0 0 0 0
0.16 0 0 0 0
0.18 0 0 0 0
0.2 0 0 0 0
0.22 0 0 0 0
0.24 0 0 0 0
0.26 0 0 0 0
0.28 0 0 0 0
0.3 0 0 0 0
0.32 0 0 0 0
0.34 0 0 0 0
0.36 0 0 0 0
0.38 0 0 0 0
0.4 0 0 0 0
0.42 0 0 0 0
0.44 0 0 0 0
0.46 0 0 0 0
0.48 0 0 0 0
0.5 0 0 0 0
0.52 0 0 0 0
0.54 3.09870004653931 3.09870004653931 0 0
0.56 3.18647003173828 3.31177997589111 0.934186995029449 1.68647003173828
0.58 3.1254301071167 3.3194899559021 2.96344995498657 4.01741981506348
0.6 3.23651003837585 3.31318998336792 4.77732992172241 4.97109985351563
0.62 3.28909993171692 3.32484006881714 6.21577978134155 6.13522005081177
0.64 3.26027989387512 3.30845999717712 7.61031007766724 7.61630010604858
0.66 3.25467991828918 3.31108999252319 8.68494033813477 8.73943042755127
0.68 3.26285004615784 3.34782004356384 9.396240234375 9.6141996383667
0.7 3.2952299118042 3.34446001052856 10.2433004379272 10.2145004272461
0.72 3.26377010345459 3.35439991950989 10.8854999542236 11.1094999313354
0.74 3.2734899520874 3.37190008163452 11.3875999450684 11.6253004074097
0.76 3.30503010749817 3.37325000762939 11.9125003814697 11.9338998794556
0.78 3.32362008094788 3.40626001358032 12.1698999404907 12.2747001647949
0.8 3.33722996711731 3.43376994132996 12.4224004745483 12.595100402832
0.82 3.35048007965088 3.42735004425049 12.8413000106812 12.870400428772
0.84 3.34877991676331 3.443039894104 13.0656003952026 13.194899559021
0.86 3.37451004981995 3.45042991638184 13.3066997528076 13.3067998886108
0.88 3.40043997764587 3.47610998153687 13.4024000167847 13.4010000228882
0.9 3.39759993553162 3.48193001747131 13.6031999588013 13.6539001464844
0.92 3.39188003540039 3.46956992149353 13.8835000991821 13.8868999481201
0.94 3.40548992156982 3.50694990158081 13.8239002227783 13.9694995880127
0.96 3.39428997039795 3.48069000244141 14.1549997329712 14.18869972229
0.98 3.4110701084137 3.51639008522034 14.0654001235962 14.2076997756958
1 3.39481997489929 3.50275993347168 14.2850999832153 14.4222002029419
1.02 3.40179991722107 3.51810002326965 14.2985000610352 14.4654998779297
1.04 3.39984011650085 3.5360701084137 14.2941999435425 14.5562000274658
1.06 3.39174008369446 3.51976990699768 14.4961996078491 14.6702995300293
1.08 3.39236998558044 3.54053997993469 14.4457998275757 14.7152004241943
1.1 3.3757700920105 3.5320200920105 14.5787000656128 14.8568000793457
1.12 3.38621997833252 3.50492000579834 14.8036003112793 14.8151998519897
1.14 3.37917995452881 3.52148008346558 14.733099937439 14.8847999572754
1.16 3.3605899810791 3.51705002784729 14.7990999221802 15.0132999420166
1.18 3.36262989044189 3.51065993309021 14.8670997619629 14.9990997314453
1.2 3.36713004112244 3.51098990440369 14.8847999572754 14.9722003936768
1.22 3.36097002029419 3.52710008621216 14.8050003051758 15.0132999420166
1.24 3.35952997207642 3.51945996284485 14.8796997070313 15.0200004577637
1.26 3.35892009735107 3.50512003898621 14.9834995269775 15.0207004547119
1.28 3.36349010467529 3.50589990615845 14.9813003540039 14.9902000427246
1.3 3.36844992637634 3.50884008407593 14.9664001464844 14.9618997573853
1.32 3.35001993179321 3.48461008071899 15.1168003082275 15.078200340271
1.34 3.33726000785828 3.48199009895325 15.1153001785278 15.1431999206543
1.36 3.34066009521484 3.4717800617218 15.1595001220703 15.1016998291016
1.38 3.31945991516113 3.48545002937317 15.0539999008179 15.2138996124268
1.4 3.31318998336792 3.47655010223389 15.0993995666504 15.2200002670288
1.42 3.32410001754761 3.47915005683899 15.0691003799438 15.1220998764038
1.44 3.32840991020203 3.49482989311218 14.9647998809814 15.078200340271
1.46 3.3215799331665 3.49569010734558 14.9647998809814 15.1076002120972
1.48 3.32595992088318 3.48907995223999 15.0096998214722 15.0655002593994
1.5 3.31260991096497 3.4789400100708 15.0691003799438 15.1358995437622
1.52 3.31345009803772 3.48227000236511 15.0389003753662 15.1107997894287
1.54 3.32844996452332 3.46364998817444 15.1450004577637 15.0044002532959
1.56 3.32146000862122 3.47525000572205 15.0539999008179 15.0458002090454
1.58 3.31012010574341 3.47508001327515 15.0469999313354 15.1070995330811
1.6 3.32968997955322 3.49046993255615 14.947699546814 14.9737997055054
1.62 3.33901000022888 3.49137997627258 14.9498996734619 14.9216995239258
1.64 3.33164000511169 3.48752999305725 14.9805002212524 14.977499961853
1.66 3.33455991744995 3.49321007728577 14.9491996765137 14.9632997512817
1.68 3.33545994758606 3.48925995826721 14.9805002212524 14.9632997512817
1.7 3.34536004066467 3.47748994827271 15.0539999008179 14.9092998504639
1.72 3.34131002426147 3.47363996505737 15.0691003799438 14.9469995498657
1.74 3.34733009338379 3.48682999610901 14.9798002243042 14.9187002182007
1.76 3.33740997314453 3.47496008872986 15.0539999008179 14.9902000427246
1.78 3.3375198841095 3.48351001739502 14.9947004318237 14.9910001754761
1.8 3.34809994697571 3.48128008842468 15.0088996887207 14.9287996292114
1.82 3.33948993682861 3.49815988540649 14.9062004089355 14.9910001754761
1.84 3.346440076828 3.47080993652344 15.0843000411987 14.9505996704102
1.86 3.35909008979797 3.48874998092651 14.9640998840332 14.8818998336792
1.88 3.35290002822876 3.50921010971069 14.8465995788574 14.9364995956421
1.9 3.35381007194519 3.50271010398865 14.9082002639771 14.9404001235962
1.92 3.35406994819641 3.51034998893738 14.8759002685547 14.947699546814
1.94 3.365070104599 3.49884009361267 14.9632997512817 14.8893003463745
1.96 3.3620400428772 3.50023007392883 14.9603996276855 14.9238996505737
1.98 3.36054992675781 3.48646998405457 15.0488004684448 14.9441003799438
2 3.35722994804382 3.51676988601685 14.8597002029419 14.9722003936768
2.02 3.37663006782532 3.5119800567627 14.9091997146606 14.8599004745483
2.04 3.36578011512756 3.52680993080139 14.8336000442505 14.9456996917725
2.06 3.37052011489868 3.52737998962402 14.854700088501 14.9252996444702
2.08 3.39240002632141 3.52898001670837 14.8664999008179 14.8049001693726
2.1 3.40020990371704 3.53216004371643 14.8670997619629 14.7868003845215
2.12 3.4030499458313 3.52100992202759 14.9537000656128 14.8013000488281
2.14 3.39393997192383 3.50467991828918 15.0586004257202 14.885199546814
2.16 3.40173006057739 3.5262598991394 14.9202995300293 14.8554000854492
2.18 3.38394999504089 3.49790000915527 15.1023998260498 14.9834995269775
2.2 3.36946988105774 3.4933500289917 15.1146001815796 15.0728998184204
2.22 3.3813099861145 3.50550007820129 15.0247001647949 14.9910001754761
2.24 3.38509011268616 3.54174995422363 14.8035001754761 14.9696998596191
2.26 3.3649799823761 3.5233199596405 14.9430999755859 15.0947999954224
2.28 3.367840051651 3.55018997192383 14.7902002334595 15.06369972229
2.3 3.36875009536743 3.5243399143219 14.976300239563 15.0488004684448
2.32 3.40622997283936 3.52683997154236 14.9647998809814 14.8165998458862
2.34 3.35550999641418 3.52199006080627 14.9990997314453 15.1482000350952
2.36 3.36616992950439 3.49980998039246 15.132399559021 15.0622997283936
2.38 3.37165999412537 3.51047992706299 15.0488004684448 15.0201997756958
2.4 3.3542799949646 3.49920988082886 15.109299659729 15.1215000152588
2.42 3.32877993583679 3.49703001976013 15.1062002182007 15.2566995620728
2.44 3.35068011283875 3.51674008369446 14.9722003936768 15.0873003005981
2.46 3.34829998016357 3.53763008117676 14.8508996963501 15.0887002944946
2.48 3.3463499546051 3.53246998786926 14.9039001464844 15.0873003005981
2.5 3.37038993835449 3.51116991043091 15.0396003723145 14.9314002990723
2.52 3.37860989570618 3.51495003700256 15.0110998153687 14.8921003341675
2.54 3.36330008506775 3.51940989494324 14.9827003479004 15
2.56 3.35857009887695 3.50984001159668 15.0426998138428 15.0284004211426
2.58 3.35423994064331 3.50173997879028 15.085000038147 15.0502004623413
2.6 3.35762000083923 3.49175000190735 15.132399559021 15.022500038147
2.62 3.36642003059387 3.51975989341736 14.9448003768921 14.9664001464844
2.64 3.36915993690491 3.53949999809265 14.834400177002 14.9548997879028
2.66 3.35475993156433 3.50635004043579 15.0578002929688 15.0480003356934
2.68 3.34478998184204 3.51756000518799 14.9820003509521 15.100700378418
2.7 3.35349011421204 3.50813007354736 15.0412998199463 15.0336999893188
2.72 3.34056997299194 3.49972009658813 15.0857000350952 15.1062002182007
2.74 3.34101009368896 3.48784995079041 15.1443004608154 15.0879001617432
2.76 3.35261988639832 3.49190998077393 15.0986003875732 15.0052003860474
2.78 3.34312009811401 3.48606991767883 15.1190996170044 15.0614995956421
2.8 3.33025002479553 3.48084998130798 15.1329002380371 15.1296997070313
2.82 3.33733010292053 3.4689199924469 15.1849002838135 15.0680999755859
2.84 3.34375 3.51021003723145 14.9097995758057 15.0193996429443
2.86 3.33839011192322 3.49879002571106 14.9916000366211 15.0488004684448
2.88 3.34681010246277 3.50655007362366 14.9462995529175 14.9910001754761
2.9 3.36084008216858 3.50949001312256 14.9364995956421 14.9081001281738
2.92 3.37737989425659 3.52322006225586 14.8634996414185 14.8224000930786
2.94 3.36579990386963 3.49459004402161 15.0555000305176 14.9181003570557
2.96 3.35773992538452 3.4875500202179 15.089599609375 14.9785995483398
2.98 3.36340999603271 3.49316000938416 15.0426998138428 14.947699546814
3 3.34786009788513 3.44842004776001 15.3049001693726 15.0488004684448
3.02 3.32683992385864 3.46502995491028 15.1603002548218 15.167799949646
3.04 3.34204006195068 3.47879004478455 15.0539999008179 15.0516996383667
3.06 3.33927011489868 3.49480009078979 14.9498996734619 15.0607995986938
3.08 3.34478998184204 3.48857998847961 14.9947004318237 15.0186004638672
3.1 3.33743000030518 3.48975992202759 14.9883003234863 15.0600996017456
3.12 3.33594989776611 3.48315000534058 15.0298004150391 15.0600996017456
3.14 3.33194994926453 3.4816300868988 15.0345001220703 15.0752000808716
3.16 3.33049988746643 3.46237993240356 15.1450004577637 15.0728998184204
3.18 3.34907007217407 3.46388006210327 15.1146001815796 14.9505996704102
3.2 3.33895993232727 3.4712700843811 15.0532999038696 15.0186004638672
3.22 3.32467007637024 3.44957995414734 15.1756000518799 15.1016998291016
3.24 3.33036994934082 3.47304010391235 15.0088996887207 15.0523996353149
3.26 3.35528993606567 3.48757004737854 14.9202995300293 14.8950996398926
3.28 3.35735988616943 3.49924993515015 14.8620004653931 14.898099899292
3.3 3.36730003356934 3.49538993835449 14.9055004119873 14.8535003662109
3.32 3.37205004692078 3.49916005134583 14.8968000411987 14.8465995788574
3.34 3.38257002830505 3.49111008644104 14.9603996276855 14.8060998916626
3.36 3.37373995780945 3.49494004249573 14.9432001113892 14.8877000808716
3.38 3.35542988777161 3.47210001945496 15.0887002944946 15.0142002105713
3.4 3.35408997535706 3.4629499912262 15.1304998397827 15.0201997756958
3.42 3.3446900844574 3.46097993850708 15.1231002807617 15.0735998153687
3.44 3.34737992286682 3.45177006721497 15.1603002548218 15.0466003417969
3.46 3.33466005325317 3.46301007270813 15.0691003799438 15.1161003112793
3.48 3.34114003181458 3.45132994651794 15.128999710083 15.0600996017456
3.5 3.3372700214386 3.48045992851257 14.9350996017456 15.0743999481201
3.52 3.34399008750916 3.47710990905762 14.9647998809814 15.023099899292
3.54 3.3293399810791 3.47796988487244 14.9647998809814 15.1076002120972
3.56 3.32679009437561 3.4664900302887 15.0389003753662 15.1070995330811
3.58 3.32896995544434 3.45304989814758 15.1139001846313 15.078200340271
3.6 3.32224011421204 3.45253992080688 15.1000995635986 15.1070995330811
3.62 3.32430005073547 3.44018006324768 15.1595001220703 15.0789003372192
3.64 3.32020998001099 3.42266988754272 15.2412004470825 15.0917997360229
3.66 3.30258011817932 3.41329002380371 15.2617998123169 15.184100151062
3.68 3.27581000328064 3.42212009429932 15.1702003479004 15.3176002502441
3.7 3.28527998924255 3.41684007644653 15.1767997741699 15.2138996124268
3.72 3.29690003395081 3.41778993606567 15.1450004577637 15.1126003265381
3.74 3.29443001747131 3.4190399646759 15.1161003112793 15.1107997894287
3.76 3.30543994903564 3.41266989707947 15.1372003555298 15.0284004211426
3.78 3.32789993286133 3.43397998809814 14.9890003204346 14.8893003463745
3.8 3.31767010688782 3.4298300743103 15.0156002044678 14.9671001434326
3.82 3.3034999370575 3.40292000770569 15.1747999191284 15.0570001602173
3.84 3.2959098815918 3.42775011062622 15 15.0940999984741
3.86 3.30692005157471 3.4381799697876 14.9373998641968 15.0142002105713
3.88 3.29742002487183 3.44494009017944 14.9060001373291 15.0691003799438
3.9 3.30211997032166 3.45040011405945 14.8871002197266 15.0306997299194
3.92 3.31556010246277 3.46004009246826 14.8458995819092 14.9455003738403
3.94 3.3206000328064 3.47204995155334 14.7966003417969 14.9232997894287
3.96 3.3017098903656 3.4464099407196 14.9805002212524 15.0480003356934
3.98 3.32020998001099 3.43777990341187 15.0352001190186 14.9298000335693
4 3.31424999237061 3.43126010894775 15.0691003799438 14.9759998321533
4.02 3.30509996414185 3.42704010009766 15.0843000411987 15.0345001220703
4.04 3.29938006401062 3.42484998703003 15.085000038147 15.06369972229
4.06 3.30420994758606 3.45008993148804 14.9209003448486 15.0253000259399
4.08 3.3189799785614 3.46695995330811 14.8312997817993 14.932900428772
4.1 3.2964301109314 3.45269989967346 14.9418001174927 15.078200340271
4.12 3.31003999710083 3.45672988891602 14.9261999130249 14.9849004745483
4.14 3.32144999504089 3.46314001083374 14.8985996246338 14.9187002182007
4.16 3.31625008583069 3.4472599029541 15.0088996887207 14.9618997573853
4.18 3.30996990203857 3.43615007400513 15.0742998123169 15.0052003860474
4.2 3.32189011573792 3.43832993507385 15.0502004623413 14.932900428772
4.22 3.30661988258362 3.42295002937317 15.1351003646851 15.0345001220703
4.24 3.30826997756958 3.42861008644104 15.0811996459961 15.0193996429443
4.26 3.30290007591248 3.42168998718262 15.1107997894287 15.0488004684448
4.28 3.28695011138916 3.42009997367859 15.1040000915527 15.1373996734619
4.3 3.28001999855042 3.4203200340271 15.0873003005981 15.1586999893188
4.32 3.28058004379272 3.43826007843018 14.9666996002197 15.1318998336792
4.34 3.29507994651794 3.45059990882874 14.8976001739502 15.0254001617432
4.36 3.29370999336243 3.46708989143372 14.81369972229 15.029899597168
4.38 3.28819990158081 3.43797993659973 15.0158996582031 15.0586004257202
4.4 3.29790997505188 3.42758989334106 15.0759000778198 14.9916000366211
4.42 3.31282997131348 3.44038009643555 14.9879999160767 14.9033002853394
4.44 3.2885799407959 3.44453001022339 14.9647998809814 15.063099861145
4.46 3.29472994804382 3.42802000045776 15.0691003799438 15.016900062561
4.48 3.30769991874695 3.44618010520935 14.9498996734619 14.9364995956421
4.5 3.30046010017395 3.44257998466492 14.9788999557495 14.9893999099731
4.52 3.30766010284424 3.44284009933472 14.9805002212524 14.947699546814
4.54 3.31387996673584 3.43869996070862 15.0081996917725 14.9181003570557
4.56 3.32059001922607 3.45548009872437 14.9062004089355 14.8899002075195
4.58 3.32255005836487 3.42800998687744 15.085000038147 14.8943996429443
4.6 3.31081008911133 3.43846988677979 15.0096998214722 14.9805002212524
4.62 3.33392000198364 3.44569993019104 14.9647998809814 14.8445997238159
4.64 3.3206799030304 3.449049949646 14.9498996734619 14.9469995498657
4.66 3.2948899269104 3.43545007705688 15.0389003753662 15.1096000671387
4.68 3.31196999549866 3.44435000419617 14.9798002243042 14.9909000396729
4.7 3.30190992355347 3.46770000457764 14.8425998687744 15.0527000427246
4.72 3.30195999145508 3.45763993263245 14.9261999130249 15.0445995330811
4.74 3.30612993240356 3.46766996383667 14.8768997192383 15.0129995346069
4.76 3.29570007324219 3.46092009544373 14.9491996765137 15.0770998001099
4.78 3.31439995765686 3.45642995834351 14.9835996627808 14.9534997940063
4.8 3.31650996208191 3.45091009140015 15.0192003250122 14.947699546814
4.82 3.31308007240295 3.44951009750366 15.0247001647949 14.9759998321533
4.84 3.30393004417419 3.46920990943909 14.9027996063232 15.0345001220703
4.86 3.31529998779297 3.47743010520935 14.8677997589111 14.9610996246338
4.88 3.31126999855042 3.4891300201416 14.817099571228 14.9910001754761
4.9 3.31647992134094 3.49103999137878 14.8325996398926 14.9610996246338
4.92 3.33624005317688 3.4952700138092 14.8318996429443 14.8481998443604
4.94 3.3253800868988 3.49600005149841 14.8522996902466 14.9357995986938
4.96 3.33730006217957 3.47966003417969 14.9722003936768 14.8737001419067
4.98 3.33985996246338 3.47336006164551 15.0142002105713 14.8769998550415
5 3.3383800983429 3.48505997657776 14.9418001174927 14.9040002822876
5.02 3.33358001708984 3.47444009780884 15.0142002105713 14.9469995498657
5.04 3.33500003814697 3.48368000984192 14.956600189209 14.9462995529175
5.06 3.32876992225647 3.4700300693512 15.0448999404907 14.9916000366211
5.08 3.32907009124756 3.48125004768372 14.9708995819092 14.9910001754761
5.1 3.32230997085571 3.47538995742798 15.0103998184204 15.0329999923706
5.12 3.3343300819397 3.47788000106812 14.9940004348755 14.9559001922607
5.14 3.32957005500793 3.5048999786377 14.8325996398926 14.9910001754761
5.16 3.32505989074707 3.4679799079895 15.0790004730225 15.0193996429443
5.18 3.31642007827759 3.48053002357483 14.9919996261597 15.0684003829956
5.2 3.35033988952637 3.48696994781494 14.9545001983643 14.854700088501
5.22 3.35472011566162 3.46836996078491 15.0728998184204 14.8499002456665
5.24 3.33503007888794 3.45903992652893 15.1181001663208 14.9902000427246
5.26 3.32551002502441 3.45421004295349 15.1296997070313 15.0488004684448
5.28 3.34597992897034 3.46602010726929 15.0396003723145 14.9187002182007
5.3 3.3263099193573 3.46504998207092 15.0396003723145 15.0488004684448
5.32 3.31781005859375 3.4591600894928 15.0691003799438 15.0925998687744
5.34 3.33009004592896 3.46139001846313 15.0454998016357 15.0052003860474
5.36 3.33732008934021 3.4886200428009 14.8753995895386 14.9610996246338
5.38 3.33566999435425 3.47203993797302 14.9933004379272 14.9766998291016
5.4 3.32911992073059 3.4494800567627 15.1296997070313 15.0193996429443
5.42 3.34070992469788 3.4484601020813 15.1167001724243 14.9469995498657
5.44 3.30875992774963 3.42647004127502 15.2117004394531 15.1373996734619
5.46 3.31043004989624 3.45253992080688 15.0239000320435 15.1070995330811
5.48 3.31709003448486 3.46079993247986 14.9708003997803 15.0513000488281
5.5 3.32412004470825 3.47152996063232 14.9106998443604 15.0015001296997
5.52 3.32821011543274 3.46173000335693 14.9827003479004 14.9766998291016
5.54 3.3360800743103 3.4716899394989 14.9254999160767 14.932900428772
5.56 3.34019994735718 3.48446989059448 14.8597002029419 14.9181003570557
5.58 3.32768988609314 3.47028994560242 14.9654998779297 15.0052003860474
5.6 3.32520008087158 3.43881988525391 15.1595001220703 15.0193996429443
5.62 3.33431005477905 3.47217011451721 14.9357995986938 14.9618997573853
5.64 3.32565999031067 3.46158003807068 15.0088996887207 15.0193996429443
5.66 3.32029008865356 3.45131993293762 15.0691003799438 15.0488004684448
5.68 3.32385993003845 3.46188998222351 14.9954996109009 15.0201997756958
5.7 3.33164000511169 3.47205996513367 14.9350996017456 14.9704999923706
5.72 3.3116500377655 3.45885992050171 15.0239000320435 15.0947999954224
5.74 3.32675004005432 3.47781991958618 14.9065999984741 14.9902000427246
5.76 3.35351991653442 3.45780992507935 15.0404996871948 14.831000328064
5.78 3.34008002281189 3.44327998161316 15.1217002868652 14.9364995956421
5.8 3.33257007598877 3.43628001213074 15.1457996368408 14.9910001754761
5.82 3.30256009101868 3.41934990882874 15.2258996963501 15.1724996566772
5.84 3.30484008789063 3.40265011787415 15.292799949646 15.1333999633789
5.86 3.27368998527527 3.39633011817932 15.2875003814697 15.3007001876831
5.88 3.32027006149292 3.43705010414124 15.0006999969482 14.9766998291016
5.9 3.32838988304138 3.4794499874115 14.7461004257202 14.9314002990723
5.92 3.28231000900269 3.41935992240906 15.1443004608154 15.2180995941162
5.94 3.31003999710083 3.44272994995117 14.9827003479004 15.0193996429443
5.96 3.33730006217957 3.48731994628906 14.7174997329712 14.8528995513916
5.98 3.31555008888245 3.45431995391846 14.9573001861572 15.0052003860474
6 3.33345007896423 3.43438005447388 15.0661001205444 14.8702001571655
6.02 3.33359003067017 3.4423999786377 15.0081996917725 14.888500213623
6.04 0 0 15.0775003433228 14.9910001754761
6.06 0 0 13.0009002685547 13.2884998321533
6.08 0 0 10.1449003219604 10.4665002822876
6.1 0 0 7.94429016113281 8.46498966217041
6.12 0 0 6.59697008132935 6.71557998657227
6.14 0 0 5.54018020629883 5.85760021209717
6.16 0 0 4.39589977264404 4.52356004714966
6.18 0 0 3.18140006065369 3.52313995361328
6.2 0 0 2.14258003234863 2.39788007736206
6.22 0 0 1.46733999252319 1.64219999313354
6.24 0 0 1.10716998577118 1.17773997783661
6.26 0 0 0.322825998067856 0.599618017673492
6.28 0 0 0.135754004120827 0.219484001398087
6.3 0 0 0.085961602628231 0.134226992726326
6.32 0 0 0 0
6.34 0 0 0 0
6.36 0 0 0 0
6.38 0 0 0 0
6.4 0 0 0 0
6.42 0 0 0 0
6.44 0 0 0 0
6.46 0 0 0 0
6.48 0 0 0 0
6.5 0 0 0 0
6.52 0 0 0 0
6.54 0 0 0 0
6.56 0 0 0 0
6.58 0 0 0 0
6.6 0 0 0 0
6.62 0 0 0 0
6.64 0 0 0 0
6.66 0 0 0 0
6.68 0 0 0 0
6.7 0 0 0 0
6.72 0 0 0 0
6.74 0 0 0 0
6.76 0 0 0 0
6.78 0 0 0 0
6.8 0 0 0 0
6.82 0 0 0 0
6.84 0 0 0 0
6.86 0 0 0 0
6.88 0 0 0 0
6.9 0 0 0 0
6.92 0 0 0 0
6.94 0 0 0 0
6.96 0 0 0 0
6.98 0 0 0 0
7 0 0 0 0
7.02 0 0 0 0
7.04 0 0 0 0
7.06 0 0 0 0
7.08 0 0 0 0
7.1 0 0 0 0
7.12 0 0 0 0
7.14 0 0 0 0
7.16 0 0 0 0
7.18 0 0 0 0
7.2 0 0 0 0
7.22 0 0 0 0
7.24 0 0 0 0
7.26 0 0 0 0
7.28 0 0 0 0
7.3 0 0 0 0
7.32 0 0 0 0
7.34 0 0 0 0
7.36 0 0 0 0
7.38 0 0 0 0
7.4 0 0 0 0
7.42 0 0 0 0
7.44 0 0 0 0
7.46 0 0 0 0
7.48 0 0 0 0
7.5 0 0 0 0
7.52 0 0 0 0
7.54 0 0 0 0
7.56 0 0 0 0
7.58 0 0 0 0
7.6 0 0 0 0
7.62 0 0 0 0
7.64 0 0 0 0
7.66 0 0 0 0
7.68 0 0 0 0
7.7 0 0 0 0
7.72 0 0 0 0
7.74 0 0 0 0
7.76 0 0 0 0
7.78 0 0 0 0
7.8 0 0 0 0
7.82 0 0 0 0
7.84 0 0 0 0
7.86 0 0 0 0
7.88 0 0 0 0
7.9 0 0 0 0
7.92 0 0 0 0
7.94 0 0 0 0
7.96 0 0 0 0
7.98 0 0 0 0
