0 0 0 0 0
0.02 0 0 0 0
0.04 0 0 0 0
0.06 0 0 0 0
0.08 0 0 0 0
0.1 0 0 0 0
0.12 0 0 0 0
0.14 0 0 0 0
0.16 0 0 0 0
0.18 0 0 0 0
0.2 0 0 0 0
0.22 0 0 0 0
0.24 0 0 0 0
0.26 0 0 0 0
0.28 0 0 0 0
0.3 0 0 0 0
0.32 0 0 0 0
0.34 0 0 0 0
0.36 0 0 0 0
0.38 0 0 0 0
0.4 0 0 0 0
0.42 0 0 0 0
0.44 0 0 0 0
0.46 0 0 0 0
0.48 0 0 0 0
0.5 0 0 0 0
0.52 0 0 0 0
0.54 0 0 0 0
0.56 2.46659994125366 2.46659994125366 0 0
0.58 2.59559988975525 2.5927300453186 1.20922005176544 1.18607997894287
0.6 2.6867299079895 2.66735005378723 2.65306997299194 2.50076007843018
0.62 2.80661010742188 2.77286005020142 3.63481998443604 3.38961005210876
0.64 2.896320104599 2.8652400970459 4.57664012908936 4.38921022415161
0.66 2.94669008255005 2.89491009712219 5.88274002075195 5.55673980712891
0.68 2.98323011398315 2.92529010772705 6.98966979980469 6.66249990463257
0.7 3.03345990180969 2.98599004745483 7.68886995315552 7.4942798614502
0.72 3.06801009178162 3.02014994621277 8.4977502822876 8.32888031005859
0.74 3.08542990684509 3.03532004356384 9.33940029144287 9.17745971679688
0.76 3.10895991325378 3.07118010520935 9.89004993438721 9.85118007659912
0.78 3.13772988319397 3.11874008178711 10.2650003433228 10.3829002380371
0.8 3.15964007377625 3.15858006477356 10.6465997695923 10.8910999298096
0.82 3.16564011573792 3.17328000068665 11.1735000610352 11.4517002105713
0.84 3.17877006530762 3.19855999946594 11.5374002456665 11.8719997406006
0.86 3.19937992095947 3.22642993927002 11.8264999389648 12.1698999404907
0.88 3.20040011405945 3.23923993110657 12.1939001083374 12.581000328064
0.9 3.20582008361816 3.26637005805969 12.3915996551514 12.8959999084473
0.92 3.21589994430542 3.26838994026184 12.7618999481201 13.1267995834351
0.94 3.22747993469238 3.28475999832153 12.9619998931885 13.31130027771
0.96 3.24266004562378 3.28078007698059 13.2959995269775 13.4394998550415
0.98 3.24852991104126 3.30403995513916 13.3615999221802 13.6236000061035
1 3.25836992263794 3.32652997970581 13.4236001968384 13.7484998703003
1.02 3.26665997505188 3.33300995826721 13.6051998138428 13.8673000335693
1.04 3.27599000930786 3.33823990821838 13.7698001861572 13.9602003097534
1.06 3.26335000991821 3.36406993865967 13.7446002960205 14.2158002853394
1.08 3.27145004272461 3.36986994743347 13.8839998245239 14.266900062561
1.1 3.27010989189148 3.36588001251221 14.0813999176025 14.3864002227783
1.12 3.27645993232727 3.3971700668335 13.9660997390747 14.4263000488281
1.14 3.28535008430481 3.38585996627808 14.2102003097534 14.4398002624512
1.16 3.27964997291565 3.38857007026672 14.3053998947144 14.5685997009277
1.18 3.28837990760803 3.41083002090454 14.2294998168945 14.5623998641968
1.2 3.29209995269775 3.40668988227844 14.3769998550415 14.5973997116089
1.22 3.29502010345459 3.39542007446289 14.5598001480103 14.6336002349854
1.24 3.28878998756409 3.40328001976013 14.561900138855 14.7379999160767
1.26 3.30787992477417 3.41862988471985 14.503399848938 14.6232995986938
1.28 3.29584002494812 3.41893005371094 14.5746002197266 14.775899887085
1.3 3.29107999801636 3.41368007659912 14.6798000335693 14.8473997116089
1.32 3.29362988471985 3.44024991989136 14.5137996673584 14.8494997024536
1.34 3.29203009605408 3.45255994796753 14.4869003295898 14.8845996856689
1.36 3.2827000617981 3.44110989570618 14.654899597168 14.9766998291016
1.38 3.29145002365112 3.44185996055603 14.6999998092651 14.9098997116089
1.4 3.28996992111206 3.43042993545532 14.8364000320435 14.9350996017456
1.42 3.2885000705719 3.41336989402771 14.9976997375488 14.9565000534058
1.44 3.29223990440369 3.43234992027283 14.8454999923706 14.932900428772
1.46 3.3056800365448 3.4246199131012 14.9306001663208 14.8347997665405
1.48 3.30017995834351 3.41771006584167 14.9962997436523 14.9034996032715
1.5 3.28415989875793 3.42892003059387 14.9068002700806 15.0466003417969
1.52 3.28865003585815 3.43965005874634 14.834400177002 15.0036001205444
1.54 3.29293990135193 3.44046998023987 14.8522996902466 14.9686002731323
1.56 3.27060008049011 3.42993998527527 14.9589004516602 15.1527004241943
1.58 3.27300000190735 3.41264009475708 15.1040000915527 15.1107997894287
1.6 3.28223991394043 3.40649008750916 15.137900352478 15.0201997756958
1.62 3.2997899055481 3.41561007499695 15.0441999435425 14.87619972229
1.64 3.292799949646 3.41667008399963 15.0291996002197 14.9505996704102
1.66 3.28178000450134 3.40862011909485 15.089599609375 15.0466003417969
1.68 3.29966998100281 3.41458010673523 15.0284004211426 14.895899772644
1.7 3.29514002799988 3.42869997024536 14.9106998443604 14.947699546814
1.72 3.28193998336792 3.4139199256897 15.0426998138428 15.0614995956421
1.74 3.27930998802185 3.42227005958557 14.9693002700806 15.0735998153687
1.76 3.28990006446838 3.43485999107361 14.8726997375488 14.977499961853
1.78 3.28592991828918 3.4300799369812 14.9300003051758 15.0128002166748
1.8 3.27813005447388 3.38971996307373 15.2646999359131 15.0735998153687
1.82 3.2819299697876 3.39553999900818 15.1787004470825 15.0320997238159
1.84 3.28467988967896 3.40738010406494 15.0570001602173 15.0052003860474
1.86 3.28803992271423 3.42071008682251 14.941499710083 14.977499961853
1.88 3.28342008590698 3.42212009429932 14.9387998580933 15.0179004669189
1.9 3.28643989562988 3.42299008369446 14.940899848938 14.9910001754761
1.92 3.27969002723694 3.43599009513855 14.8451995849609 15.0466003417969
1.94 3.27017998695374 3.4156699180603 15.0313997268677 15.1161003112793
1.96 3.27323007583618 3.42771005630493 14.9300003051758 15.0743999481201
1.98 3.2890100479126 3.42355990409851 14.9737997055054 14.9364995956421
2 3.28852009773254 3.42313003540039 14.9809999465942 14.9498996734619
2.02 3.29965996742249 3.41430997848511 15.0548000335693 14.8677997589111
2.04 3.29956007003784 3.4179699420929 15.0172004699707 14.8881998062134
2.06 3.31170988082886 3.41963005065918 15.0013999938965 14.8071002960205
2.08 3.31135010719299 3.42338991165161 14.9708995819092 14.8386001586914
2.1 3.31160998344421 3.42606997489929 14.9537000656128 14.8604001998901
2.12 3.30674004554749 3.4284999370575 14.9409999847412 14.9202003479004
2.14 3.32293009757996 3.45879006385803 14.7063999176025 14.8020000457764
2.16 3.32809996604919 3.49693989753723 14.4433002471924 14.7896995544434
2.18 3.28978991508484 3.43626999855042 15.0132999420166 15.1288003921509
2.2 3.23175001144409 3.39815998077393 15.3176002502441 15.5761003494263
2.22 3.25171995162964 3.4398500919342 14.9355001449585 15.3303003311157
2.24 3.29824995994568 3.45278000831604 14.8411998748779 14.9074001312256
2.26 3.28684997558594 3.44924998283386 14.8930997848511 15.0128002166748
2.28 3.30004000663757 3.44531989097595 14.9204998016357 14.8922996520996
2.3 3.29243993759155 3.45964002609253 14.8171997070313 14.9693002700806
2.32 3.26647996902466 3.44566011428833 14.956600189209 15.1823997497559
2.34 3.27278995513916 3.4372398853302 15.0306997299194 15.104700088501
2.36 3.27434992790222 3.43812990188599 15.0190000534058 15.0766000747681
2.38 3.24958992004395 3.38163995742798 15.4701995849609 15.2643003463745
2.4 3.26335000991821 3.42071008682251 15.0865001678467 15.1146001815796
2.42 3.30357003211975 3.43730998039246 14.940299987793 14.7743997573853
2.44 3.28861999511719 3.40878009796143 15.0846996307373 14.9033002853394
2.46 3.28986001014709 3.40481996536255 15.1040000915527 14.9076995849609
2.48 3.26995992660522 3.40282011032104 15.104700088501 15.0811996459961
2.5 3.27447009086609 3.41027998924255 15.0291996002197 15.0329999923706
2.52 3.27171993255615 3.42807006835938 14.8818998336792 15.0502004623413
2.54 3.26918005943298 3.42122006416321 14.9545001983643 15.063099861145
2.56 3.26614999771118 3.42326998710632 14.9448003768921 15.078200340271
2.58 3.26427006721497 3.40259003639221 15.1190996170044 15.0817003250122
2.6 3.26712989807129 3.41884994506836 14.9708003997803 15.0466003417969
2.62 3.28656005859375 3.41382002830505 15.0156002044678 14.8836002349854
2.64 3.27858996391296 3.40620994567871 15.0743999481201 14.9647998809814
2.66 3.26673007011414 3.41037011146545 15.029899597168 15.0654001235962
2.68 3.26937007904053 3.40015006065369 15.1076002120972 15.0345001220703
2.7 3.27246999740601 3.42919993400574 14.8582000732422 15.0044002532959
2.72 3.27611994743347 3.41202998161316 15.0172004699707 14.9744997024536
2.74 3.25507998466492 3.4135799407959 15.0022001266479 15.1472997665405
2.76 3.25933003425598 3.41008996963501 15.029899597168 15.0913000106812
2.78 3.29041004180908 3.42576003074646 14.8994998931885 14.8280000686646
2.8 3.28743004798889 3.4166100025177 14.9879999160767 14.8774995803833
2.82 3.29311990737915 3.41119003295898 15.0333003997803 14.8499002456665
2.84 3.29894995689392 3.41227006912231 15.019700050354 14.8253002166748
2.86 3.29929995536804 3.41633009910584 14.9841995239258 14.8482999801636
2.88 3.28043007850647 3.42752003669739 14.8965997695923 15.022500038147
2.9 3.28728008270264 3.41247010231018 15.0327997207642 14.9640998840332
2.92 3.29339003562927 3.44085001945496 14.8000001907349 14.9202995300293
2.94 3.28429007530212 3.43415999412537 14.8832998275757 15.0052003860474
2.96 3.28412008285522 3.42753005027771 14.9539003372192 15.0058002471924
2.98 3.2841899394989 3.43393993377686 14.9091997146606 15.0044002532959
3 3.28325009346008 3.42272996902466 15.0128002166748 15.0113000869751
3.02 3.28045010566711 3.41105008125305 15.104700088501 15.0320997238159
3.04 3.30011010169983 3.4333701133728 14.9098997116089 14.8694000244141
3.06 3.30901002883911 3.42947006225586 14.9545001983643 14.8171997070313
3.08 3.29122996330261 3.43410992622375 14.923999786377 14.9871997833252
3.1 3.28838992118835 3.44093990325928 14.8803997039795 15.0118999481201
3.12 3.28256011009216 3.46020007133484 14.7433996200562 15.0570001602173
3.14 3.28972005844116 3.46719002723694 14.7251996994019 14.9910001754761
3.16 3.28811001777649 3.45091009140015 14.8966999053955 15.0052003860474
3.18 3.3100700378418 3.46676993370056 14.7846002578735 14.8280000686646
3.2 3.31324005126953 3.45530009269714 14.9086999893188 14.8280000686646
3.22 3.32407999038696 3.44608998298645 14.9961996078491 14.7664003372192
3.24 3.31967997550964 3.43354988098145 15.0974998474121 14.8364000320435
3.26 3.31616997718811 3.434809923172 15.0586004257202 14.8966999053955
3.28 3.30384993553162 3.44063997268677 15.0030002593994 15.0109996795654
3.3 3.2989399433136 3.44442009925842 14.9722003936768 15.0488004684448
3.32 3.30300998687744 3.46272993087769 14.8291997909546 15.0088996887207
3.34 3.30124998092651 3.46352005004883 14.8480997085571 15.0216999053955
3.36 3.29960989952087 3.44075989723206 15.0570001602173 15.022500038147
3.38 3.29536008834839 3.43585991859436 15.0879001617432 15.0532999038696
3.4 3.30248999595642 3.44537997245789 14.9983997344971 14.9881000518799
3.42 3.30559992790222 3.44548988342285 14.9976997375488 14.9647998809814
3.44 3.29907989501953 3.44358992576599 15.0132999420166 15.022500038147
3.46 3.28570008277893 3.43584990501404 15.0735998153687 15.1267004013062
3.48 3.29269003868103 3.44738006591797 14.9700002670288 15.0516996383667
3.5 3.29837989807129 3.44617009162903 14.9841995239258 14.9982995986938
3.52 3.29185009002686 3.45015001296997 14.9545001983643 15.0509996414185
3.54 3.30164003372192 3.44738006591797 14.9834995269775 14.9647998809814
3.56 3.30859994888306 3.4522500038147 14.9469003677368 14.9140996932983
3.58 3.31539011001587 3.44140005111694 15.0418996810913 14.8723001480103
3.6 3.31650996208191 3.44428992271423 15.0020999908447 14.8824996948242
3.62 3.31456995010376 3.45118999481201 14.9462995529175 14.9154996871948
3.64 3.31221008300781 3.44568991661072 14.9983997344971 14.9469995498657
3.66 3.31670999526978 3.44544005393982 15.0006999969482 14.9187002182007
3.68 3.31827998161316 3.45985007286072 14.8847999572754 14.9181003570557
3.7 3.31476998329163 3.44979000091553 14.9827003479004 14.9584999084473
3.72 3.31418991088867 3.47049999237061 14.8189001083374 14.9693002700806
3.74 3.30955004692078 3.45724010467529 14.9523000717163 15.0110998153687
3.76 3.31277990341187 3.44508004188538 15.0570001602173 14.9834995269775
3.78 3.31466007232666 3.4512300491333 14.9990997314453 14.9708003997803
3.8 3.32048988342285 3.44572997093201 15.0434999465942 14.9282999038696
3.82 3.31670999526978 3.45609998703003 14.9537000656128 14.9693002700806
3.84 3.31374001502991 3.47470998764038 14.8109998703003 14.9976997375488
3.86 3.32055997848511 3.46635007858276 14.9062004089355 14.9432001113892
3.88 3.31843996047974 3.48358011245728 14.7815999984741 14.9687004089355
3.9 3.3194100856781 3.47568011283875 14.8774995803833 14.9654998779297
3.92 3.31697988510132 3.47223997116089 14.9232997894287 14.9902000427246
3.94 3.3260600566864 3.46004009246826 15.0326995849609 14.9187002182007
3.96 3.31974005699158 3.44389009475708 15.1625995635986 14.9958000183105
3.98 3.3123300075531 3.43707990646362 15.1933002471924 15.0559997558594
4 3.32193994522095 3.43477010726929 15.1831998825073 14.9704999923706
4.02 3.32927989959717 3.44671010971069 15.0600996017456 14.9159002304077
4.04 3.31213998794556 3.44420003890991 15.0713996887207 15.0661001205444
4.06 3.31438994407654 3.44989991188049 15.0150003433228 15.038200378418
4.08 3.29942989349365 3.45688009262085 14.956600189209 15.1527004241943
4.1 3.30899000167847 3.46040010452271 14.9348001480103 15.0532999038696
4.12 3.31184005737305 3.45022988319397 15.0261001586914 15.022500038147
4.14 3.30994009971619 3.43305993080139 15.1603002548218 15.0345001220703
4.16 3.31590008735657 3.44022989273071 15.0721998214722 14.9759998321533
4.18 3.30559992790222 3.43323993682861 15.117600440979 15.0622997283936
4.2 3.29803991317749 3.42432999610901 15.171799659729 15.1139001846313
4.22 3.29385995864868 3.43140006065369 15.089599609375 15.1304998397827
4.24 3.29275989532471 3.43351006507874 15.0593004226685 15.1201000213623
4.26 3.30251002311707 3.44361996650696 14.9693002700806 15.0239000320435
4.28 3.29844999313354 3.42479991912842 15.112099647522 15.0396003723145
4.3 3.31474995613098 3.43248009681702 15.0164003372192 14.9040002822876
4.32 3.30578994750977 3.41949009895325 15.1183004379272 14.9902000427246
4.34 3.31190991401672 3.42098999023438 15.0887002944946 14.9425001144409
4.36 3.31959009170532 3.43736004829407 14.9441003799438 14.8893003463745
4.38 3.31258988380432 3.44041991233826 14.9277000427246 14.9618997573853
4.4 3.28604006767273 3.41792988777161 15.1190996170044 15.1808996200562
4.42 3.28331995010376 3.42673993110657 15.0306997299194 15.1759996414185
4.44 3.30071997642517 3.44945001602173 14.8436002731323 15.0101003646851
4.46 3.30082988739014 3.44699001312256 14.8865995407104 15.0076999664307
4.48 3.3113899230957 3.43535995483398 14.9968996047974 14.9216995239258
4.5 3.30802011489868 3.44291996955872 14.9364995956421 14.9603996276855
4.52 3.308109998703 3.44021010398865 14.9678001403809 14.9654998779297
4.54 3.30879998207092 3.45629000663757 14.8432998657227 14.9651002883911
4.56 3.30438995361328 3.4344699382782 15.0418996810913 15.0057001113892
4.58 3.28228998184204 3.41884994506836 15.1611995697021 15.1823997497559
4.6 3.29509997367859 3.43417000770569 15.0142002105713 15.0523996353149
4.62 3.30690002441406 3.45236992835999 14.8657999038696 14.9498996734619
4.64 3.29186010360718 3.4400200843811 14.9849004745483 15.078200340271
4.66 3.27676010131836 3.44362998008728 14.9581003189087 15.1879997253418
4.68 3.29237008094788 3.44107007980347 14.9849004745483 15.0346002578735
4.7 3.30448007583618 3.44460010528564 14.9589004516602 14.9322004318237
4.72 3.33658003807068 3.44144010543823 14.9903001785278 14.6843004226685
4.74 3.35565996170044 3.45730996131897 14.8641996383667 14.5777997970581
4.76 3.34744000434875 3.47252988815308 14.7620000839233 14.7063999176025
4.78 3.35303997993469 3.4652099609375 14.8561000823975 14.7047996520996
4.8 3.35137009620667 3.48798990249634 14.6943998336792 14.7620000839233
4.82 3.35212993621826 3.50061988830566 14.6380996704102 14.7911996841431
4.84 3.32870006561279 3.47880005836487 14.8670997619629 15.0103998184204
4.86 3.32749009132385 3.47456002235413 14.9209003448486 15.0186004638672
4.88 3.33105993270874 3.48324990272522 14.8627996444702 14.9871997833252
4.9 3.33593010902405 3.46188998222351 15.0548000335693 14.9498996734619
4.92 3.32765007019043 3.46835994720459 14.9947004318237 15.0239000320435
4.94 3.33363008499146 3.47030997276306 14.9798002243042 14.9722003936768
4.96 3.33525991439819 3.47779989242554 14.9225997924805 14.9632997512817
4.98 3.33071994781494 3.4720299243927 14.9805002212524 15.0052003860474
5 3.31588006019592 3.47034001350403 14.9968996047974 15.1237001419067
5.02 3.32909989356995 3.47604990005493 14.9514999389648 14.9990997314453
5.04 3.33384990692139 3.46577000617981 15.0412998199463 14.9610996246338
5.06 3.31971001625061 3.45749998092651 15.1016998291016 15.0804996490479
5.08 3.32339000701904 3.45362997055054 15.117600440979 15.0389003753662
5.1 3.32593011856079 3.46302008628845 15.0247001647949 15.0128002166748
5.12 3.32915997505188 3.44730997085571 15.1472997665405 14.9849004745483
5.14 3.31925988197327 3.44638991355896 15.1329002380371 15.0668001174927
5.16 3.31810998916626 3.43892002105713 15.1732997894287 15.0661001205444
5.18 3.32027006149292 3.45701003074646 15.0022001266479 15.0389003753662
5.2 3.32821989059448 3.45182991027832 15.0434999465942 14.9693002700806
5.22 3.31486010551453 3.44756007194519 15.0713996887207 15.0811996459961
5.24 3.31486010551453 3.44106006622314 15.1129999160767 15.0691003799438
5.26 3.30919003486633 3.45145010948181 15.0128002166748 15.1044998168945
5.28 3.30732011795044 3.44570994377136 15.0570001602173 15.1040000915527
5.3 3.29601001739502 3.43711996078491 15.117600440979 15.1794996261597
5.32 3.29713988304138 3.43230009078979 15.1388998031616 15.1437997817993
5.34 3.28765988349915 3.4125599861145 15.2770004272461 15.1986999511719
5.36 3.28726005554199 3.40681004524231 15.2820997238159 15.1724996566772
5.38 3.30843997001648 3.42368006706238 15.104700088501 14.9766998291016
5.4 3.29227995872498 3.42534995079041 15.0757999420166 15.1099996566772
5.42 3.29082989692688 3.44090008735657 14.9395999908447 15.1054000854492
5.44 3.30283999443054 3.44025993347168 14.9537000656128 14.9933004379272
5.46 0 0 14.8554000854492 14.9187002182007
5.48 0 0 13.1034002304077 13.3080997467041
5.5 0 0 9.95816040039063 10.3759002685547
5.52 0 0 7.96284008026123 8.3745698928833
5.54 0 0 6.63631010055542 6.75856018066406
5.56 0 0 5.62566995620728 5.92864990234375
5.58 0 0 4.45239019393921 4.65026998519897
5.6 0 0 3.42378997802734 3.55660009384155
5.62 0 0 2.39730000495911 2.48501992225647
5.64 0 0 1.83161997795105 1.8691999912262
5.66 0 0 1.31290996074677 1.37750005722046
5.68 0 0 0.591632008552551 0.83906501531601
5.7 0 0 0.398923009634018 0.491813004016876
5.72 0 0 0.330576986074448 0.22018900513649
5.74 0 0 0.173215001821518 0.141859993338585
5.76 0 0 0 0
5.78 0 0 0 0
5.8 0 0 0 0
5.82 0 0 0 0
5.84 0 0 0 0
5.86 0 0 0 0
5.88 0 0 0 0
5.9 0 0 0 0
5.92 0 0 0 0
5.94 0 0 0 0
5.96 0 0 0 0
5.98 0 0 0 0
6 0 0 0 0
6.02 0 0 0 0
6.04 0 0 0 0
6.06 0 0 0 0
6.08 0 0 0 0
6.1 0 0 0 0
6.12 0 0 0 0
6.14 0 0 0 0
6.16 0 0 0 0
6.18 0 0 0 0
6.2 0 0 0 0
6.22 0 0 0 0
6.24 0 0 0 0
6.26 0 0 0 0
6.28 0 0 0 0
6.3 0 0 0 0
6.32 0 0 0 0
6.34 0 0 0 0
6.36 0 0 0 0
6.38 0 0 0 0
6.4 0 0 0 0
6.42 0 0 0 0
6.44 0 0 0 0
6.46 0 0 0 0
6.48 0 0 0 0
6.5 0 0 0 0
6.52 0 0 0 0
6.54 0 0 0 0
6.56 0 0 0 0
6.58 0 0 0 0
6.6 0 0 0 0
6.62 0 0 0 0
6.64 0 0 0 0
6.66 0 0 0 0
6.68 0 0 0 0
6.7 0 0 0 0
6.72 0 0 0 0
6.74 0 0 0 0
6.76 0 0 0 0
6.78 0 0 0 0
6.8 0 0 0 0
6.82 0 0 0 0
6.84 0 0 0 0
6.86 0 0 0 0
6.88 0 0 0 0
6.9 0 0 0 0
6.92 0 0 0 0
6.94 0 0 0 0
6.96 0 0 0 0
6.98 0 0 0 0
7 0 0 0 0
7.02 0 0 0 0
7.04 0 0 0 0
7.06 0 0 0 0
7.08 0 0 0 0
7.1 0 0 0 0
7.12 0 0 0 0
7.14 0 0 0 0
7.16 0 0 0 0
7.18 0 0 0 0
7.2 0 0 0 0
7.22 0 0 0 0
7.24 0 0 0 0
7.26 0 0 0 0
7.28 0 0 0 0
7.3 0 0 0 0
7.32 0 0 0 0
7.34 0 0 0 0
7.36 0 0 0 0
7.38 0 0 0 0
7.4 0 0 0 0
7.42 0 0 0 0
7.44 0 0 0 0
7.46 0 0 0 0
7.48 0 0 0 0
7.5 0 0 0 0
7.52 0 0 0 0
7.54 0 0 0 0
7.56 0 0 0 0
7.58 0 0 0 0
7.6 0 0 0 0
7.62 0 0 0 0
7.64 0 0 0 0
7.66 0 0 0 0
7.68 0 0 0 0
7.7 0 0 0 0
7.72 0 0 0 0
7.74 0 0 0 0
7.76 0 0 0 0
7.78 0 0 0 0
7.8 0 0 0 0
7.82 0 0 0 0
7.84 0 0 0 0
7.86 0 0 0 0
7.88 0 0 0 0
7.9 0 0 0 0
7.92 0 0 0 0
7.94 0 0 0 0
7.96 0 0 0 0
7.98 0 0 0 0
