0 0 0 0 0
0.04 0 0 0 0
0.08 0 0 0 0
0.12 0 0 0 0
0.16 0 0 0 0
0.2 0 0 0 0
0.24 0 0 0 0
0.28 0 0 0 0
0.32 0 0 0 0
0.36 0 0 0 0
0.4 0 0 0 0
0.44 0 0 0 0
0.48 0 0 0 0
0.52 0 0 0 0
0.56 0 0 0 0
0.6 0 0 0 0
0.64 0 0 0 0
0.68 0 0 0 0
0.72 0 0 0 0
0.76 0 0 0 0
0.8 0 0 0 0
0.84 0 0 0 0
0.88 0 0 0 0
0.92 0 0 0 0
0.96 0 0 0 0
1 0 0 0 0
1.04 0 0 0 0
1.08 0 0 0 0
1.12 0 0 0 0
1.16 0 0 0 0
1.2 0 0 0 0
1.24 0 0 0 0
1.28 0 0 0 0
1.32 0 0 0 0
1.36 0 0 0 0
1.4 0 0 0 0
1.44 0 0 0 0
1.48 0 0 0 0
1.52 0 0 0 0
1.56 0 0 0 0
1.6 0 0 0 0
1.64 0 0 0 0
1.68 0 0 0 0
1.72 0 0 0 0
1.76 0 0 0 0
1.8 0 0 0 0
1.84 0 0 0 0
1.88 0 0 0 0
1.92 0 0 0 0
1.96 0 0 0 0
2 0 0 0 0
2.04 0 0 0 0
2.08 0 0 0 0
2.12 0 0 0 0
2.16 0 0 0 0
2.2 0 0 0 0
2.24 0 0 0 0
2.28 0 0 0 0
2.32 0 0 0 0
2.36 0 0 0 0
2.4 0 0 0 0
2.44 0 0 0 0
2.48 0 0 0 0
2.52 0 0 0 0
2.56 0 0 0 0
2.6 0 0 0 0
2.64 0 0 0 0
2.68 0 0 0 0
2.72 0 0 0 0
2.76 0 0 0 0
2.8 0 0 0 0
2.84 0 0 0 0
2.88 0 0 0 0
2.92 0 0 0 0
2.96 0 0 0 0
3 0 0 0 0
3.04 0 0 0 0
3.08 0 0 0 0
3.12 0 0 0 0
3.16 0 0 0 0
3.2 0 0 0 0
3.24 0 0 0 0
3.28 0 0 0 0
3.32 0 0 0 0
3.36 0 0 0 0
3.4 0 0 0 0
3.44 0 0 0 0
3.48 0 0 0 0
3.52 0 0 0 0
3.56 0 0 0 0
3.6 0 0 0 0
3.64 0 0 0 0
3.68 0 0 0 0
3.72 0 0 0 0
3.76 0 0 0 0
3.8 0 0 0 0
3.84 0 0 0 0
3.88 0 0 0 0
3.92 0 0 0 0
3.96 0 0 0 0
4 0 0 0 0
4.04 0 0 0 0
4.08 0 0 0 0
4.12 0 0 0 0
4.16 0 0 0 0
4.2 0 0 0 0
4.24 0 0 0 0
4.28 0 0 0 0
4.32 0 0 0 0
4.36 0 0 0 0
4.4 0 0 0 0
4.44 0 0 0 0
4.48 0 0 0 0
4.52 0 0 0 0
4.56 0 0 0 0
4.6 0 0 0 0
4.64 0 0 0 0
4.68 0 0 0 0
4.72 0 0 0 0
4.76 0 0 0 0
4.8 0 0 0 0
4.84 0 0 0 0
4.88 0 0 0 0
4.92 0 0 0 0
4.96 0 0 0 0
5 0 0 0 0
5.04 0 0 0 0
5.08 0 0 0 0
5.12 0 0 0 0
5.16 0 0 0 0
5.2 0 0 0 0
5.24 0 0 0 0
5.28 0 0 0 0
5.32 0 0 0 0
5.36 0 0 0 0
5.4 0 0 0 0
5.44 0 0 0 0
5.48 0 0 0 0
5.52 0 0 0 0
5.56 0 0 0 0
5.6 0 0 0 0
5.64 0 0 0 0
5.68 0 0 0 0
5.72 0 0 0 0
5.76 0 0 0 0
5.8 0 0 0 0
5.84 0 0 0 0
5.88 0 0 0 0
5.92 0 0 0 0
5.96 0 0 0 0
6 0 0 0 0
6.04 0 0 0 0
6.08 0 0 0 0
6.12 4.59999990463257 4.59999990463257 0 0
6.16 4.59999990463257 4.59999990463257 2.02326989173889 3.00289988517761
6.2 4.59999990463257 4.59999990463257 6.5258002281189 7.43321990966797
6.24 4.59999990463257 4.59999990463257 8.61425018310547 9.92774963378906
6.28 4.59999990463257 4.59999990463257 9.98552989959717 11.7362003326416
6.32 4.59999990463257 4.59999990463257 11.0742998123169 12.5572996139526
6.36 4.59999990463257 4.59999990463257 12.7061996459961 12.7182998657227
6.4 4.59999990463257 4.59999990463257 13.8442001342773 14.1470003128052
6.44 4.59999990463257 4.59999990463257 15.0128002166748 15.4779996871948
6.48 4.59999990463257 4.59999990463257 16.1002998352051 16.4333992004395
6.52 4.59999990463257 4.59999990463257 16.8623008728027 17.2537002563477
6.56 4.59999990463257 4.59999990463257 17.7842998504639 18.1194000244141
6.6 4.59999990463257 4.59999990463257 18.6466999053955 19.2763996124268
6.64 4.59999990463257 4.59999990463257 19.1347007751465 19.7338008880615
6.68 4.59999990463257 4.59999990463257 19.5820007324219 20.1483001708984
6.72 4.59999990463257 4.59999990463257 19.6786003112793 20.362699508667
6.76 4.59999990463257 4.59999990463257 19.9937000274658 20.7460994720459
6.8 4.59999990463257 4.59999990463257 20.363899230957 21.0335006713867
6.84 4.59999990463257 4.59999990463257 20.5753993988037 21.0734996795654
6.88 4.59999990463257 4.59999990463257 20.4487991333008 21.1520004272461
6.92 4.59999990463257 4.59999990463257 20.6175994873047 21.414400100708
6.96 4.59999990463257 4.59999990463257 20.6310997009277 21.3540992736816
7 4.59999990463257 4.59999990463257 20.7493991851807 21.2672996520996
7.04 4.59999990463257 4.59999990463257 20.8241004943848 21.5300006866455
7.08 4.59999990463257 4.59999990463257 20.9267997741699 21.448600769043
7.12 4.59999990463257 4.59999990463257 21.0072994232178 21.4967994689941
7.16 4.59999990463257 4.59999990463257 20.986400604248 21.7261009216309
7.2 4.59999990463257 4.59999990463257 21.0471992492676 21.7684001922607
7.24 4.59999990463257 4.59999990463257 20.9885005950928 21.7014007568359
7.28 4.59999990463257 4.59999990463257 20.986400604248 21.8505001068115
7.32 4.59999990463257 4.59999990463257 20.9298992156982 21.872200012207
7.36 4.59999990463257 4.59999990463257 21.1443996429443 21.744499206543
7.4 4.59999990463257 4.59999990463257 21.2747993469238 21.9813995361328
7.44 4.59999990463257 4.59999990463257 21.2217998504639 22.0128993988037
7.48 4.59999990463257 4.59999990463257 21.0597991943359 21.8715000152588
7.52 4.59999990463257 4.59999990463257 21.1860008239746 21.8815994262695
7.56 4.59999990463257 4.59999990463257 21.1233005523682 21.819299697876
7.6 4.59999990463257 4.59999990463257 20.9967002868652 21.8097991943359
7.64 4.59999990463257 4.59999990463257 21.1021003723145 21.8743000030518
7.68 4.59999990463257 4.59999990463257 21.1942005157471 21.9381999969482
7.72 4.59999990463257 4.59999990463257 21.2126998901367 21.9181003570557
7.76 4.59999990463257 4.59999990463257 21.326000213623 22.0562000274658
7.8 4.59999990463257 4.59999990463257 21.1273002624512 22.0035991668701
7.84 4.59999990463257 4.59999990463257 21.1306991577148 21.9768009185791
7.88 4.59999990463257 4.59999990463257 21.0272998809814 22.0550003051758
7.92 4.59999990463257 4.59999990463257 21.1294994354248 21.9192008972168
7.96 4.59999990463257 4.59999990463257 21.260799407959 22.0347995758057
8 4.59999990463257 4.59999990463257 21.3374004364014 22.0161991119385
8.04 4.59999990463257 4.59999990463257 21.1993007659912 21.9612998962402
8.08 4.59999990463257 4.59999990463257 21.0272998809814 21.895299911499
8.12 4.59999990463257 4.59999990463257 21.0482997894287 21.8304996490479
8.16 4.59999990463257 4.59999990463257 21.2126998901367 21.8327007293701
8.2 4.59999990463257 4.59999990463257 21.2593002319336 21.8978996276855
8.24 4.59999990463257 4.59999990463257 21.1937007904053 21.8398990631104
8.28 4.59999990463257 4.59999990463257 21.2397994995117 22.0216007232666
8.32 4.59999990463257 4.59999990463257 21.3374004364014 22.1044998168945
8.36 4.59999990463257 4.59999990463257 21.1648006439209 21.9213008880615
8.4 4.59999990463257 4.59999990463257 21.2056007385254 22.0730991363525
8.44 4.59999990463257 4.59999990463257 21.3197002410889 22.0457992553711
8.48 4.59999990463257 4.59999990463257 21.2359008789063 21.9311008453369
8.52 4.59999990463257 4.59999990463257 21.2954006195068 22.1193008422852
8.56 4.59999990463257 4.59999990463257 21.406400680542 22.1697998046875
8.6 4.59999990463257 4.59999990463257 21.4022998809814 22.0032005310059
8.64 4.59999990463257 4.59999990463257 21.2910003662109 22.0391998291016
8.68 4.59999990463257 4.59999990463257 21.3477001190186 22.0461006164551
8.72 4.59999990463257 4.59999990463257 21.1700000762939 21.8607997894287
8.76 4.59999990463257 4.59999990463257 21.1882991790771 22.0030994415283
8.8 4.59999990463257 4.59999990463257 21.3146991729736 22.1033992767334
8.84 4.59999990463257 4.59999990463257 21.3136005401611 22.0032005310059
8.88 4.59999990463257 4.59999990463257 21.5081005096436 22.1879005432129
8.92 4.59999990463257 4.59999990463257 21.4192008972168 22.121000289917
8.96 4.59999990463257 4.59999990463257 21.3581008911133 22.0596008300781
9 4.59999990463257 4.59999990463257 21.3125 22.1361999511719
9.04 4.59999990463257 4.59999990463257 21.1499004364014 22.1179008483887
9.08 4.59999990463257 4.59999990463257 21.2476005554199 22.1331005096436
9.12 4.59999990463257 4.59999990463257 21.4554004669189 22.1474990844727
9.16 4.59999990463257 4.59999990463257 21.3819007873535 22.1485004425049
9.2 4.59999990463257 4.59999990463257 21.2716999053955 22.0161991119385
9.24 4.59999990463257 4.59999990463257 21.2035999298096 21.9223003387451
9.28 4.59999990463257 4.59999990463257 21.3796997070313 21.9302997589111
9.32 4.59999990463257 4.59999990463257 21.2964000701904 21.8546009063721
9.36 4.59999990463257 4.59999990463257 21.2136993408203 21.959400177002
9.4 4.59999990463257 4.59999990463257 21.3223991394043 22.0562000274658
9.44 4.59999990463257 4.59999990463257 21.2073001861572 21.9570999145508
9.48 4.59999990463257 4.59999990463257 21.2726993560791 22.0258007049561
9.52 4.59999990463257 4.59999990463257 21.2597999572754 22.0105991363525
9.56 4.59999990463257 4.59999990463257 21.1720008850098 21.8607997894287
9.6 4.59999990463257 4.59999990463257 21.2931995391846 21.9563007354736
9.64 4.59999990463257 4.59999990463257 21.1401996612549 21.9626007080078
9.68 4.59999990463257 4.59999990463257 21.1711006164551 21.8682994842529
9.72 4.59999990463257 4.59999990463257 21.2240009307861 21.9540004730225
9.76 4.59999990463257 4.59999990463257 21.2716999053955 21.9412002563477
9.8 4.59999990463257 4.59999990463257 21.2500991821289 21.7731990814209
9.84 4.59999990463257 4.59999990463257 21.3029003143311 21.7593002319336
9.88 4.59999990463257 4.59999990463257 21.1772994995117 21.8111991882324
9.92 4.59999990463257 4.59999990463257 21.0188007354736 21.7614002227783
9.96 4.59999990463257 4.59999990463257 21.2444000244141 21.9108009338379
10 4.59999990463257 4.59999990463257 21.1711006164551 21.941499710083
10.04 4.59999990463257 4.59999990463257 21.2672004699707 21.7880001068115
10.08 4.59999990463257 4.59999990463257 21.3374004364014 21.8978996276855
10.12 4.59999990463257 4.59999990463257 21.2537002563477 21.9820995330811
10.16 4.59999990463257 4.59999990463257 21.0062007904053 21.8134994506836
10.2 4.59999990463257 4.59999990463257 21.0683994293213 21.8596000671387
10.24 4.59999990463257 4.59999990463257 21.1294994354248 21.9941005706787
10.28 4.59999990463257 4.59999990463257 21.3292007446289 22.031099319458
10.32 4.59999990463257 4.59999990463257 21.3092994689941 21.9013996124268
10.36 4.59999990463257 4.59999990463257 21.3148002624512 21.8320999145508
10.4 4.59999990463257 4.59999990463257 21.1434993743896 21.7201995849609
10.44 4.59999990463257 4.59999990463257 21.1233005523682 21.7928009033203
10.48 4.59999990463257 4.59999990463257 21.1443996429443 21.8192005157471
10.52 4.59999990463257 4.59999990463257 21.1245994567871 21.8124008178711
10.56 4.59999990463257 4.59999990463257 21.3388004302979 21.858699798584
10.6 4.59999990463257 4.59999990463257 21.2297992706299 21.932300567627
10.64 4.59999990463257 4.59999990463257 21.2423992156982 21.9044990539551
10.68 4.59999990463257 4.59999990463257 21.2073001861572 21.9132995605469
10.72 4.59999990463257 4.59999990463257 21.25119972229 21.9995002746582
10.76 4.59999990463257 4.59999990463257 21.2108993530273 22.1068992614746
10.8 4.59999990463257 4.59999990463257 21.3806991577148 22.0251007080078
10.84 4.59999990463257 4.59999990463257 21.3113994598389 22.1609992980957
10.88 4.59999990463257 4.59999990463257 21.4472007751465 21.9747009277344
10.92 4.59999990463257 4.59999990463257 21.3146991729736 21.8715000152588
10.96 4.59999990463257 4.59999990463257 21.32200050354 22.0004997253418
11 4.59999990463257 4.59999990463257 21.2656002044678 21.933500289917
11.04 4.59999990463257 4.59999990463257 21.1009998321533 21.9463005065918
11.08 4.59999990463257 4.59999990463257 21.2996997833252 22.0354995727539
11.12 4.59999990463257 4.59999990463257 21.3456001281738 21.9972991943359
11.16 4.59999990463257 4.59999990463257 21.4232006072998 22.0105991363525
11.2 4.59999990463257 4.59999990463257 21.4608001708984 22.0205993652344
11.24 4.59999990463257 4.59999990463257 21.30299949646 22.0256996154785
11.28 4.59999990463257 4.59999990463257 21.3589992523193 22.0540008544922
11.32 4.59999990463257 4.59999990463257 21.2597999572754 22.131799697876
11.36 4.59999990463257 4.59999990463257 21.2084999084473 22.1068000793457
11.4 4.59999990463257 4.59999990463257 21.2840995788574 22.0806007385254
11.44 4.59999990463257 4.59999990463257 21.5069007873535 22.0848999023438
11.48 4.59999990463257 4.59999990463257 21.2544994354248 21.8488006591797
11.52 4.59999990463257 4.59999990463257 21.1872005462646 21.8428993225098
11.56 4.59999990463257 4.59999990463257 21.2073001861572 21.8071994781494
11.6 4.59999990463257 4.59999990463257 21.2705993652344 21.8743991851807
11.64 4.59999990463257 4.59999990463257 21.1389999389648 21.8607997894287
11.68 4.59999990463257 4.59999990463257 21.1306991577148 21.9342002868652
11.72 4.59999990463257 4.59999990463257 21.1912994384766 21.7593002319336
11.76 4.59999990463257 4.59999990463257 21.2534008026123 21.7721004486084
11.8 4.59999990463257 4.59999990463257 21.3516006469727 21.8607997894287
11.84 4.59999990463257 4.59999990463257 21.1327991485596 21.7709999084473
11.88 4.59999990463257 4.59999990463257 21.1294994354248 21.781099319458
11.92 4.59999990463257 4.59999990463257 20.9477005004883 21.8320999145508
11.96 4.59999990463257 4.59999990463257 21.0062007904053 21.7408008575439
12 4.59999990463257 4.59999990463257 21.2126998901367 21.730899810791
12.04 4.59999990463257 4.59999990463257 21.1443004608154 21.7007007598877
12.08 4.59999990463257 4.59999990463257 21.0387992858887 21.5802001953125
12.12 4.59999990463257 4.59999990463257 21.1233005523682 21.5739994049072
12.16 4.59999990463257 4.59999990463257 21.1657009124756 21.715799331665
12.2 4.59999990463257 4.59999990463257 20.9967002868652 21.5879993438721
12.24 4.59999990463257 4.59999990463257 20.892599105835 21.601900100708
12.28 4.59999990463257 4.59999990463257 21.1021003723145 21.7101001739502
12.32 4.59999990463257 4.59999990463257 21.1860008239746 21.6336994171143
12.36 4.59999990463257 4.59999990463257 21.1009998321533 21.6091003417969
12.4 4.59999990463257 4.59999990463257 21.0967998504639 21.5228996276855
12.44 4.59999990463257 4.59999990463257 21.0860004425049 21.6597003936768
12.48 4.59999990463257 4.59999990463257 21.0450992584229 21.5921993255615
12.52 4.59999990463257 4.59999990463257 20.8665008544922 21.7007007598877
12.56 4.59999990463257 4.59999990463257 21.0387992858887 21.5867004394531
12.6 4.59999990463257 4.59999990463257 21.1905994415283 21.6392993927002
12.64 4.59999990463257 4.59999990463257 21.2747993469238 21.5207996368408
12.68 4.59999990463257 4.59999990463257 21.0072994232178 21.5380001068115
12.72 4.59999990463257 4.59999990463257 20.9675006866455 21.5641994476318
12.76 4.59999990463257 4.59999990463257 21.146900177002 21.6210994720459
12.8 0 0 21.2073001861572 21.6714992523193
12.84 0 0 18.1865997314453 19.1809997558594
12.88 0 0 13.9159002304077 14.8641996383667
12.92 0 0 10.7774000167847 11.5465002059937
12.96 0 0 8.73954963684082 9.34234046936035
13 0 0 7.36322021484375 7.56145000457764
13.04 0 0 5.93018007278442 6.12805986404419
13.08 0 0 5.11319017410278 5.12739992141724
13.12 0 0 4.00554990768433 4.18639993667603
13.16 0 0 2.95370006561279 3.61566996574402
13.2 0 0 1.41390001773834 1.95914995670319
13.24 0 0 0.891910970211029 1.27040004730225
13.28 0 0 0.25823700428009 0.800665020942688
13.32 0 0 0.150784999132156 0.408082991838455
13.36 0 0 0 0.26434400677681
13.4 0 0 0 0.160767003893852
13.44 0 0 0 0
13.48 0 0 0 0
13.52 0 0 0 0
13.56 0 0 0 0
13.6 0 0 0 0
13.64 0 0 0 0
13.68 0 0 0 0
13.72 0 0 0 0
13.76 0 0 0 0
13.8 0 0 0 0
13.84 0 0 0 0
13.88 0 0 0 0
13.92 0 0 0 0
13.96 0 0 0 0
14 0 0 0 0
14.04 0 0 0 0
14.08 0 0 -1.38689005374908 0
14.12 0 0 -1.95186996459961 -0.353946000337601
14.16 0 0 -2.3949499130249 -0.552761971950531
14.2 0 0 -2.72974991798401 -1.12348997592926
14.24 0 0 -3.07642006874084 -1.42154002189636
14.28 0 0 -2.57803010940552 -1.13499999046326
14.32 0 0 -1.80037999153137 -0.767313003540039
14.36 0 0 -1.1640100479126 -0.356763988733292
14.4 0 0 -0.499329000711441 -0.324586987495422
14.44 0 0 -0.210324004292488 -0.180379003286362
14.48 0 0 -0.133169993758202 -0.117903999984264
14.52 0 0 0 0
14.56 0 0 0 0
14.6 0 0 0 0
14.64 0 0 0 0
14.68 0 0 0 0
14.72 0 0 0 0
14.76 0 0 0 0
14.8 0 0 0 0
14.84 0 0 0 0
14.88 0 0 0 0
14.92 0 0 0 0
14.96 0 0 0 0
15 0 0 0 0
15.04 0 0 0 0
15.08 0 0 0 0
15.12 0 0 0 0
15.16 0 0 0 0
15.2 0 0 0 0
15.24 0 0 0 0
15.28 0 0 0 0
15.32 0 0 0 0
15.36 0 0 0 0
15.4 0 0 0 0
15.44 0 0 0 0
15.48 0 0 0 0
15.52 0 0 0 0
15.56 0 0 0 0
15.6 0 0 0 0
15.64 0 0 0 0
15.68 0 0 0 0
15.72 0 0 0 0
15.76 0 0 0 0
15.8 0 0 0 0
15.84 0 0 0 0
15.88 0 0 0 0
15.92 0 0 0 0
15.96 0 0 0 0
