0 0 0 -0.0500000007450581 0 90.000207410181
0.02 0 0 -0.0500000007450581 0 90.000207410181
0.04 0 0 -0.0500000007450581 0 90.000207410181
0.06 0 0 -0.0500000007450581 0 90.000207410181
0.08 0 0 -0.0500000007450581 0 90.000207410181
0.1 0 0 -0.0500000007450581 0 90.000207410181
0.12 0 0 -0.0500000007450581 0 90.000207410181
0.14 0 0 -0.0500000007450581 0 90.000207410181
0.16 0 0 -0.0500000007450581 0 90.000207410181
0.18 0 0 -0.0500000007450581 0 90.000207410181
0.2 0 0 -0.0500000007450581 0 90.000207410181
0.22 0 0 -0.0500000007450581 0 90.000207410181
0.24 0 0 -0.0500000007450581 0 90.000207410181
0.26 0 0 -0.0500000007450581 0 90.000207410181
0.28 0 0 -0.0500000007450581 0 90.000207410181
0.3 0 0 -0.0500000007450581 0 90.000207410181
0.32 0 0 -0.0500000007450581 0 90.000207410181
0.34 0 0 -0.0500000007450581 0 90.000207410181
0.36 0 0 -0.0500000007450581 0 90.000207410181
0.38 0 0 -0.0500000007450581 0 90.000207410181
0.4 0 0 -0.0500000007450581 0 90.000207410181
0.42 0 0 -0.0500000007450581 0 90.000207410181
0.44 0 0 -0.0500000007450581 0 90.000207410181
0.46 0 0 -0.0500000007450581 0 90.000207410181
0.48 0 0 -0.0500000007450581 0 90.000207410181
0.5 0 0 -0.0500000007450581 0 90.000207410181
0.52 0 0 -0.0500000007450581 0 90.000207410181
0.54 0 0 -0.0500000007450581 0 90.000207410181
0.56 0 0 -0.0500000007450581 0 90.000207410181
0.58 0 0 -0.0500000007450581 0 90.000207410181
0.6 0 0 -0.0500000007450581 0 90.000207410181
0.62 0 0 -0.0500000007450581 0 90.000207410181
0.64 0 0 -0.0500000007450581 0 90.000207410181
0.66 0 0 -0.0500000007450581 0 90.000207410181
0.68 0 0 -0.0500000007450581 0 90.000207410181
0.7 0 0 -0.0500000007450581 0 90.000207410181
0.72 0 0 -0.0500000007450581 0 90.000207410181
0.74 0 0 -0.0500000007450581 0 90.000207410181
0.76 0 0 -0.0500000007450581 0 90.000207410181
0.78 0 0 -0.0500000007450581 0 90.000207410181
0.8 0 0 -0.0500000007450581 0 90.000207410181
0.82 0 0 -0.0500000007450581 0 90.000207410181
0.84 0 0 -0.0500000007450581 0 90.000207410181
0.86 0 0 -0.0500000007450581 0 90.000207410181
0.88 0 0 -0.0500000007450581 0 90.000207410181
0.9 0 0 -0.0500000007450581 0 90.000207410181
0.92 0 0 -0.0500000007450581 0 90.000207410181
0.94 0 0 -0.0500000007450581 0 90.000207410181
0.96 0 0 -0.0500000007450581 0 90.000207410181
0.98 0 0 -0.0500000007450581 0 90.000207410181
1 0 0 -0.0500000007450581 0 90.000207410181
1.02 0 0 -0.0500000007450581 0 90.000207410181
1.04 0 0 -0.0500000007450581 0 90.000207410181
1.06 0 0 -0.0500000007450581 0 90.000207410181
1.08 -1.22854995727539 0.0221702996641397 -0.0499945990741253 0.000443374010501429 88.5924507807276
1.1 -3.5422899723053 0.043782901018858 -0.0499420985579491 0.00131745997350663 84.5330439607452
1.12 -3.46902990341187 0.0790000036358833 -0.049737099558115 0.0028840999584645 80.5578670336074
1.14 -1.06610000133514 0.163324996829033 -0.0491668991744518 0.00610045017674565 79.3363218514961
1.16 -0.235574007034302 0.274641007184982 -0.0481376983225346 0.0114959999918938 79.0664542471996
1.18 -0.538151979446411 0.317748993635178 -0.0468988008797169 0.0177289992570877 78.4493808066346
1.2 -0.954879999160767 0.281053006649017 -0.0457207001745701 0.023225300014019 77.3550342374365
1.22 -0.395532995462418 0.307227998971939 -0.0443519987165928 0.0292153991758823 76.9018238652493
1.24 0.118422001600266 0.341408997774124 -0.0428125001490116 0.0358677990734577 77.0376148561384
1.26 -0.22613100707531 0.328260004520416 -0.0413254015147686 0.0422624014317989 76.7786345733789
1.28 -0.489942014217377 0.304904997348785 -0.0399015992879868 0.0481919012963772 76.2171383820903
1.3 -0.369004011154175 0.317279011011124 -0.0383671000599861 0.0543491989374161 75.7942950309531
1.32 -0.33984300494194 0.326463997364044 -0.036743201315403 0.0606733001768589 75.4046805501279
1.34 -0.301400005817413 0.315869003534317 -0.0351328998804092 0.0667819976806641 75.0597628272313
1.36 -0.359676003456116 0.315255999565125 -0.0334854982793331 0.0728681012988091 74.6472330617408
1.38 -0.368425995111465 0.328164011240005 -0.031724501401186 0.0791907012462616 74.2249634464938
1.4 -0.39708000421524 0.324548989534378 -0.0299350991845131 0.0854301974177361 73.7700318666358
1.42 -0.395601987838745 0.316608995199203 -0.02814120054245 0.0915030017495155 73.3168283246378
1.44 -0.377153992652893 0.322717010974884 -0.026265000924468 0.0976786017417908 72.8848120294452
1.46 -0.362076997756958 0.326213002204895 -0.0243223998695612 0.103906996548176 72.4699941505826
1.48 -0.414256989955902 0.321027010679245 -0.0223631002008915 0.110021002590656 71.9950091353215
1.5 -0.432729005813599 0.3228619992733 -0.0203406997025013 0.116154000163078 71.499403778956
1.52 -0.392253994941711 0.32354998588562 -0.0182632002979517 0.12228199839592 71.0496289919214
1.54 -0.395855993032455 0.322728991508484 -0.016142999753356 0.128378003835678 70.5958517140331
1.56 -0.453184992074966 0.321570008993149 -0.0139787998050451 0.134434998035431 70.0767505069228
1.58 -0.459004014730453 0.325210988521576 -0.0117343999445438 0.14053900539875 69.5507712993183
1.6 -0.426818013191223 0.323850989341736 -0.00944558996707201 0.146598994731903 69.0614702075568
1.62 -0.438986003398895 0.321853995323181 -0.00711885001510382 0.152600005269051 68.5584131148068
1.64 -0.477427989244461 0.324133008718491 -0.00472034001722932 0.158622995018959 68.0118067359089
1.66 -0.456995010375977 0.323121011257172 -0.00227331998758018 0.164603993296623 67.4881224718655
1.68 -0.481584012508392 0.321287989616394 0.000215528998523951 0.170527994632721 66.9357923944431
1.7 -0.473479986190796 0.328821986913681 0.00282052997499704 0.176567003130913 66.3932021667771
1.72 -0.507143974304199 0.325576990842819 0.00545832980424166 0.182520002126694 65.8122262759756
1.74 -0.5190110206604 0.323056012392044 0.00813618022948503 0.188400000333786 65.2174943841858
1.76 -0.507305026054382 0.319914996623993 0.0108476001769304 0.194196000695229 64.635944757494
1.78 -0.482484996318817 0.325249999761581 0.0136625003069639 0.200059995055199 64.0836078498824
1.8 -0.489481002092361 0.33024200797081 0.0165781993418932 0.205987006425858 63.5226853944841
1.82 -0.507905006408691 0.323666989803314 0.0194936990737915 0.211766004562378 62.9405620319021
1.84 -0.518642008304596 0.326068013906479 0.0224904995411634 0.217557996511459 62.3458301401122
1.86 -0.541406989097595 0.322156995534897 0.0255117993801832 0.22324900329113 61.7258880200958
1.88 -0.518571972846985 0.323336005210876 0.0286044999957085 0.228927999734879 61.131156128306
1.9 -0.493983000516891 0.326238989830017 0.0317828990519047 0.234626993536949 60.5656506159746
1.92 -0.5191730260849 0.327291995286942 0.035029299557209 0.240310996770859 59.9703449882944
1.94 -0.564841985702515 0.326359987258911 0.0383277013897896 0.245942994952202 59.3229045266795
1.96 -0.562487006187439 0.327026009559631 0.041696198284626 0.251549988985062 58.6788996502172
1.98 -0.512708008289337 0.329003989696503 0.0451455004513264 0.257153004407883 58.0910457589215
2 -0.533164024353027 0.329661995172501 0.0486603006720543 0.262730985879898 57.4802697527713
2.02 -0.559831976890564 0.328736007213593 0.052225798368454 0.268254995346069 56.838617876478
2.04 -0.604623973369598 0.324256986379623 0.0558058992028236 0.273663014173508 56.1457942229229
2.06 -0.541153013706207 0.327401995658875 0.0594830997288227 0.279080986976624 55.5256847632719
2.08 -0.53704297542572 0.33202001452446 0.063271202147007 0.284534990787506 54.9102710586752
2.1 -0.572368979454041 0.328877002000809 0.0670830979943275 0.289894998073578 54.2543475021112
2.12 -0.554152011871338 0.328144013881683 0.0709464997053146 0.295199990272522 53.6193379847857
2.14 -0.615590989589691 0.327071011066437 0.0748588964343071 0.3004429936409 52.913912632212
2.16 -0.611873984336853 0.326595008373261 0.0788294970989227 0.30562898516655 52.2127834686262
2.18 -0.546163022518158 0.330648988485336 0.0829098969697952 0.310833007097244 51.5869434802615
2.2 -0.562740981578827 0.334547996520996 0.0870966017246246 0.316051989793777 50.9420779999637
2.22 -0.562048017978668 0.331867009401321 0.0913077965378761 0.321182996034622 50.298018481988
2.24 -0.574401021003723 0.328395009040833 0.0955322980880737 0.326211988925934 49.6398033969574
2.26 -0.635447025299072 0.327569991350174 0.0998065024614334 0.331176996231079 48.911630099353
2.28 -0.641474008560181 0.327571988105774 0.104143999516964 0.336086988449097 48.1765275748355
2.3 -0.565026998519897 0.332870006561279 0.10861100256443 0.341022998094559 47.5290836981261
2.32 -0.550804018974304 0.337455004453659 0.11319600045681 0.345975995063782 46.8979127471142
2.34 -0.575762987136841 0.331380009651184 0.117752000689507 0.35078901052475 46.2380959827232
2.36 -0.611204028129578 0.33083501458168 0.122358001768589 0.355540007352829 45.537711309757
2.38 -0.654772996902466 0.331200987100601 0.127028003334999 0.360237002372742 44.78742185962
2.4 -0.603884994983673 0.328216999769211 0.131714999675751 0.364832997322083 44.095404168387
2.42 -0.575186014175415 0.326303005218506 0.136427998542786 0.369347006082535 43.4363318946156
2.44 -0.599591016769409 0.331000000238419 0.141261994838715 0.373869985342026 42.7492421848688
2.46 -0.568767011165619 0.331402987241745 0.146154999732971 0.378340989351273 42.0974440625635
2.48 -0.571098983287811 0.332684010267258 0.151116997003555 0.382773011922836 41.4430129023331
2.5 -0.667286992073059 0.329921007156372 0.156093001365662 0.387107998132706 40.6784005455066
2.52 -0.632677018642426 0.32940399646759 0.161116003990173 0.391369998455048 39.9533793802041
2.54 -0.584329009056091 0.333535999059677 0.166254997253418 0.39562401175499 39.2838193509621
2.56 -0.622471988201141 0.335624009370804 0.171477004885674 0.399841994047165 38.5704880544241
2.58 -0.641126990318298 0.331624001264572 0.176688000559807 0.403943002223969 37.8358397374865
2.6 -0.589016020298004 0.335025995969772 0.182004004716873 0.408021986484528 37.1608394625706
2.62 -0.637017011642456 0.33296799659729 0.187336996197701 0.412010997533798 36.4308903157819
2.64 -0.636717021465302 0.331367999315262 0.192693993449211 0.415912985801697 35.7012860935464
2.66 -0.634407997131348 0.33050999045372 0.198087006807327 0.419735997915268 34.9742602677225
2.68 -0.578487992286682 0.333750993013382 0.203577995300293 0.423530012369156 34.3114040691509
2.7 -0.606194019317627 0.333925992250443 0.209116995334625 0.427262008190155 33.6167533399928
2.72 -0.626350998878479 0.334219008684158 0.214707002043724 0.430927008390427 32.8990063261564
2.74 -0.66608601808548 0.333620011806488 0.220332995057106 0.434513986110687 32.1357121958398
2.76 -0.621155977249146 0.334444999694824 0.226018995046616 0.438037008047104 31.4239279371487
2.78 -0.597813010215759 0.33636000752449 0.231781005859375 0.441509991884232 30.7388975294367
2.8 -0.606932997703552 0.336439996957779 0.237584993243217 0.444914013147354 30.0433861964432
2.82 -0.641265988349915 0.335370987653732 0.243413001298904 0.448235005140305 29.3085671247764
2.84 -0.643343985080719 0.33670300245285 0.249305993318558 0.451492995023727 28.5713421189744
2.86 -0.642234981060028 0.332331001758575 0.255163013935089 0.454634010791779 27.8353789906215
2.88 -0.671166002750397 0.328997999429703 0.261002004146576 0.457668006420136 27.0662962749832
2.9 -0.625033974647522 0.337731003761292 0.267035990953445 0.460703998804092 26.3500433650278
2.92 -0.617807984352112 0.340687990188599 0.273160994052887 0.463690012693405 25.642095965103
2.94 -0.647868990898132 0.336062014102936 0.279238998889923 0.466558992862701 24.8997141664776
2.96 -0.640388011932373 0.33202800154686 0.285279989242554 0.469316989183426 24.1658701043148
2.98 -0.59815901517868 0.337857991456985 0.291460990905762 0.472045987844467 23.4804401305363
3 -0.658466994762421 0.333889991044998 0.297603011131287 0.474665999412537 22.7258544914114
3.02 -0.671141982078552 0.332219988107681 0.303748995065689 0.477192014455795 21.9567734833204
3.04 -0.631106972694397 0.335938990116119 0.309996008872986 0.479665011167526 21.2335862238101
3.06 -0.624134004116058 0.338836997747421 0.31632798910141 0.482080012559891 20.5184210214799
3.08 -0.622402012348175 0.336513012647629 0.322645992040634 0.484398990869522 19.8052024230632
3.1 -0.636833012104034 0.335525989532471 0.328974008560181 0.486633002758026 19.0754257385511
3.12 -0.660175025463104 0.340995997190475 0.33543398976326 0.488819003105164 18.3189498445734
3.14 -0.624688029289246 0.340364992618561 0.341908991336823 0.490918010473251 17.6030965006843
3.16 -0.671835005283356 0.332538992166519 0.348262012004852 0.492886990308762 16.8332129453659
3.18 -0.666939973831177 0.339253008365631 0.354768991470337 0.494807988405228 16.0689455130925
3.2 -0.641704022884369 0.34077599644661 0.361330986022949 0.496652990579605 15.3336107621433
3.22 -0.622332990169525 0.337852001190186 0.367857992649078 0.498398989439011 14.6204502203345
3.24 -0.62780499458313 0.338589012622833 0.374421000480652 0.500066995620728 13.9010443243034
3.26 -0.681140005588531 0.339536994695663 0.38102400302887 0.501654028892517 13.1205620229404
3.28 -0.684719026088715 0.334295988082886 0.387546002864838 0.503126978874207 12.3358962307108
3.3 -0.644313991069794 0.340458989143372 0.394207000732422 0.504539012908936 11.5975826635098
3.32 -0.645676016807556 0.339345008134842 0.400864005088806 0.505859971046448 10.8576648556275
3.34 -0.663546025753021 0.336896985769272 0.407489001750946 0.507085025310516 10.0972923387283
3.36 -0.64664500951767 0.332946002483368 0.414052993059158 0.508210003376007 9.35634317228132
3.38 -0.613627970218658 0.343158006668091 0.420830994844437 0.509284973144531 8.65315214533984
3.4 -0.695408999919891 0.33899000287056 0.427540987730026 0.51025801897049 7.85628251261067
3.42 -0.662021994590759 0.33636200428009 0.434210985898972 0.511133015155792 7.0976290689482
3.44 -0.645168006420136 0.341069996356964 0.44098499417305 0.511933028697968 6.35834177290366
3.46 -0.625889003276825 0.343156009912491 0.447811007499695 0.512650012969971 5.64113050203026
3.48 -0.641982018947601 0.339607000350952 0.45457398891449 0.513274013996124 4.905470036435
3.5 -0.652302026748657 0.338856995105743 0.461329996585846 0.513809978961945 4.15798907470738
3.52 -0.681924998760223 0.337763994932175 0.468071013689041 0.51425302028656 3.37656057870091
3.54 -0.593033015727997 0.339455991983414 0.474849998950958 0.514612972736359 2.69699261477757
3.56 -0.617229998111725 0.339868009090424 0.481642007827759 0.514891028404236 1.98969899202244
3.58 -0.69224601984024 0.33721798658371 0.488384008407593 0.515079021453857 1.19644477052003
3.6 -0.684810996055603 0.340360999107361 0.495189994573593 0.515173971652985 0.411709128933951
3.62 -0.631568014621735 0.338620007038116 0.501963019371033 0.515179991722107 -0.312014487189224
3.64 -0.662553012371063 0.337680011987686 0.508715987205505 0.515098989009857 -1.07124196022666
3.66 -0.65523499250412 0.339884996414185 0.515510976314545 0.51492702960968 -1.82208593634687
3.68 -0.65685099363327 0.341960996389389 0.522346019744873 0.514665007591248 -2.57478644326084
3.7 -0.692360997200012 0.337457001209259 0.529085993766785 0.514315009117126 -3.3681724660699
3.72 -0.692523002624512 0.336849987506866 0.535808026790619 0.513872027397156 -4.16174183676948
3.74 -0.6233029961586 0.342824995517731 0.542643010616302 0.513332009315491 -4.87599691639274
3.76 -0.616792023181915 0.342869997024536 0.549471974372864 0.512706995010376 -5.58278617236634
3.78 -0.684188008308411 0.340243995189667 0.556240022182465 0.511999011039734 -6.36682145275823
3.8 -0.668280005455017 0.340384989976883 0.563000977039337 0.511198997497559 -7.13257957381799
3.82 -0.649484992027283 0.342420995235443 0.569790005683899 0.510303974151611 -7.87685162729617
3.84 -0.648307979106903 0.340333998203278 0.576526999473572 0.509328007698059 -8.61974910520388
3.86 -0.641103982925415 0.34154400229454 0.583274006843567 0.508261024951935 -9.35439571459422
3.88 -0.637803018093109 0.340000987052917 0.589976012706757 0.507112979888916 -10.0852601067317
3.9 -0.668048977851868 0.337974011898041 0.596623003482819 0.505883991718292 -10.8507894164542
3.92 -0.685319006443024 0.341325014829636 0.603318989276886 0.504553020000458 -11.6361424964691
3.94 -0.696677982807159 0.343896001577377 0.61004501581192 0.503118991851807 -12.4344447613767
3.96 -0.651448011398315 0.34433901309967 0.616761028766632 0.501592993736267 -13.1809511404871
3.98 -0.641635000705719 0.341374009847641 0.623398005962372 0.499992996454239 -13.9162278348284
4 -0.644752025604248 0.341163992881775 0.630011022090912 0.4983089864254 -14.6550570813117
4.02 -0.679638981819153 0.341369986534119 0.636604011058807 0.496536999940872 -15.4338779391591
4.04 -0.675044000148773 0.339201986789703 0.643131017684937 0.494688004255295 -16.2074293060618
4.06 -0.639210999011993 0.33993399143219 0.649646997451782 0.492747992277145 -16.9398987926542
4.08 -0.649646997451782 0.340514004230499 0.65614902973175 0.490722000598907 -17.6843416008617
4.1 -0.670242011547089 0.339893013238907 0.662612020969391 0.488613992929459 -18.4523929579352
4.12 -0.63764101266861 0.34238600730896 0.669093012809753 0.486404985189438 -19.1830285387355
4.14 -0.679847002029419 0.340820997953415 0.67551600933075 0.48412099480629 -19.9620782079201
4.16 -0.708222985267639 0.341055989265442 0.68190997838974 0.481747001409531 -20.7736737284998
4.18 -0.679961979389191 0.342285990715027 0.688293993473053 0.4792760014534 -21.5528395109003
4.2 -0.646113991737366 0.342853993177414 0.694656014442444 0.476716011762619 -22.293214941457
4.22 -0.644936978816986 0.346015006303787 0.701041996479034 0.474049001932144 -23.0322738530512
4.24 -0.688759028911591 0.34518900513649 0.707376003265381 0.471303999423981 -23.8215227022139
4.26 -0.671257972717285 0.341277986764908 0.713602006435394 0.468506008386612 -24.5907761725814
4.28 -0.653617978096008 0.344866007566452 0.719855010509491 0.465595006942749 -25.3397456886613
4.3 -0.638540983200073 0.34663799405098 0.726100981235504 0.462586998939514 -26.0714706846341
4.32 -0.641472995281219 0.34145799279213 0.732216000556946 0.459547013044357 -26.8065185676382
4.34 -0.665255010128021 0.336432009935379 0.738201022148132 0.456472009420395 -27.5688376884508
4.36 -0.69173800945282 0.338521987199783 0.744180977344513 0.453298002481461 -28.3615255378607
4.38 -0.683888018131256 0.340884000062943 0.7501580119133 0.450017988681793 -29.1452163205863
4.4 -0.640157997608185 0.347140997648239 0.756200015544891 0.446597993373871 -29.8787752223513
4.42 -0.649276971817017 0.345349013805389 0.762166976928711 0.443118005990982 -30.6227604078843
4.44 -0.657842993736267 0.343037992715836 0.768047988414764 0.439585000276566 -31.3766015563897
4.46 -0.70228898525238 0.34519699215889 0.773917019367218 0.435948997735977 -32.1813788406305
4.48 -0.661607027053833 0.347319006919861 0.779770970344543 0.432209998369217 -32.9395161781238
4.5 -0.671465992927551 0.340041995048523 0.785453975200653 0.428474009037018 -33.7089984598285
4.52 -0.684487998485565 0.340070992708206 0.79108601808548 0.424661010503769 -34.493319327505
4.54 -0.657867014408112 0.342664003372192 0.796707987785339 0.420742988586426 -35.2472185326184
4.56 -0.646784007549286 0.345066994428635 0.80231899023056 0.416723996400833 -35.9883384537946
4.58 -0.671974003314972 0.341937988996506 0.807825028896332 0.412667989730835 -36.7583944713896
4.6 -0.650824010372162 0.343802005052567 0.813306987285614 0.408517003059387 -37.5041555061068
4.62 -0.643090009689331 0.341960996389389 0.818705976009369 0.404318988323212 -38.241095351511
4.64 -0.636071026325226 0.341731995344162 0.824047029018402 0.400054007768631 -38.969955083127
4.66 -0.70577597618103 0.342640995979309 0.829343974590302 0.395707011222839 -39.7787416884106
4.68 -0.690397977828979 0.345494002103806 0.834623992443085 0.391249001026154 -40.5698824999734
4.7 -0.662831008434296 0.344610989093781 0.83982902765274 0.386732012033463 -41.3294507620978
4.72 -0.669849991798401 0.345073014497757 0.844981014728546 0.382140010595322 -42.0969864398891
4.74 -0.647060990333557 0.34401598572731 0.850057005882263 0.377494007349014 -42.8385059271317
4.76 -0.666894018650055 0.343883991241455 0.855068027973175 0.372783988714218 -43.6027187178918
4.78 -0.680169999599457 0.342799007892609 0.860001027584076 0.368023008108139 -44.3821116040822
4.8 -0.686680972576141 0.344666004180908 0.864893972873688 0.363166987895966 -45.169014283265
4.82 -0.67864602804184 0.34485399723053 0.8697230219841 0.358242988586426 -45.9466893768791
4.84 -0.664008021354675 0.342115998268127 0.874448001384735 0.353293985128403 -46.7075758655134
4.86 -0.651448011398315 0.342242985963821 0.879109978675842 0.348280996084213 -47.4540848059447
4.88 -0.676961004734039 0.344704985618591 0.883737027645111 0.343171000480652 -48.2298098805508
4.9 -0.674398005008698 0.34485399723053 0.888296008110046 0.337996006011963 -49.0026150492867
4.92 -0.651724994182587 0.341850012540817 0.89274799823761 0.332807004451752 -49.7494108576632
4.94 -0.669734001159668 0.338438004255295 0.897086977958679 0.327612012624741 -50.516885063752
4.96 -0.642696976661682 0.344283998012543 0.901431024074554 0.32226899266243 -51.2533672864817
4.98 -0.686034977436066 0.343901991844177 0.905699014663696 0.316875010728836 -52.0395220599504
5 -0.689936995506287 0.3454410135746 0.909910976886749 0.311399012804031 -52.830089135623
5.02 -0.655095994472504 0.344213008880615 0.914034008979797 0.305886000394821 -53.5807781518264
5.04 -0.645676016807556 0.344294011592865 0.918085992336273 0.300318986177444 -54.3206959597087
5.06 -0.637063980102539 0.34612300992012 0.922088027000427 0.294669985771179 -55.0507031631053
5.08 -0.666131973266602 0.346673011779785 0.926021993160248 0.288960993289948 -55.8140519349353
5.1 -0.699980020523071 0.343362987041473 0.929840981960297 0.283253014087677 -56.6161381246431
5.12 -0.676545023918152 0.341390997171402 0.933559000492096 0.277527004480362 -57.3914636331827
5.14 -0.645214021205902 0.341818004846573 0.937205970287323 0.271744012832642 -58.1305788938376
5.16 -0.653479993343353 0.344217002391815 0.940801978111267 0.265873998403549 -58.8794340042488
5.18 -0.649161994457245 0.342359006404877 0.944302976131439 0.259988993406296 -59.623706057727
5.2 -0.693145990371704 0.341470003128052 0.947715997695923 0.25407400727272 -60.4178248317679
5.22 -0.700881004333496 0.342997014522552 0.951059997081757 0.248083993792534 -61.2211165498642
5.24 -0.676267981529236 0.343124002218246 0.954322993755341 0.242046996951103 -61.9957556243923
5.26 -0.651933014392853 0.34299299120903 0.957504987716675 0.235970005393028 -62.7428895271327
5.28 -0.652948021888733 0.345907002687454 0.960632979869843 0.229799002408981 -63.4911709016537
5.3 -0.700695991516113 0.345481991767883 0.963672995567322 0.22359499335289 -64.2938888838597
5.32 -0.66313099861145 0.345503985881805 0.966629028320313 0.217348992824554 -65.0541982215091
5.34 -0.678923010826111 0.342357009649277 0.969474971294403 0.211120992898941 -65.8317059754885
5.36 -0.642719984054565 0.351249992847443 0.9723100066185 0.204693004488945 -66.5685262925822
5.38 -0.677745997905731 0.345633000135422 0.975015997886658 0.198331996798515 -67.3448865747811
5.4 -0.641957998275757 0.342568010091782 0.977613985538483 0.191992998123169 -68.0805662502834
5.42 -0.692660987377167 0.342976003885269 0.980130016803741 0.185610994696617 -68.8746850243244
5.44 -0.696632981300354 0.347492009401321 0.982590019702911 0.179111003875732 -69.6728131194081
5.46 -0.669111013412476 0.345611989498138 0.984947979450226 0.172613993287086 -70.4394335518506
5.48 -0.647037982940674 0.345816999673843 0.987221002578735 0.166081994771957 -71.1808369258774
5.5 -0.656620025634766 0.346848994493485 0.989416003227234 0.159501001238823 -71.9331344516303
5.52 -0.673704981803894 0.346215009689331 0.991518974304199 0.152904003858566 -72.7054785825972
5.54 -0.704389989376068 0.345930993556976 0.99352902173996 0.146283999085426 -73.5127796217363
5.56 -0.68552702665329 0.347956001758575 0.995458006858826 0.139596998691559 -74.2982991876122
5.58 -0.637363970279694 0.345676004886627 0.997286975383759 0.132929995656013 -75.0282483344009
5.6 -0.662437975406647 0.340117990970612 0.999001026153564 0.126347005367279 -75.7874170304589
5.62 -0.697510004043579 0.344832003116608 1.00065004825592 0.11964999884367 -76.5866925973232
5.64 -0.683287024497986 0.347247004508972 1.00221002101898 0.112883001565933 -77.3699308800163
5.66 -0.639626026153564 0.342958003282547 1.00366997718811 0.106181003153324 -78.1027418760672
5.68 -0.645651996135712 0.342898994684219 1.00504004955292 0.0994611009955406 -78.8424308726123
5.7 -0.679823994636536 0.343266993761063 1.00631999969482 0.0927167013287544 -79.6216530040734
5.72 -0.688620984554291 0.341131001710892 1.00750005245209 0.0859974026679993 -80.410614985291
5.74 -0.638495028018951 0.346078008413315 1.00861001014709 0.0791653022170067 -81.1422853397505
5.76 -0.687996983528137 0.344193994998932 1.00962996482849 0.0723564028739929 -81.9306735850778
5.78 -0.647592008113861 0.346940010786057 1.01056003570557 0.0654800981283188 -82.6732244308851
5.8 -0.686658024787903 0.343870997428894 1.01138997077942 0.058653000742197 -83.4598982987308
5.82 -0.653410017490387 0.346953004598618 1.01213002204895 0.0517540983855724 -84.208753409142
5.84 -0.669179975986481 0.344069987535477 1.01277995109558 0.0449033007025719 -84.9753738415845
5.86 -0.671280980110168 0.345207989215851 1.01333999633789 0.0380217991769314 -85.7448561232892
5.88 -0.681047976016998 0.345822989940643 1.01381003856659 0.0311210006475449 -86.5252188963417
5.9 -0.673704981803894 0.348405987024307 1.01417994499207 0.0241631008684635 -87.2969961216076
5.92 -0.678138017654419 0.341580986976624 1.01445996761322 0.0173369999974966 -88.0739233095076
5.94 -0.599336981773376 0.295661002397537 1.0146199464798 0.011426099576056 -88.7609037362277
5.96 -0.536489009857178 0.229493007063866 1.01469004154205 0.00683681014925241 -89.3756890634207
5.98 -0.350510001182556 0.195305004715919 1.01471996307373 0.00293080997653306 -89.7773315073743
6 -0.32243400812149 0.158856004476547 1.01472997665405 -0.000246317009441555 -90.1468857226071
6.02 -0.265381991863251 0.115171000361443 1.01470994949341 -0.00254970998503268 -90.4511296689962
6.04 -0.18265500664711 0.0844864025712013 1.01470005512238 -0.00423935987055302 -90.6602564010038
6.06 -0.148091003298759 0.0578146018087864 1.01468002796173 -0.00539556005969644 -90.8298499980952
6.08 -0.073445200920105 0.0382944010198116 1.01467001438141 -0.00616136007010937 -90.9140798909399
6.1 -0.102674998342991 0.0163365993648767 1.01467001438141 -0.00648804008960724 -91.0315318239074
6.12 -0.068504199385643 0.00990002974867821 1.01466000080109 -0.00668600993230939 -91.1100311880384
6.14 -0.0414673015475273 0.00366986007429659 1.01466000080109 -0.00675938976928592 -91.15758296504
6.16 -0.0257438998669386 0.002278340049088 1.01466000080109 -0.00680495006963611 -91.1873762501997
6.18 0 0 1.01466000080109 -0.00680495006963611 -91.1873762501997
6.2 0 0 1.01466000080109 -0.00680495006963611 -91.1873762501997
6.22 0 0 1.01466000080109 -0.00680495006963611 -91.1873762501997
6.24 0 0 1.01466000080109 -0.00680495006963611 -91.1873762501997
6.26 0 0 1.01466000080109 -0.00680495006963611 -91.1873762501997
6.28 0 0 1.01466000080109 -0.00680495006963611 -91.1873762501997
6.3 0 0 1.01466000080109 -0.00680495006963611 -91.1873762501997
6.32 0 0 1.01466000080109 -0.00680495006963611 -91.1873762501997
6.34 0 0 1.01466000080109 -0.00680495006963611 -91.1873762501997
6.36 0 0 1.01466000080109 -0.00680495006963611 -91.1873762501997
6.38 0 0 1.01466000080109 -0.00680495006963611 -91.1873762501997
6.4 0 0 1.01466000080109 -0.00680495006963611 -91.1873762501997
6.42 0 0 1.01466000080109 -0.00680495006963611 -91.1873762501997
6.44 0 0 1.01466000080109 -0.00680495006963611 -91.1873762501997
6.46 0 0 1.01466000080109 -0.00680495006963611 -91.1873762501997
6.48 0 0 1.01466000080109 -0.00680495006963611 -91.1873762501997
6.5 0 0 1.01466000080109 -0.00680495006963611 -91.1873762501997
6.52 0 0 1.01466000080109 -0.00680495006963611 -91.1873762501997
6.54 0 0 1.01466000080109 -0.00680495006963611 -91.1873762501997
6.56 0 0 1.01466000080109 -0.00680495006963611 -91.1873762501997
6.58 0 0 1.01466000080109 -0.00680495006963611 -91.1873762501997
6.6 0 0 1.01466000080109 -0.00680495006963611 -91.1873762501997
6.62 0 0 1.01466000080109 -0.00680495006963611 -91.1873762501997
6.64 0 0 1.01466000080109 -0.00680495006963611 -91.1873762501997
6.66 0 0 1.01480996608734 0.000265500013483688 -91.5363101243282
6.68 0 0 1.01480996608734 0.000265500013483688 -91.5363101243282
6.7 0 0 1.01480996608734 0.000265500013483688 -91.5363101243282
6.72 0 0 1.01480996608734 0.000265500013483688 -91.5363101243282
6.74 0 0 1.01480996608734 0.000265500013483688 -91.5363101243282
6.76 0 0 1.01480996608734 0.000265500013483688 -91.5363101243282
6.78 0 0 1.01480996608734 0.000265500013483688 -91.5363101243282
6.8 0 0 1.01480996608734 0.000265500013483688 -91.5363101243282
6.82 0 0 1.01480996608734 0.000265500013483688 -91.5363101243282
6.84 0 0 1.01480996608734 0.000265500013483688 -91.5363101243282
6.86 0 0 1.01480996608734 0.000265500013483688 -91.5363101243282
6.88 0 0 1.01480996608734 0.000265500013483688 -91.5363101243282
6.9 0 0 1.01480996608734 0.000265500013483688 -91.5363101243282
6.92 0 0 1.01480996608734 0.000265500013483688 -91.5363101243282
6.94 0 0 1.01480996608734 0.000265500013483688 -91.5363101243282
6.96 0 0 1.01480996608734 0.000265500013483688 -91.5363101243282
6.98 0 0 1.01480996608734 0.000265500013483688 -91.5363101243282
7 0 0 1.01480996608734 0.000265500013483688 -91.5363101243282
7.02 0 0 1.01480996608734 0.000265500013483688 -91.5363101243282
7.04 0 0 1.01480996608734 0.000265500013483688 -91.5363101243282
7.06 0 0 1.01480996608734 0.000265500013483688 -91.5363101243282
7.08 0 0 1.01480996608734 0.000265500013483688 -91.5363101243282
7.1 0 0 1.01480996608734 0.000265500013483688 -91.5363101243282
7.12 0 0 1.01480996608734 0.000265500013483688 -91.5363101243282
7.14 0 0 1.01480996608734 0.000265500013483688 -91.5363101243282
7.16 0 0 1.01480996608734 0.000265500013483688 -91.5363101243282
7.18 0 0 1.01480996608734 0.000265500013483688 -91.5363101243282
7.2 0 0 1.01480996608734 0.000265500013483688 -91.5363101243282
7.22 0 0 1.01480996608734 0.000265500013483688 -91.5363101243282
7.24 0 0 1.01480996608734 0.000265500013483688 -91.5363101243282
7.26 0 0 1.01480996608734 0.000265500013483688 -91.5363101243282
7.28 0 0 1.01480996608734 0.000265500013483688 -91.5363101243282
7.3 0 0 1.01480996608734 0.000265500013483688 -91.5363101243282
7.32 0 0 1.01480996608734 0.000265500013483688 -91.5363101243282
7.34 0 0 1.01480996608734 0.000265500013483688 -91.5363101243282
7.36 0 0 1.01480996608734 0.000265500013483688 -91.5363101243282
7.38 0 0 1.01480996608734 0.000265500013483688 -91.5363101243282
7.4 0 0 1.01480996608734 0.000265500013483688 -91.5363101243282
7.42 0 0 1.01480996608734 0.000265500013483688 -91.5363101243282
7.44 0 0 1.01480996608734 0.000265500013483688 -91.5363101243282
7.46 0 0 1.01480996608734 0.000265500013483688 -91.5363101243282
7.48 0 0 1.01480996608734 0.000265500013483688 -91.5363101243282
7.5 0 0 1.01480996608734 0.000265500013483688 -91.5363101243282
7.52 0 0 1.01480996608734 0.000265500013483688 -91.5363101243282
7.54 0 0 1.01480996608734 0.000265500013483688 -91.5363101243282
7.56 0 0 1.01480996608734 0.000265500013483688 -91.5363101243282
7.58 0 0 1.01480996608734 0.000265500013483688 -91.5363101243282
7.6 0 0 1.01480996608734 0.000265500013483688 -91.5363101243282
7.62 0 0 1.01480996608734 0.000265500013483688 -91.5363101243282
7.64 0 0 1.01480996608734 0.000265500013483688 -91.5363101243282
7.66 0 0 1.01480996608734 0.000265500013483688 -91.5363101243282
7.68 0 0 1.01480996608734 0.000265500013483688 -91.5363101243282
7.7 0 0 1.01480996608734 0.000265500013483688 -91.5363101243282
7.72 0 0 1.01480996608734 0.000265500013483688 -91.5363101243282
7.74 0 0 1.01480996608734 0.000265500013483688 -91.5363101243282
7.76 0 0 1.01480996608734 0.000265500013483688 -91.5363101243282
7.78 0 0 1.01480996608734 0.000265500013483688 -91.5363101243282
7.8 0 0 1.01480996608734 0.000265500013483688 -91.5363101243282
7.82 0 0 1.01480996608734 0.000265500013483688 -91.5363101243282
7.84 0 0 1.01480996608734 0.000265500013483688 -91.5363101243282
7.86 0 0 1.01480996608734 0.000265500013483688 -91.5363101243282
7.88 0 0 1.01480996608734 0.000265500013483688 -91.5363101243282
7.9 0 0 1.01480996608734 0.000265500013483688 -91.5363101243282
7.92 0 0 1.01480996608734 0.000265500013483688 -91.5363101243282
7.94 0 0 1.01480996608734 0.000265500013483688 -91.5363101243282
7.96 0 0 1.01480996608734 0.000265500013483688 -91.5363101243282
7.98 0 0 1.01480996608734 0.000265500013483688 -91.5363101243282
8 0 0 1.01480996608734 0.000265500013483688 -91.5363101243282
8.02 0 0 1.01480996608734 0.000265500013483688 -91.5363101243282
8.04 0 0 1.01480996608734 0.000265500013483688 -91.5363101243282
8.06 0 0 1.01480996608734 0.000265500013483688 -91.5363101243282
8.08 0 0 1.01480996608734 0.000265500013483688 -91.5363101243282
8.1 0 0 1.01480996608734 0.000265500013483688 -91.5363101243282
8.12 0 0 1.01480996608734 0.000265500013483688 -91.5363101243282
8.14 0 0 1.01480996608734 0.000265500013483688 -91.5363101243282
8.16 0 0 1.01480996608734 0.000265500013483688 -91.5363101243282
8.18 0 0 1.01480996608734 0.000265500013483688 -91.5363101243282
8.2 0 0 1.01480996608734 0.000265500013483688 -91.5363101243282
8.22 0 0 1.01480996608734 0.000265500013483688 -91.5363101243282
8.24 0 0 1.01480996608734 0.000265500013483688 -91.5363101243282
8.26 0 0 1.01480996608734 0.000265500013483688 -91.5363101243282
8.28 0 0 1.01480996608734 0.000265500013483688 -91.5363101243282
8.3 0 0 1.01480996608734 0.000265500013483688 -91.5363101243282
