0 0 0 -0.0015979299787432 -6.16542001807829E-6 0.296141260960242
0.02 0 0 -0.0015979299787432 -6.16542001807829E-6 0.296141260960242
0.04 0 0 -0.0015979299787432 -6.16542001807829E-6 0.296141260960242
0.06 0 0 -0.0015979299787432 -6.16542001807829E-6 0.296141260960242
0.08 0 0 -0.0015979299787432 -6.16542001807829E-6 0.296141260960242
0.1 0 0 -0.0015979299787432 -6.16542001807829E-6 0.296141260960242
0.12 0 0 -0.0015979299787432 -6.16542001807829E-6 0.296141260960242
0.14 0 0 -0.0015979299787432 -6.16542001807829E-6 0.296141260960242
0.16 0 0 -0.0015979299787432 -6.16542001807829E-6 0.296141260960242
0.18 0 0 -0.0015979299787432 -6.16542001807829E-6 0.296141260960242
0.2 0 0 -0.0015979299787432 -6.16542001807829E-6 0.296141260960242
0.22 0 0 -0.0015979299787432 -6.16542001807829E-6 0.296141260960242
0.24 0 0 -0.0015979299787432 -6.16542001807829E-6 0.296141260960242
0.26 0 0 -0.0015979299787432 -6.16542001807829E-6 0.296141260960242
0.28 0 0 -0.0015979299787432 -6.16542001807829E-6 0.296141260960242
0.3 0 0 -0.0015979299787432 -6.16542001807829E-6 0.296141260960242
0.32 0 0 -0.0015979299787432 -6.16542001807829E-6 0.296141260960242
0.34 0 0 -0.0015979299787432 -6.16542001807829E-6 0.296141260960242
0.36 0 0 -0.0015979299787432 -6.16542001807829E-6 0.296141260960242
0.38 0 0 -0.0015979299787432 -6.16542001807829E-6 0.296141260960242
0.4 0 0 -0.0015979299787432 -6.16542001807829E-6 0.296141260960242
0.42 0 0 -0.0015979299787432 -6.16542001807829E-6 0.296141260960242
0.44 0 0 -0.0015979299787432 -6.16542001807829E-6 0.296141260960242
0.46 0 0 -0.0015979299787432 -6.16542001807829E-6 0.296141260960242
0.48 0 0 -0.0015979299787432 -6.16542001807829E-6 0.296141260960242
0.5 0 0 -0.0015979299787432 -6.16542001807829E-6 0.296141260960242
0.52 0 0 -0.0015979299787432 -6.16542001807829E-6 0.296141260960242
0.54 0 0 -0.0015979299787432 -6.16542001807829E-6 0.296141260960242
0.56 0 0 -0.0015979299787432 -6.16542001807829E-6 0.296141260960242
0.58 0 0 -0.0015979299787432 -6.16542001807829E-6 0.296141260960242
0.6 0 0 -0.0015979299787432 -6.16542001807829E-6 0.296141260960242
0.62 0 0 -0.0015979299787432 -6.16542001807829E-6 0.296141260960242
0.64 0 0 -0.0015979299787432 -6.16542001807829E-6 0.296141260960242
0.66 0 0 -0.0015979299787432 -6.16542001807829E-6 0.296141260960242
0.68 0 0 -0.0015979299787432 -6.16542001807829E-6 0.296141260960242
0.7 0 0 -0.0015979299787432 -6.16542001807829E-6 0.296141260960242
0.72 0 0 -0.0015979299787432 -6.16542001807829E-6 0.296141260960242
0.74 0 0 -0.0015979299787432 -6.16542001807829E-6 0.296141260960242
0.76 0 0 -0.0015979299787432 -6.16542001807829E-6 0.296141260960242
0.78 0 0 -0.0015979299787432 -6.16542001807829E-6 0.296141260960242
0.8 0 0 -0.0015979299787432 -6.16542001807829E-6 0.296141260960242
0.82 0 0 -0.0015979299787432 -6.16542001807829E-6 0.296141260960242
0.84 0 0 -0.0015979299787432 -6.16542001807829E-6 0.296141260960242
0.86 0 0 -0.0015979299787432 -6.16542001807829E-6 0.296141260960242
0.88 0 0 -0.0015979299787432 -6.16542001807829E-6 0.296141260960242
0.9 0 0 -0.0015979299787432 -6.16542001807829E-6 0.296141260960242
0.92 0 0 -0.0015979299787432 -6.16542001807829E-6 0.296141260960242
0.94 0 0 -0.0015979299787432 -6.16542001807829E-6 0.296141260960242
0.96 0 0 -0.0015979299787432 -6.16542001807829E-6 0.296141260960242
0.98 0 0 -0.0015979299787432 -6.16542001807829E-6 0.296141260960242
1 0 0 -0.0015979299787432 -6.16542001807829E-6 0.296141260960242
1.02 0 0 -0.0015979299787432 -6.16542001807829E-6 0.296141260960242
1.04 0 0 -0.0015979299787432 -6.16542001807829E-6 0.296141260960242
1.06 0 0 -0.0015979299787432 -6.16542001807829E-6 0.296141260960242
1.08 0 0 -0.0015979299787432 -6.16542001807829E-6 0.296141260960242
1.1 0 0 -0.0015979299787432 -6.16542001807829E-6 0.296141260960242
1.12 0 0 -0.0015979299787432 -6.16542001807829E-6 0.296141260960242
1.14 0 0 -0.0015979299787432 -6.16542001807829E-6 0.296141260960242
1.16 0 0 -0.0015979299787432 -6.16542001807829E-6 0.296141260960242
1.18 0 0 -0.0015979299787432 -6.16542001807829E-6 0.296141260960242
1.2 0 0 -0.0015979299787432 -6.16542001807829E-6 0.296141260960242
1.22 0 0 -0.0015979299787432 -6.16542001807829E-6 0.296141260960242
1.24 0 0 -0.0015979299787432 -6.16542001807829E-6 0.296141260960242
1.26 0 0 -0.0015979299787432 -6.16542001807829E-6 0.296141260960242
1.28 0 0 -0.0015979299787432 -6.16542001807829E-6 0.296141260960242
1.3 0 0 -0.0015979299787432 -6.16542001807829E-6 0.296141260960242
1.32 0 0 -0.0015979299787432 -6.16542001807829E-6 0.296141260960242
1.34 0 0 -0.0015979299787432 -6.16542001807829E-6 0.296141260960242
1.36 0 0 -0.0015979299787432 -6.16542001807829E-6 0.296141260960242
1.38 0 0 -0.0015979299787432 -6.16542001807829E-6 0.296141260960242
1.4 0 0 -0.0015979299787432 -6.16542001807829E-6 0.296141260960242
1.42 0 0 -0.0015979299787432 -6.16542001807829E-6 0.296141260960242
1.44 0 0 -0.0015979299787432 -6.16542001807829E-6 0.296141260960242
1.46 0 0 -0.0015979299787432 -6.16542001807829E-6 0.296141260960242
1.48 0 0 -0.0015979299787432 -6.16542001807829E-6 0.296141260960242
1.5 0 0 -0.0015979299787432 -6.16542001807829E-6 0.296141260960242
1.52 0 0 -0.0015979299787432 -6.16542001807829E-6 0.296141260960242
1.54 0 0 -0.0015979299787432 -6.16542001807829E-6 0.296141260960242
1.56 0 0 -0.0015979299787432 -6.16542001807829E-6 0.296141260960242
1.58 0 0 -0.0015979299787432 -6.16542001807829E-6 0.296141260960242
1.6 0 0 -0.0015979299787432 -6.16542001807829E-6 0.296141260960242
1.62 0 0 -0.0015979299787432 -6.16542001807829E-6 0.296141260960242
1.64 0 0 -0.0015979299787432 -6.16542001807829E-6 0.296141260960242
1.66 0 0 -0.0015979299787432 -6.16542001807829E-6 0.296141260960242
1.68 0 0 -0.0015979299787432 -6.16542001807829E-6 0.296141260960242
1.7 0 0 -0.0015979299787432 -6.16542001807829E-6 0.296141260960242
1.72 0 0 -0.0015979299787432 -6.16542001807829E-6 0.296141260960242
1.74 0 0 -0.0015979299787432 -6.16542001807829E-6 0.296141260960242
1.76 0 0 -0.0015979299787432 -6.16542001807829E-6 0.296141260960242
1.78 0 0 -0.0015979299787432 -6.16542001807829E-6 0.296141260960242
1.8 0 0 -0.0015979299787432 -6.16542001807829E-6 0.296141260960242
1.82 0 0 -0.0015979299787432 -6.16542001807829E-6 0.296141260960242
1.84 0 0 -0.0015979299787432 -6.16542001807829E-6 0.296141260960242
1.86 0 0 -0.0015979299787432 -6.16542001807829E-6 0.296141260960242
1.88 0 0 -0.0015979299787432 -6.16542001807829E-6 0.296141260960242
1.9 0 0 -0.0015979299787432 -6.16542001807829E-6 0.296141260960242
1.92 0 0 -0.0015979299787432 -6.16542001807829E-6 0.296141260960242
1.94 0 0 -0.0015979299787432 -6.16542001807829E-6 0.296141260960242
1.96 0 0 -0.0015979299787432 -6.16542001807829E-6 0.296141260960242
1.98 0 0 -0.0015979299787432 -6.16542001807829E-6 0.296141260960242
2 0 0 -0.0015979299787432 -6.16542001807829E-6 0.296141260960242
2.02 0 0 -0.0015979299787432 -6.16542001807829E-6 0.296141260960242
2.04 0 0 -0.0015979299787432 -6.16542001807829E-6 0.296141260960242
2.06 0 0 -0.0015979299787432 -6.16542001807829E-6 0.296141260960242
2.08 0 0 -0.0015979299787432 -6.16542001807829E-6 0.296141260960242
2.1 0 0 -0.0015979299787432 -6.16542001807829E-6 0.296141260960242
2.12 0 0 -0.0015979299787432 -6.16542001807829E-6 0.296141260960242
2.14 0 0 -0.0015979299787432 -6.16542001807829E-6 0.296141260960242
2.16 0 0 -0.0015979299787432 -6.16542001807829E-6 0.296141260960242
2.18 0 0 -0.0015979299787432 -6.16542001807829E-6 0.296141260960242
2.2 0 0 -0.0015979299787432 -6.16542001807829E-6 0.296141260960242
2.22 0 0 -0.0015979299787432 -6.16542001807829E-6 0.296141260960242
2.24 0 0 -0.0015979299787432 -6.16542001807829E-6 0.296141260960242
2.26 0 0 -0.0015979299787432 -6.16542001807829E-6 0.296141260960242
2.28 0 0 -0.0015979299787432 -6.16542001807829E-6 0.296141260960242
2.3 0 0 -0.0015979299787432 -6.16542001807829E-6 0.296141260960242
2.32 0 0 -0.0015979299787432 -6.16542001807829E-6 0.296141260960242
2.34 0 0 -0.0015979299787432 -6.16542001807829E-6 0.296141260960242
2.36 0 0 -0.0015979299787432 -6.16542001807829E-6 0.296141260960242
2.38 0 0 -0.0015979299787432 -6.16542001807829E-6 0.296141260960242
2.4 0 0 -0.0015979299787432 -6.16542001807829E-6 0.296141260960242
2.42 0 0 -0.0015979299787432 -6.16542001807829E-6 0.296141260960242
2.44 0 0 -0.0015979299787432 -6.16542001807829E-6 0.296141260960242
2.46 0 0 -0.0015979299787432 -6.16542001807829E-6 0.296141260960242
2.48 0 0 -0.0015979299787432 -6.16542001807829E-6 0.296141260960242
2.5 0 0 -0.0015979299787432 -6.16542001807829E-6 0.296141260960242
2.52 0 0 -0.0015979299787432 -6.16542001807829E-6 0.296141260960242
2.54 0 0 -0.0015979299787432 -6.16542001807829E-6 0.296141260960242
2.56 0 0 -0.0015979299787432 -6.16542001807829E-6 0.296141260960242
2.58 0 0 -0.0015979299787432 -6.16542001807829E-6 0.296141260960242
2.6 0 0 -0.0015979299787432 -6.16542001807829E-6 0.296141260960242
2.62 0 0 -0.0015979299787432 -6.16542001807829E-6 0.296141260960242
2.64 0 0 -0.0015979299787432 -6.16542001807829E-6 0.296141260960242
2.66 0 0 -0.0015979299787432 -6.16542001807829E-6 0.296141260960242
2.68 0 0 -0.0015979299787432 -6.16542001807829E-6 0.296141260960242
2.7 0 0 -0.0015979299787432 -6.16542001807829E-6 0.296141260960242
2.72 0 0 -0.0015979299787432 -6.16542001807829E-6 0.296141260960242
2.74 0 0 -0.0015979299787432 -6.16542001807829E-6 0.296141260960242
2.76 0 0 -0.0015979299787432 -6.16542001807829E-6 0.296141260960242
2.78 0 0 -0.0015979299787432 -6.16542001807829E-6 0.296141260960242
2.8 0 0 -0.0015979299787432 -6.16542001807829E-6 0.296141260960242
2.82 0 0 -0.0015979299787432 -6.16542001807829E-6 0.296141260960242
2.84 0 0 -0.0015979299787432 -6.16542001807829E-6 0.296141260960242
2.86 0 0 -0.0015979299787432 -6.16542001807829E-6 0.296141260960242
2.88 0 0 -0.0015979299787432 -6.16542001807829E-6 0.296141260960242
2.9 0 0 -0.0015979299787432 -6.16542001807829E-6 0.296141260960242
2.92 0 0 -0.0015979299787432 -6.16542001807829E-6 0.296141260960242
2.94 0 0 -0.0015979299787432 -6.16542001807829E-6 0.296141260960242
2.96 0 0 -0.0015979299787432 -6.16542001807829E-6 0.296141260960242
2.98 0 0 -0.0015979299787432 -6.16542001807829E-6 0.296141260960242
3 0 0 -0.0015979299787432 -6.16542001807829E-6 0.296141260960242
3.02 0 0 -0.0015979299787432 -6.16542001807829E-6 0.296141260960242
3.04 0 0 -0.0015979299787432 -6.16542001807829E-6 0.296141260960242
3.06 0 0 -0.0015979299787432 -6.16542001807829E-6 0.296141260960242
3.08 0 0 -0.0015979299787432 -6.16542001807829E-6 0.296141260960242
3.1 0 0 -0.0015979299787432 -6.16542001807829E-6 0.296141260960242
3.12 0 0 -0.0015979299787432 -6.16542001807829E-6 0.296141260960242
3.14 0 0 -0.0015979299787432 -6.16542001807829E-6 0.296141260960242
3.16 0 0 -0.0015979299787432 -6.16542001807829E-6 0.296141260960242
3.18 0 0 -0.0015979299787432 -6.16542001807829E-6 0.296141260960242
3.2 0 0 -0.0015979299787432 -6.16542001807829E-6 0.296141260960242
3.22 0 0 -0.0015979299787432 -6.16542001807829E-6 0.296141260960242
3.24 0 0 -0.0015979299787432 -6.16542001807829E-6 0.296141260960242
3.26 0 0 -0.0015979299787432 -6.16542001807829E-6 0.296141260960242
3.28 0 0 -0.0015979299787432 -6.16542001807829E-6 0.296141260960242
3.3 0 0 -0.0015979299787432 -6.16542001807829E-6 0.296141260960242
3.32 0 0 -0.0015979299787432 -6.16542001807829E-6 0.296141260960242
3.34 0 0 -0.0015979299787432 -6.16542001807829E-6 0.296141260960242
3.36 0 0 -0.0015979299787432 -6.16542001807829E-6 0.296141260960242
3.38 0 0 -0.0015979299787432 -6.16542001807829E-6 0.296141260960242
3.4 0 0 -0.0015979299787432 -6.16542001807829E-6 0.296141260960242
3.42 0 0 -0.0015979299787432 -6.16542001807829E-6 0.296141260960242
3.44 0 0 -0.0015979299787432 -6.16542001807829E-6 0.296141260960242
3.46 0 0 -0.0015979299787432 -6.16542001807829E-6 0.296141260960242
3.48 0 0 -0.0015979299787432 -6.16542001807829E-6 0.296141260960242
3.5 0 0 -0.0015979299787432 -6.16542001807829E-6 0.296141260960242
3.52 0 0 -0.0015979299787432 -6.16542001807829E-6 0.296141260960242
3.54 0 0 -0.0015979299787432 -6.16542001807829E-6 0.296141260960242
3.56 0 0 -0.0015979299787432 -6.16542001807829E-6 0.296141260960242
3.58 0 0 -0.0015979299787432 -6.16542001807829E-6 0.296141260960242
3.6 0 0 -0.0015979299787432 -6.16542001807829E-6 0.296141260960242
3.62 0 0 -0.0015979299787432 -6.16542001807829E-6 0.296141260960242
3.64 0 0 -0.0015979299787432 -6.16542001807829E-6 0.296141260960242
3.66 0 0 -0.0015979299787432 -6.16542001807829E-6 0.296141260960242
3.68 0 0 -0.0015979299787432 -6.16542001807829E-6 0.296141260960242
3.7 0 0 -0.0015979299787432 -6.16542001807829E-6 0.296141260960242
3.72 0 0 -0.0015979299787432 -6.16542001807829E-6 0.296141260960242
3.74 0 0 -0.0015979299787432 -6.16542001807829E-6 0.296141260960242
3.76 0 0 -0.0015979299787432 -6.16542001807829E-6 0.296141260960242
3.78 0 0 -0.0015979299787432 -6.16542001807829E-6 0.296141260960242
3.8 0 0 -0.0015979299787432 -6.16542001807829E-6 0.296141260960242
3.82 0 0 -0.0015979299787432 -6.16542001807829E-6 0.296141260960242
3.84 0 0 -0.0015979299787432 -6.16542001807829E-6 0.296141260960242
3.86 0 0 -0.0015979299787432 -6.16542001807829E-6 0.296141260960242
3.88 0 0 -0.0015979299787432 -6.16542001807829E-6 0.296141260960242
3.9 0 0 -0.0015979299787432 -6.16542001807829E-6 0.296141260960242
3.92 0 0 -0.0015979299787432 -6.16542001807829E-6 0.296141260960242
3.94 0 0 -0.0015979299787432 -6.16542001807829E-6 0.296141260960242
3.96 0 0 -0.0015979299787432 -6.16542001807829E-6 0.296141260960242
3.98 0 0 -0.0015979299787432 -6.16542001807829E-6 0.296141260960242
4 0 0 -0.0015979299787432 -6.16542001807829E-6 0.296141260960242
4.02 0 0 -0.0015979299787432 -6.16542001807829E-6 0.296141260960242
4.04 0 0 -0.0015979299787432 -6.16542001807829E-6 0.296141260960242
4.06 0 0 -0.0015979299787432 -6.16542001807829E-6 0.296141260960242
4.08 0 0 -0.0015979299787432 -6.16542001807829E-6 0.296141260960242
4.1 0 0 -0.0015979299787432 -6.16542001807829E-6 0.296141260960242
4.12 0 0 -0.0015979299787432 -6.16542001807829E-6 0.296141260960242
4.14 0 0 -0.0015979299787432 -6.16542001807829E-6 0.296141260960242
4.16 0 0 -0.0015979299787432 -6.16542001807829E-6 0.296141260960242
4.18 0 0 -0.0015979299787432 -6.16542001807829E-6 0.296141260960242
4.2 0 0 -0.0015979299787432 -6.16542001807829E-6 0.296141260960242
4.22 0 0 -0.0015979299787432 -6.16542001807829E-6 0.296141260960242
4.24 0 0 -0.0015979299787432 -6.16542001807829E-6 0.296141260960242
4.26 0 0 -0.0015979299787432 -6.16542001807829E-6 0.296141260960242
4.28 0 0 -0.0015979299787432 -6.16542001807829E-6 0.296141260960242
4.3 0 0 -0.0015979299787432 -6.16542001807829E-6 0.296141260960242
4.32 0 0 -0.0015979299787432 -6.16542001807829E-6 0.296141260960242
4.34 0 0 -0.0015979299787432 -6.16542001807829E-6 0.296141260960242
4.36 0 0 -0.0015979299787432 -6.16542001807829E-6 0.296141260960242
4.38 0 0 -0.0015979299787432 -6.16542001807829E-6 0.296141260960242
4.4 0 0 -0.0015979299787432 -6.16542001807829E-6 0.296141260960242
4.42 0 0 -0.0015979299787432 -6.16542001807829E-6 0.296141260960242
4.44 0 0 -0.0015979299787432 -6.16542001807829E-6 0.296141260960242
4.46 0 0 -0.0015979299787432 -6.16542001807829E-6 0.296141260960242
4.48 0 0 -0.0015979299787432 -6.16542001807829E-6 0.296141260960242
4.5 0 0 -0.0015979299787432 -6.16542001807829E-6 0.296141260960242
4.52 0 0 -0.0015979299787432 -6.16542001807829E-6 0.296141260960242
4.54 0 0 -0.0015979299787432 -6.16542001807829E-6 0.296141260960242
4.56 0 0 -0.0015979299787432 -6.16542001807829E-6 0.296141260960242
4.58 0 0 -0.0015979299787432 -6.16542001807829E-6 0.296141260960242
4.6 0 0 -0.0015979299787432 -6.16542001807829E-6 0.296141260960242
4.62 0 0 -0.0015979299787432 -6.16542001807829E-6 0.296141260960242
4.64 0 0 -0.0015979299787432 -6.16542001807829E-6 0.296141260960242
4.66 0 0 -0.0015979299787432 -6.16542001807829E-6 0.296141260960242
4.68 0 0 -0.0015979299787432 -6.16542001807829E-6 0.296141260960242
4.7 0 0 -0.0015979299787432 -6.16542001807829E-6 0.296141260960242
4.72 0 0 -0.0015979299787432 -6.16542001807829E-6 0.296141260960242
4.74 0 0 -0.0015979299787432 -6.16542001807829E-6 0.296141260960242
4.76 0 0 -0.0015979299787432 -6.16542001807829E-6 0.296141260960242
4.78 0 0 -0.0015979299787432 -6.16542001807829E-6 0.296141260960242
4.8 0 0 -0.0015979299787432 -6.16542001807829E-6 0.296141260960242
4.82 0 0 -0.0015979299787432 -6.16542001807829E-6 0.296141260960242
4.84 0 0 -0.0015979299787432 -6.16542001807829E-6 0.296141260960242
4.86 0 0 -0.0015979299787432 -6.16542001807829E-6 0.296141260960242
4.88 0 0 -0.0015979299787432 -6.16542001807829E-6 0.296141260960242
4.9 0 0 -0.0015979299787432 -6.16542001807829E-6 0.296141260960242
4.92 0 0 -0.0015979299787432 -6.16542001807829E-6 0.296141260960242
4.94 0 0 -0.0015979299787432 -6.16542001807829E-6 0.296141260960242
4.96 0 0 -0.0015979299787432 -6.16542001807829E-6 0.296141260960242
4.98 0 0 -0.0015979299787432 -6.16542001807829E-6 0.296141260960242
5 0 0 -0.0015979299787432 -6.16542001807829E-6 0.296141260960242
5.02 0 0 -0.0015979299787432 -6.16542001807829E-6 0.296141260960242
5.04 0 0 -0.0015979299787432 -6.16542001807829E-6 0.296141260960242
5.06 0 0 -0.0015979299787432 -6.16542001807829E-6 0.296141260960242
5.08 0 0 -0.0015979299787432 -6.16542001807829E-6 0.296141260960242
5.1 0 0 -0.0015979299787432 -6.16542001807829E-6 0.296141260960242
5.12 0 0 -0.0015979299787432 -6.16542001807829E-6 0.296141260960242
5.14 0 0 -0.0015979299787432 -6.16542001807829E-6 0.296141260960242
5.16 0 0 -0.0015979299787432 -6.16542001807829E-6 0.296141260960242
5.18 0 0 -0.0015979299787432 -6.16542001807829E-6 0.296141260960242
5.2 0 0 -0.0015979299787432 -6.16542001807829E-6 0.296141260960242
5.22 0 0 -0.0015979299787432 -6.16542001807829E-6 0.296141260960242
5.24 0 0 -0.0015979299787432 -6.16542001807829E-6 0.296141260960242
5.26 0 0 -0.0015979299787432 -6.16542001807829E-6 0.296141260960242
5.28 0 0 -0.0015979299787432 -6.16542001807829E-6 0.296141260960242
5.3 0 0 -0.0015979299787432 -6.16542001807829E-6 0.296141260960242
5.32 0 0 -0.0015979299787432 -6.16542001807829E-6 0.296141260960242
5.34 0 0 -0.0015979299787432 -6.16542001807829E-6 0.296141260960242
5.36 0 0 -0.0015979299787432 -6.16542001807829E-6 0.296141260960242
5.38 0 0 -0.0015979299787432 -6.16542001807829E-6 0.296141260960242
5.4 0 0 -0.0015979299787432 -6.16542001807829E-6 0.296141260960242
5.42 0 0 -0.0015979299787432 -6.16542001807829E-6 0.296141260960242
5.44 0 0 -0.0015979299787432 -6.16542001807829E-6 0.296141260960242
5.46 0 0 -0.0015979299787432 -6.16542001807829E-6 0.296141260960242
5.48 0 0 -0.0015979299787432 -6.16542001807829E-6 0.296141260960242
5.5 0 0 -0.0015979299787432 -6.16542001807829E-6 0.296141260960242
5.52 0 0 -0.0015979299787432 -6.16542001807829E-6 0.296141260960242
5.54 0 0 -0.0015979299787432 -6.16542001807829E-6 0.296141260960242
5.56 0 0 -0.0015979299787432 -6.16542001807829E-6 0.296141260960242
5.58 0 0 -0.0015979299787432 -6.16542001807829E-6 0.296141260960242
5.6 0 0 -0.0015979299787432 -6.16542001807829E-6 0.296141260960242
5.62 0 0 -0.0015979299787432 -6.16542001807829E-6 0.296141260960242
5.64 0 0 -0.0015979299787432 -6.16542001807829E-6 0.296141260960242
5.66 0 0 -0.0015979299787432 -6.16542001807829E-6 0.296141260960242
5.68 0 0 -0.0015979299787432 -6.16542001807829E-6 0.296141260960242
5.7 0 0 -0.0015979299787432 -6.16542001807829E-6 0.296141260960242
5.72 0 0 -0.0015979299787432 -6.16542001807829E-6 0.296141260960242
5.74 0 0 -0.0015979299787432 -6.16542001807829E-6 0.296141260960242
5.76 0 0 -0.0015979299787432 -6.16542001807829E-6 0.296141260960242
5.78 0 0 -0.0500000007450581 0 90.000207410181
5.8 0 0 -0.0500000007450581 0 90.000207410181
5.82 0 0 -0.0500000007450581 0 90.000207410181
5.84 0 0 -0.0500000007450581 0 90.000207410181
5.86 0 0 -0.0500000007450581 0 90.000207410181
5.88 0 0 -0.0500000007450581 0 90.000207410181
5.9 0 0 -0.0500000007450581 0 90.000207410181
5.92 0 0 -0.0500000007450581 0 90.000207410181
5.94 0 0 -0.0500000007450581 0 90.000207410181
5.96 0 0 -0.0500000007450581 0 90.000207410181
5.98 0 0 -0.0500000007450581 0 90.000207410181
6 0 0 -0.0500000007450581 0 90.000207410181
6.02 0 0 -0.0500000007450581 0 90.000207410181
6.04 0 0 -0.0500000007450581 0 90.000207410181
6.06 0 0 -0.0500000007450581 0 90.000207410181
6.08 0 0 -0.0500000007450581 0 90.000207410181
6.1 0 0 -0.0500000007450581 0 90.000207410181
6.12 0 0 -0.0500000007450581 0 90.000207410181
6.14 0 0 -0.0500000007450581 0 90.000207410181
6.16 0 0 -0.0500000007450581 0 90.000207410181
6.18 0 0 -0.0500000007450581 0 90.000207410181
6.2 0 0 -0.0500000007450581 0 90.000207410181
6.22 0 0 -0.0500000007450581 0 90.000207410181
6.24 0 0 -0.0500000007450581 0 90.000207410181
6.26 0 0 -0.0500000007450581 0 90.000207410181
6.28 0 0 -0.0500000007450581 0 90.000207410181
6.3 0 0 -0.0500000007450581 0 90.000207410181
6.32 0 0 -0.0500000007450581 0 90.000207410181
6.34 0 0 -0.0500000007450581 0 90.000207410181
6.36 0 0 -0.0500000007450581 0 90.000207410181
6.38 0 0 -0.0500000007450581 0 90.000207410181
6.4 0 0 -0.0500000007450581 0 90.000207410181
6.42 0 0 -0.0500000007450581 0 90.000207410181
6.44 0 0 -0.0500000007450581 0 90.000207410181
6.46 0 0 -0.0500000007450581 0 90.000207410181
6.48 0 0 -0.0500000007450581 0 90.000207410181
6.5 0 0 -0.0500000007450581 0 90.000207410181
6.52 0 0 -0.0500000007450581 0 90.000207410181
6.54 0 0 -0.0500000007450581 0 90.000207410181
6.56 0 0 -0.0500000007450581 0 90.000207410181
6.58 0 0 -0.0500000007450581 0 90.000207410181
6.6 0 0 -0.0500000007450581 0 90.000207410181
6.62 0 0 -0.0500000007450581 0 90.000207410181
6.64 0 0 -0.0500000007450581 0 90.000207410181
6.66 0 0 -0.0500000007450581 0 90.000207410181
6.68 0 0 -0.0500000007450581 0 90.000207410181
6.7 0 0 -0.0500000007450581 0 90.000207410181
6.72 0 0 -0.0500000007450581 0 90.000207410181
6.74 0 0 -0.0500000007450581 0 90.000207410181
6.76 0 0 -0.0500000007450581 0 90.000207410181
6.78 0 0 -0.0500000007450581 0 90.000207410181
6.8 0 0 -0.0500000007450581 0 90.000207410181
6.82 0 0 -0.0500000007450581 0 90.000207410181
6.84 0 0 -0.0500000007450581 0 90.000207410181
6.86 0 0 -0.0500000007450581 0 90.000207410181
6.88 0 0 -0.0500000007450581 0 90.000207410181
6.9 0 0 -0.0500000007450581 0 90.000207410181
6.92 0 0 -0.0500000007450581 0 90.000207410181
6.94 0 0 -0.0500000007450581 0 90.000207410181
6.96 0 0 -0.0500000007450581 0 90.000207410181
6.98 0 0 -0.0500000007450581 0 90.000207410181
7 0 0 -0.0500000007450581 0 90.000207410181
7.02 0 0 -0.0500000007450581 0 90.000207410181
7.04 0 0 -0.0500000007450581 0 90.000207410181
7.06 0 0 -0.0500000007450581 0 90.000207410181
7.08 0 0 -0.0500000007450581 0 90.000207410181
7.1 0 0 -0.0500000007450581 0 90.000207410181
7.12 0 0 -0.0500000007450581 0 90.000207410181
7.14 0 0 -0.0500000007450581 0 90.000207410181
7.16 0 0 -0.0500000007450581 0 90.000207410181
7.18 0 0 -0.0500000007450581 0 90.000207410181
7.2 0 0 -0.0500000007450581 0 90.000207410181
7.22 0 0 -0.0500000007450581 0 90.000207410181
7.24 0 0 -0.0500000007450581 0 90.000207410181
7.26 0 0 -0.0500000007450581 0 90.000207410181
7.28 0 0 -0.0500000007450581 0 90.000207410181
7.3 0 0 -0.0500000007450581 0 90.000207410181
7.32 0 0 -0.0500000007450581 0 90.000207410181
7.34 0 0 -0.0500000007450581 0 90.000207410181
7.36 0 0 -0.0500000007450581 0 90.000207410181
7.38 0 0 -0.0500000007450581 0 90.000207410181
7.4 0 0 -0.0500000007450581 0 90.000207410181
7.42 0 0 -0.0500000007450581 0 90.000207410181
7.44 0 0 -0.0500000007450581 0 90.000207410181
7.46 0 0 -0.0500000007450581 0 90.000207410181
7.48 0 0 -0.0500000007450581 0 90.000207410181
7.5 0 0 -0.0500000007450581 0 90.000207410181
7.52 0 0 -0.0500000007450581 0 90.000207410181
7.54 0 0 -0.0500000007450581 0 90.000207410181
7.56 0 0 -0.0500000007450581 0 90.000207410181
7.58 0 0 -0.0500000007450581 0 90.000207410181
7.6 0 0 -0.0500000007450581 0 90.000207410181
7.62 0 0 -0.0500000007450581 0 90.000207410181
7.64 0 0 -0.0500000007450581 0 90.000207410181
7.66 0 0 -0.0500000007450581 0 90.000207410181
7.68 0 0 -0.0500000007450581 0 90.000207410181
7.7 0 0 -0.0500000007450581 0 90.000207410181
7.72 0 0 -0.0500000007450581 0 90.000207410181
7.74 0 0 -0.0500000007450581 0 90.000207410181
7.76 0 0 -0.0500000007450581 0 90.000207410181
7.78 0 0 -0.0500000007450581 0 90.000207410181
7.8 0 0 -0.0500000007450581 0 90.000207410181
7.82 0 0 -0.0500000007450581 0 90.000207410181
7.84 0 0 -0.0500000007450581 0 90.000207410181
7.86 0 0 -0.0500000007450581 0 90.000207410181
7.88 0 0 -0.0500000007450581 0 90.000207410181
7.9 0 0 -0.0500000007450581 0 90.000207410181
7.92 0 0 -0.0500000007450581 0 90.000207410181
7.94 0 0 -0.0500000007450581 0 90.000207410181
7.96 0 0 -0.0500000007450581 0 90.000207410181
7.98 0 0 -0.0500000007450581 0 90.000207410181
8 0 0 -0.0500000007450581 0 90.000207410181
8.02 0 0 -0.0500000007450581 0 90.000207410181
8.04 0 0 -0.0500000007450581 0 90.000207410181
8.06 0 0 -0.0500000007450581 0 90.000207410181
8.08 0 0 -0.0500000007450581 0 90.000207410181
8.1 0 0 -0.0500000007450581 0 90.000207410181
8.12 0 0 -0.0500000007450581 0 90.000207410181
8.14 0 0 -0.0500000007450581 0 90.000207410181
8.16 0 0 -0.0500000007450581 0 90.000207410181
8.18 0 0 -0.0500000007450581 0 90.000207410181
8.2 0 0 -0.0500000007450581 0 90.000207410181
8.22 0 0 -0.0500000007450581 0 90.000207410181
8.24 0 0 -0.0500000007450581 0 90.000207410181
8.26 0 0 -0.0500000007450581 0 90.000207410181
8.28 0 0 -0.0500000007450581 0 90.000207410181
8.3 0 0 -0.0500000007450581 0 90.000207410181
8.32 0 0 -0.0500000007450581 0 90.000207410181
8.34 0 0 -0.0500000007450581 0 90.000207410181
8.36 0 0 -0.0500000007450581 0 90.000207410181
8.38 0 0 -0.0500000007450581 0 90.000207410181
8.4 0 0 -0.0500000007450581 0 90.000207410181
8.42 0 0 -0.0500000007450581 0 90.000207410181
8.44 0 0 -0.0500000007450581 0 90.000207410181
8.46 0 0 -0.0500000007450581 0 90.000207410181
8.48 0 0 -0.0500000007450581 0 90.000207410181
8.5 0 0 -0.0500000007450581 0 90.000207410181
8.52 0 0 -0.0500000007450581 0 90.000207410181
8.54 0 0 -0.0500000007450581 0 90.000207410181
8.56 0 0 -0.0500000007450581 0 90.000207410181
8.58 0 0 -0.0500000007450581 0 90.000207410181
8.6 0 0 -0.0500000007450581 0 90.000207410181
8.62 0 0 -0.0500000007450581 0 90.000207410181
8.64 0 0 -0.0500000007450581 0 90.000207410181
8.66 0 0 -0.0500000007450581 0 90.000207410181
8.68 0 0 -0.0500000007450581 0 90.000207410181
8.7 0 0 -0.0500000007450581 0 90.000207410181
8.72 0 0 -0.0500000007450581 0 90.000207410181
8.74 0 0 -0.0500000007450581 0 90.000207410181
8.76 0 0 -0.0500000007450581 0 90.000207410181
8.78 0 0 -0.0500000007450581 0 90.000207410181
8.8 0 0 -0.0500000007450581 0 90.000207410181
8.82 0 0 -0.0500000007450581 0 90.000207410181
8.84 0 0 -0.0500000007450581 0 90.000207410181
8.86 0 0 -0.0500000007450581 0 90.000207410181
8.88 0 0 -0.0500000007450581 0 90.000207410181
8.9 0 0 -0.0500000007450581 0 90.000207410181
8.92 0 0 -0.0500000007450581 0 90.000207410181
8.94 0 0 -0.0500000007450581 0 90.000207410181
8.96 0 0 -0.0500000007450581 0 90.000207410181
8.98 0 0 -0.0500000007450581 0 90.000207410181
9 0 0 -0.0500000007450581 0 90.000207410181
9.02 0 0 -0.0500000007450581 0 90.000207410181
9.04 0 0 -0.0500000007450581 0 90.000207410181
9.06 0 0 -0.0500000007450581 0 90.000207410181
9.08 0 0 -0.0500000007450581 0 90.000207410181
9.1 0 0 -0.0500000007450581 0 90.000207410181
9.12 0 0 -0.0500000007450581 0 90.000207410181
9.14 0 0 -0.0500000007450581 0 90.000207410181
9.16 0 0 -0.0500000007450581 0 90.000207410181
9.18 0 0 -0.0500000007450581 0 90.000207410181
9.2 0 0 -0.0500000007450581 0 90.000207410181
9.22 0 0 -0.0500000007450581 0 90.000207410181
9.24 0 0 -0.0500000007450581 0 90.000207410181
9.26 0 0 -0.0500000007450581 0 90.000207410181
9.28 0 0 -0.0500000007450581 0 90.000207410181
9.3 0 0 -0.0500000007450581 0 90.000207410181
9.32 0 0 -0.0500000007450581 0 90.000207410181
9.34 0 0 -0.0500000007450581 0 90.000207410181
9.36 0 0 -0.0500000007450581 0 90.000207410181
9.38 0 0 -0.0500000007450581 0 90.000207410181
9.4 0 0 -0.0500000007450581 0 90.000207410181
9.42 0 0 -0.0500000007450581 0 90.000207410181
9.44 0 0 -0.0500000007450581 0 90.000207410181
9.46 0 0 -0.0500000007450581 0 90.000207410181
9.48 0 0 -0.0500000007450581 0 90.000207410181
9.5 0 0 -0.0500000007450581 0 90.000207410181
9.52 0 0 -0.0500000007450581 0 90.000207410181
9.54 0 0 -0.0500000007450581 0 90.000207410181
9.56 0 0 -0.0500000007450581 0 90.000207410181
9.58 0 0 -0.0500000007450581 0 90.000207410181
9.6 0 0 -0.0500000007450581 0 90.000207410181
9.62 0 0 -0.0500000007450581 0 90.000207410181
9.64 0 0 -0.0500000007450581 0 90.000207410181
9.66 0 0 -0.0500000007450581 0 90.000207410181
9.68 0 0 -0.0500000007450581 0 90.000207410181
9.7 0 0 -0.0500000007450581 0 90.000207410181
9.72 0 0 -0.0500000007450581 0 90.000207410181
9.74 0 0 -0.0500000007450581 0 90.000207410181
9.76 0 0 -0.0500000007450581 0 90.000207410181
9.78 0 0 -0.0500000007450581 0 90.000207410181
9.8 0 0 -0.0500000007450581 0 90.000207410181
9.82 0 0 -0.0500000007450581 0 90.000207410181
9.84 0 0 -0.0500000007450581 0 90.000207410181
9.86 0 0 -0.0500000007450581 0 90.000207410181
9.88 0 0 -0.0500000007450581 0 90.000207410181
9.9 0 0 -0.0500000007450581 0 90.000207410181
9.92 0 0 -0.0500000007450581 0 90.000207410181
9.94 0 0 -0.0500000007450581 0 90.000207410181
9.96 0 0 -0.0500000007450581 0 90.000207410181
9.98 0 0 -0.0500000007450581 0 90.000207410181
10 0 0 -0.0500000007450581 0 90.000207410181
10.02 0 0 -0.0500000007450581 0 90.000207410181
10.04 0 0 -0.0500000007450581 0 90.000207410181
10.06 0 0 -0.0500000007450581 0 90.000207410181
10.08 0 0 -0.0500000007450581 0 90.000207410181
10.1 0 0 -0.0500000007450581 0 90.000207410181
10.12 0 0 -0.0500000007450581 0 90.000207410181
10.14 0 0 -0.0500000007450581 0 90.000207410181
10.16 0 0 -0.0500000007450581 0 90.000207410181
10.18 0 0 -0.0500000007450581 0 90.000207410181
10.2 0 0 -0.0500000007450581 0 90.000207410181
10.22 0 0 -0.0500000007450581 0 90.000207410181
10.24 0 0 -0.0500000007450581 0 90.000207410181
10.26 0 0 -0.0500000007450581 0 90.000207410181
10.28 0 0 -0.0500000007450581 0 90.000207410181
10.3 0 0 -0.0500000007450581 0 90.000207410181
10.32 0 0 -0.0500000007450581 0 90.000207410181
10.34 0 0 -0.0500000007450581 0 90.000207410181
10.36 0 0 -0.0500000007450581 0 90.000207410181
10.38 0 0 -0.0500000007450581 0 90.000207410181
10.4 0 0 -0.0500000007450581 0 90.000207410181
10.42 0 0 -0.0500000007450581 0 90.000207410181
10.44 0 0 -0.0500000007450581 0 90.000207410181
10.46 0 0 -0.0500000007450581 0 90.000207410181
10.48 0 0 -0.0500000007450581 0 90.000207410181
10.5 0 0 -0.0500000007450581 0 90.000207410181
10.52 0 0 -0.0500000007450581 0 90.000207410181
10.54 0 0 -0.0500000007450581 0 90.000207410181
10.56 0 0 -0.0500000007450581 0 90.000207410181
10.58 0 0 -0.0500000007450581 0 90.000207410181
10.6 0 0 -0.0500000007450581 0 90.000207410181
10.62 0 0 -0.0500000007450581 0 90.000207410181
10.64 0 0 -0.0500000007450581 0 90.000207410181
10.66 0 0 -0.0500000007450581 0 90.000207410181
10.68 0 0 -0.0500000007450581 0 90.000207410181
10.7 0 0 -0.0500000007450581 0 90.000207410181
10.72 0 0 -0.0500000007450581 0 90.000207410181
10.74 0 0 -0.0500000007450581 0 90.000207410181
10.76 0 0 -0.0500000007450581 0 90.000207410181
10.78 0 0 -0.0500000007450581 0 90.000207410181
10.8 0 0 -0.0500000007450581 0 90.000207410181
10.82 0 0 -0.0500000007450581 0 90.000207410181
10.84 0 0 -0.0500000007450581 0 90.000207410181
10.86 0 0 -0.0500000007450581 0 90.000207410181
10.88 0 0 -0.0500000007450581 0 90.000207410181
10.9 0 0 -0.0500000007450581 0 90.000207410181
10.92 0 0 -0.0500000007450581 0 90.000207410181
10.94 0 0 -0.0500000007450581 0 90.000207410181
10.96 0 0 -0.0500000007450581 0 90.000207410181
10.98 0 0 -0.0500000007450581 0 90.000207410181
11 0 0 -0.0500000007450581 0 90.000207410181
11.02 0 0 -0.0500000007450581 0 90.000207410181
11.04 0 0 -0.0500000007450581 0 90.000207410181
11.06 0 0 -0.0500000007450581 0 90.000207410181
11.08 0 0 -0.0500000007450581 0 90.000207410181
11.1 0 0 -0.0500000007450581 0 90.000207410181
11.12 0 0 -0.0500000007450581 0 90.000207410181
11.14 0 0 -0.0500000007450581 0 90.000207410181
11.16 0 0 -0.0500000007450581 0 90.000207410181
11.18 0 0 -0.0500000007450581 0 90.000207410181
11.2 0 0 -0.0500000007450581 0 90.000207410181
11.22 0 0 -0.0500000007450581 0 90.000207410181
11.24 0 0 -0.0500000007450581 0 90.000207410181
11.26 0 0 -0.0500000007450581 0 90.000207410181
11.28 0 0 -0.0500000007450581 0 90.000207410181
11.3 0 0 -0.0500000007450581 0 90.000207410181
11.32 0 0 -0.0500000007450581 0 90.000207410181
11.34 0 0 -0.0500000007450581 0 90.000207410181
11.36 0 0 -0.0500000007450581 0 90.000207410181
11.38 0 0 -0.0500000007450581 0 90.000207410181
11.4 0 0 -0.0500000007450581 0 90.000207410181
11.42 0 0 -0.0500000007450581 0 90.000207410181
11.44 0 0 -0.0500000007450581 0 90.000207410181
11.46 0 0 -0.0500000007450581 0 90.000207410181
11.48 0 0 -0.0500000007450581 0 90.000207410181
11.5 0 0 -0.0500000007450581 0 90.000207410181
11.52 0 0 -0.0500000007450581 0 90.000207410181
11.54 0 0 -0.0500000007450581 0 90.000207410181
11.56 0 0 -0.0500000007450581 0 90.000207410181
11.58 0 0 -0.0500000007450581 0 90.000207410181
11.6 0 0 -0.0500000007450581 0 90.000207410181
11.62 0 0 -0.0500000007450581 0 90.000207410181
11.64 0 0 -0.0500000007450581 0 90.000207410181
11.66 0 0 -0.0500000007450581 0 90.000207410181
11.68 0 0 -0.0500000007450581 0 90.000207410181
11.7 0 0 -0.0500000007450581 0 90.000207410181
11.72 0 0 -0.0500000007450581 0 90.000207410181
11.74 0 0 -0.0500000007450581 0 90.000207410181
11.76 0 0 -0.0500000007450581 0 90.000207410181
11.78 0 0 -0.0500000007450581 0 90.000207410181
11.8 0 0 -0.0500000007450581 0 90.000207410181
11.82 0 0 -0.0500000007450581 0 90.000207410181
11.84 0 0 -0.0500000007450581 0 90.000207410181
11.86 0 0 -0.0500000007450581 0 90.000207410181
11.88 0 0 -0.0500000007450581 0 90.000207410181
11.9 0 0 -0.0500000007450581 0 90.000207410181
11.92 0 0 -0.0500000007450581 0 90.000207410181
11.94 0 0 -0.0500000007450581 0 90.000207410181
11.96 0 0 -0.0500000007450581 0 90.000207410181
11.98 0 0 -0.0500000007450581 0 90.000207410181
12 0 0 -0.0500000007450581 0 90.000207410181
12.02 0 0 -0.0500000007450581 0 90.000207410181
12.04 0 0 -0.0500000007450581 0 90.000207410181
12.06 0 0 -0.0500000007450581 0 90.000207410181
12.08 0 0 -0.0500000007450581 0 90.000207410181
12.1 0 0 -0.0500000007450581 0 90.000207410181
12.12 0 0 -0.0500000007450581 0 90.000207410181
12.14 0 0 -0.0500000007450581 0 90.000207410181
12.16 0 0 -0.0500000007450581 0 90.000207410181
12.18 0 0 -0.0500000007450581 0 90.000207410181
12.2 -1.34994995594025 -0.00144668994471431 -0.05000039935112 -0.0000289311992673902 88.453224204686
12.22 -2.75095009803772 0.0847520008683205 -0.0499080009758472 0.00166358996648341 85.3008118649682
12.24 -1.92088997364044 0.209373995661736 -0.0494849011301994 0.00582964019849896 83.0995033671749
12.26 -0.204427003860474 0.275238990783691 -0.0488122999668121 0.0112931998446584 82.8651664069409
12.28 -0.322479993104935 0.288993000984192 -0.0480760000646114 0.0170258991420269 82.4956121917081
12.3 -1.12365996837616 0.258493989706039 -0.047343198210001 0.0221436005085707 81.2081761746736
12.32 -0.729026019573212 0.294584006071091 -0.0464003011584282 0.0279594007879496 80.3728030580458
12.34 -0.0280297007411718 0.349393010139465 -0.0452296994626522 0.0348485000431538 80.3407148293251
12.36 -0.365702003240585 0.314505994319916 -0.0441516004502773 0.0410455018281937 79.9213070633403
12.38 -0.633346021175385 0.285842001438141 -0.0431156009435654 0.0466676987707615 79.1959478036739
12.4 -0.509683012962341 0.310840994119644 -0.0419191010296345 0.0527683012187481 78.6115294975308
12.42 -0.453092992305756 0.317537009716034 -0.0406369008123875 0.0589881986379623 78.0924282904205
12.44 -0.385143011808395 0.310476988554001 -0.0393323004245758 0.0650591999292374 77.6512527115509
12.46 -0.422315001487732 0.303553998470306 -0.0380088984966278 0.0709842965006828 77.1671015824235
12.48 -0.496661007404327 0.319054991006851 -0.0365606993436813 0.077198900282383 76.5981536547504
12.5 -0.543830990791321 0.314770013093948 -0.0350682996213436 0.0833147987723351 75.9747759495815
12.52 -0.430765986442566 0.308638006448746 -0.0335466004908085 0.0892969965934753 75.481458706588
12.54 -0.422592997550964 0.315185010433197 -0.0319405011832714 0.0953926965594292 74.9973075774607
12.56 -0.515708982944489 0.323143988847733 -0.0302352998405695 0.101626999676228 74.4060181010125
12.58 -0.525452971458435 0.314235001802444 -0.0285139996558428 0.107671000063419 73.8038413030273
12.6 -0.441940993070602 0.315937012434006 -0.0267248004674912 0.113730996847153 73.2973417949357
12.62 -0.437716007232666 0.318497002124786 -0.0248674005270004 0.11982399970293 72.7960059098566
12.64 -0.507004976272583 0.312380999326706 -0.0229892004281282 0.125782996416092 72.2150300190552
12.66 -0.556091010570526 0.311192005872726 -0.0210552997887135 0.131698995828629 71.5778963128978
12.68 -0.492758989334106 0.3247289955616 -0.0189724992960691 0.137850001454353 71.0129645364567
12.7 -0.422962009906769 0.328842997550964 -0.0168063994497061 0.144060000777245 70.5282396714391
12.72 -0.487655997276306 0.318875014781952 -0.0146513003855944 0.150061994791031 69.9696053294128
12.74 -0.531732976436615 0.313302993774414 -0.0124738002195954 0.155937999486923 69.3599767950431
12.76 -0.559162020683289 0.319633007049561 -0.0101870000362396 0.161908000707626 68.7194143339224
12.78 -0.485624998807907 0.326324999332428 -0.00778878992423415 0.167977005243301 68.163068105268
12.8 -0.482645988464355 0.318910002708435 -0.00538777001202106 0.173886001110077 67.6101642919553
12.82 -0.557015001773834 0.319691985845566 -0.0029194001108408 0.179784998297691 66.9718899442066
12.84 -0.553435981273651 0.324304014444351 -0.000349129986716434 0.185739994049072 66.3376249175007
12.86 -0.516517996788025 0.321150988340378 0.00225910008884966 0.191608995199203 65.7457617051622
12.88 -0.546648025512695 0.324104011058807 0.00495412992313504 0.197504997253418 65.1189484148408
12.9 -0.502848982810974 0.324501991271973 0.00771427992731333 0.20337800681591 64.5431224866735
12.92 -0.587561011314392 0.323363989591599 0.0105283996090293 0.209200993180275 63.8698980609418
12.94 -0.557314991950989 0.3194699883461 0.0133742997422814 0.214921995997429 63.2310499773028
12.96 -0.533742010593414 0.325221985578537 0.0163348000496626 0.220714002847672 62.6191333295612
12.98 -0.49185898900032 0.329521000385284 0.0193945001810789 0.226550996303558 62.0559159306018
13 -0.527091979980469 0.326685011386871 0.022486599162221 0.232306003570557 61.4520179249457
13.02 -0.579271972179413 0.321907013654709 0.0255961008369923 0.237944006919861 60.7879596130802
13.04 -0.601621985435486 0.325147986412048 0.028804000467062 0.243600994348526 60.0986910729882
13.06 -0.506312012672424 0.324959993362427 0.0320723988115788 0.249218001961708 59.5182820878878
13.08 -0.529700994491577 0.327324002981186 0.0354229994118214 0.254842013120651 58.9115222329695
13.1 -0.5468789935112 0.327957987785339 0.0388405993580818 0.26044100522995 58.2847021124589
13.12 -0.588092029094696 0.32728099822998 0.0423142984509468 0.265989005565643 57.610903950837
13.14 -0.574908971786499 0.324557989835739 0.04582279920578 0.271450012922287 56.9520058468894
13.16 -0.585506021976471 0.328703999519348 0.0494401007890701 0.276939004659653 56.2810729496243
13.18 -0.562556028366089 0.328254014253616 0.0531152002513409 0.282379001379013 55.6364362806637
13.2 -0.564518988132477 0.330058008432388 0.0568718984723091 0.287806987762451 54.9895114983311
13.22 -0.61686098575592 0.329088002443314 0.0606812015175819 0.293175011873245 54.2826518060317
13.24 -0.605754971504211 0.327713012695313 0.0645395964384079 0.298473000526428 53.5885133410614
13.26 -0.591602027416229 0.328772991895676 0.0684738978743553 0.303741008043289 52.9105897451808
13.28 -0.548357009887695 0.331824004650116 0.0725051015615463 0.30901300907135 52.2822260019177
13.3 -0.534919023513794 0.330181002616882 0.0765729025006294 0.314215004444122 51.6692199390035
13.32 -0.571560978889465 0.333959013223648 0.0807451978325844 0.319431006908417 51.0142696843962
13.34 -0.641866028308868 0.328031003475189 0.0849052965641022 0.324503988027573 50.2787641787177
13.36 -0.608848989009857 0.323862999677658 0.0890749022364616 0.329461008310318 49.5810740153791
13.38 -0.567242980003357 0.332886010408401 0.0934202969074249 0.334504991769791 48.9310551573525
13.4 -0.544592976570129 0.332827001810074 0.0978206992149353 0.339498996734619 48.3069876030774
13.42 -0.572068989276886 0.330011010169983 0.102238997817039 0.344402998685837 47.6514670276744
13.44 -0.602638006210327 0.327935010194778 0.106686003506184 0.349222987890244 46.9608802610725
13.46 -0.633253991603851 0.331319004297256 0.1112390011549 0.354038000106812 46.2352307183664
13.48 -0.58670699596405 0.333052009344101 0.115874998271465 0.358821004629135 45.5629215379835
13.5 -0.59765100479126 0.332839012145996 0.120563998818398 0.363546013832092 44.8780653000953
13.52 -0.614736974239349 0.329389989376068 0.12525999546051 0.368165999650955 44.1736132494783
13.54 -0.572485029697418 0.332552999258041 0.130057007074356 0.372772991657257 43.5175769947929
13.56 -0.59113997220993 0.333256006240845 0.134918004274368 0.377333998680115 42.8402271348026
13.58 -0.60436999797821 0.329681992530823 0.13977900147438 0.381787985563278 42.1476357076793
13.6 -0.602038025856018 0.324903011322021 0.144622996449471 0.38611900806427 41.457735375089
13.62 -0.623811006546021 0.330384999513626 0.149602994322777 0.3904629945755 40.742915097312
13.64 -0.594649016857147 0.332239001989365 0.154662996530533 0.394769996404648 40.0614944445763
13.66 -0.581143021583557 0.329073011875153 0.159723997116089 0.398975998163223 39.3955475854052
13.68 -0.618938982486725 0.334342986345291 0.164918005466461 0.403187990188599 38.6863383080313
13.7 -0.650893986225128 0.335115998983383 0.1701769977808 0.407343000173569 37.9404645751928
13.72 -0.618661999702454 0.330897986888886 0.175420999526978 0.411379992961884 37.231542165764
13.74 -0.620440006256104 0.330320000648499 0.180705994367599 0.415345013141632 36.5205604543005
13.76 -0.615199029445648 0.337309986352921 0.186151996254921 0.41932600736618 35.8155927244011
13.78 -0.576802015304565 0.337467014789581 0.191648006439209 0.423243999481201 35.1546284882296
13.8 -0.573014974594116 0.333380997180939 0.197120994329453 0.427051991224289 34.4979604410461
13.82 -0.647731006145477 0.336306989192963 0.202689006924629 0.430824995040894 33.7557511046972
13.84 -0.650292992591858 0.334915012121201 0.208281993865967 0.434511005878448 33.0105638058703
13.86 -0.599290013313293 0.335967987775803 0.213938996195793 0.438138008117676 32.323815605582
13.88 -0.633114993572235 0.33329701423645 0.21959400177002 0.441666007041931 31.5983368176051
13.9 -0.618246018886566 0.336403012275696 0.225345999002457 0.445156008005142 30.8898720308507
13.92 -0.631106972694397 0.332228004932404 0.231069996953011 0.448531001806259 30.1666847713404
13.94 -0.619769990444183 0.330747008323669 0.236809000372887 0.451819986104965 29.4564475504964
13.96 -0.61074298620224 0.336670994758606 0.24269300699234 0.455094993114471 28.7566366134204
13.98 -0.571421980857849 0.338719993829727 0.248649999499321 0.458319991827011 28.1018041795763
14 -0.674189984798431 0.333057999610901 0.254546999931335 0.461418002843857 27.3292278221775
14.02 -0.682363986968994 0.334701001644135 0.260515004396439 0.464450985193253 26.5473111810888
14.04 -0.627919971942902 0.337406009435654 0.266570001840591 0.467429012060165 25.8277917331628
14.06 -0.596520006656647 0.339857995510101 0.272706001996994 0.470353990793228 25.1441956651764
14.08 -0.619516015052795 0.338501006364822 0.278851985931396 0.473192006349564 24.4343016613382
14.1 -0.643621027469635 0.337900996208191 0.285023003816605 0.475948005914688 23.6967897875911
14.12 -0.635677993297577 0.334643989801407 0.291168004274368 0.478599011898041 22.9683313295888
14.14 -0.641866028308868 0.334271997213364 0.297340005636215 0.481168001890183 22.2328258239103
14.16 -0.618685007095337 0.337119996547699 0.303597003221512 0.483680009841919 21.5238470654209
14.18 -0.572300016880035 0.341482996940613 0.309965014457703 0.486149996519089 20.8680396220727
14.2 -0.652393996715546 0.335317999124527 0.316246002912521 0.488498002290726 20.1204446815633
14.22 -0.656597018241882 0.333359986543655 0.322522014379501 0.490750014781952 19.3680361652364
14.24 -0.651009023189545 0.335186988115311 0.328860014677048 0.492931991815567 18.6220446116347
14.26 -0.582158029079437 0.343737006187439 0.335388004779816 0.495088994503021 17.9549502806831
14.28 -0.665046989917755 0.33933898806572 0.341857999563217 0.497139006853104 17.1928599712076
14.3 -0.63925701379776 0.336423009634018 0.348298013210297 0.499085992574692 16.4603324280073
14.32 -0.646668970584869 0.340929001569748 0.354849994182587 0.500976026058197 15.7192688558917
14.34 -0.616607010364532 0.33882001042366 0.361384004354477 0.502771973609924 15.0126977390847
14.36 -0.628127992153168 0.337760001420975 0.367918998003006 0.504480004310608 14.2929477722742
14.38 -0.687605023384094 0.337850004434586 0.374478995800018 0.506103992462158 13.5050162958476
14.4 -0.667286992073059 0.339377999305725 0.381089001893997 0.507645010948181 12.7403467361868
14.42 -0.616445004940033 0.338185012340546 0.387695014476776 0.509095013141632 12.0339472278827
14.44 -0.644706010818481 0.339459985494614 0.394344002008438 0.510468006134033 11.2951751842337
14.46 -0.660521984100342 0.343414008617401 0.401087999343872 0.511768996715546 10.538240813808
14.48 -0.628844022750854 0.338611990213394 0.407754004001617 0.512965977191925 9.81763195070932
14.5 -0.636139988899231 0.337042987346649 0.414402991533279 0.514073014259338 9.08871501625898
14.52 -0.638795018196106 0.34027698636055 0.421130001544952 0.515105009078979 8.35670400611462
14.54 -0.625427007675171 0.340128004550934 0.427866011857986 0.51605099439621 7.63999091216381
14.56 -0.656735002994537 0.340851008892059 0.434628993272781 0.516912996768951 6.88746841705507
14.58 -0.693607985973358 0.339491993188858 0.441374987363815 0.517681002616882 6.09260387173412
14.6 -0.631452977657318 0.341221004724503 0.448164999485016 0.518361985683441 5.36903284096979
14.62 -0.605871021747589 0.340678006410599 0.454953014850616 0.518958985805511 4.67475691844247
14.64 -0.649185001850128 0.343371003866196 0.461800992488861 0.519474029541016 3.93084558432984
14.66 -0.6649090051651 0.342184007167816 0.468630999326706 0.519896984100342 3.16891493052623
14.68 -0.66534698009491 0.337485998868942 0.47537299990654 0.520226001739502 2.40648012338451
14.7 -0.612981975078583 0.343032002449036 0.482228994369507 0.52047199010849 1.70405674567272
14.72 -0.642928004264832 0.343057990074158 0.489089012145996 0.520632028579712 0.967313161485484
14.74 -0.642096996307373 0.338036000728607 0.495849013328552 0.520702004432678 0.231527084442519
14.76 -0.651632010936737 0.338757008314133 0.502623975276947 0.520685970783234 -0.515188736015497
14.78 -0.69335401058197 0.338378995656967 0.509391009807587 0.520578026771545 -1.30971278573415
14.8 -0.651401996612549 0.33932900428772 0.516174018383026 0.52037900686264 -2.05616783170409
14.82 -0.632445991039276 0.341648012399673 0.52300101518631 0.520089983940125 -2.78089657953274
14.84 -0.639210999011993 0.343367010354996 0.529857993125916 0.51971298456192 -3.51337716518254
14.86 -0.67229700088501 0.340932995080948 0.536661028862 0.519249975681305 -4.28377042336779
14.88 -0.644706010818481 0.341466009616852 0.543467998504639 0.518696010112762 -5.02254801654551
14.9 -0.671350002288818 0.341589003801346 0.5502690076828 0.518051981925964 -5.7918582628605
14.92 -0.645883023738861 0.343585014343262 0.557101011276245 0.517314016819 -6.53200530896681
14.94 -0.63858699798584 0.341726005077362 0.563885986804962 0.516493022441864 -7.26372945116603
14.96 -0.644474983215332 0.341298997402191 0.570652008056641 0.515586972236633 -8.00227268347786
14.98 -0.663107991218567 0.344128996133804 0.577461004257202 0.514582991600037 -8.76212866732107
15 -0.625703990459442 0.344366014003754 0.584261000156403 0.513491988182068 -9.47912862921703
15.02 -0.605894029140472 0.343376994132996 0.591027975082397 0.512319982051849 -10.1734387026902
15.04 -0.665901005268097 0.340885996818542 0.597729980945587 0.511071026325226 -10.9365040216697
15.06 -0.707045018672943 0.336816012859344 0.604335010051727 0.509746015071869 -11.7467232591316
15.08 -0.63851797580719 0.339504987001419 0.610974013805389 0.508320987224579 -12.4783901984966
15.1 -0.639487981796265 0.344792991876602 0.61769700050354 0.506788015365601 -13.2112037558684
15.12 -0.657450973987579 0.343984007835388 0.624383985996246 0.50517201423645 -13.9645855741521
15.14 -0.667379021644592 0.343652993440628 0.631043016910553 0.503468990325928 -14.7293695394815
15.16 -0.669272005558014 0.340710014104843 0.637621998786926 0.501691997051239 -15.4962734247745
15.18 -0.653802990913391 0.341401010751724 0.6441890001297 0.499825000762939 -16.2454734597388
15.2 -0.631730020046234 0.347203999757767 0.650843977928162 0.497839987277985 -16.9694052098687
15.22 -0.658374011516571 0.342925012111664 0.657389998435974 0.495795011520386 -17.7238183867171
15.24 -0.648100018501282 0.339841991662979 0.663851022720337 0.493683993816376 -18.4664870532876
15.26 -0.680724024772644 0.337935000658035 0.67024701833725 0.491499990224838 -19.2465697885841
15.28 -0.645052015781403 0.342362999916077 0.676697015762329 0.489201009273529 -19.9857413982996
15.3 -0.642189025878906 0.344406992197037 0.683155000209808 0.486804991960526 -20.7216481775918
15.32 -0.646045029163361 0.344523012638092 0.689584016799927 0.484326004981995 -21.4619672590878
15.34 -0.652926027774811 0.341977000236511 0.695932984352112 0.481781989336014 -22.2101359354875
15.36 -0.680885970592499 0.339217007160187 0.702196002006531 0.479175001382828 -22.9903894255133
15.38 -0.657405018806458 0.341152012348175 0.70845901966095 0.476467996835709 -23.7437148947364
15.4 -0.640411019325256 0.342754006385803 0.714716017246246 0.47366800904274 -24.4775589568992
15.42 -0.652809977531433 0.345407992601395 0.720984995365143 0.470764994621277 -25.2256132276303
15.44 -0.689774990081787 0.34367299079895 0.727181971073151 0.467792987823486 -26.0160658976342
15.46 -0.661028981208801 0.343805998563766 0.733341991901398 0.464736014604568 -26.7735150935687
15.48 -0.639949977397919 0.346484988927841 0.739507973194122 0.461575001478195 -27.5068434764492
15.5 -0.650454998016357 0.344215005636215 0.745594024658203 0.458355993032455 -28.2522630017079
15.52 -0.678623020648956 0.342505991458893 0.751605987548828 0.455071985721588 -29.0298817462614
15.54 -0.675252020359039 0.345039993524551 0.757616996765137 0.451683014631271 -29.8036602169541
15.56 -0.678785026073456 0.344624996185303 0.763574004173279 0.448215991258621 -30.5815060652975
15.58 -0.654496014118195 0.3420549929142 0.76944100856781 0.444698005914688 -31.3315086474893
15.6 -0.610004007816315 0.343968987464905 0.77529501914978 0.441085010766983 -32.0305170373378
15.62 -0.665278017520905 0.338595002889633 0.781011998653412 0.437454998493195 -32.7928378656977
15.64 -0.694577991962433 0.344078004360199 0.78677099943161 0.433688014745712 -33.5887905455308
15.66 -0.683378994464874 0.344668000936508 0.792487025260925 0.429834991693497 -34.3718512433055
15.68 -0.642674028873444 0.34638699889183 0.798179984092712 0.425886988639832 -35.1083334660353
15.7 -0.636023998260498 0.344282001256943 0.803788006305695 0.421891003847122 -35.8371351410434
15.72 -0.658581972122192 0.346094995737076 0.809372007846832 0.417802006006241 -36.5918334782896
15.74 -0.674697995185852 0.344828009605408 0.814881980419159 0.413652986288071 -37.3649835715786
15.76 -0.663707971572876 0.344042986631393 0.82032299041748 0.409440994262695 -38.1255285507543
15.78 -0.622864007949829 0.345041990280151 0.825725018978119 0.405146986246109 -38.8392628284534
15.8 -0.624433994293213 0.343342006206512 0.831045985221863 0.400806993246078 -39.55482759685
15.82 -0.669780015945435 0.3384909927845 0.836237013339996 0.396461009979248 -40.3223632746412
15.84 -0.687281012535095 0.344359993934631 0.841457009315491 0.391968995332718 -41.1098943312277
15.86 -0.668949007987976 0.344788998365402 0.846621990203857 0.38740000128746 -41.8764532919676
15.88 -0.633508026599884 0.34356901049614 0.851709008216858 0.382780998945236 -42.6023931177135
15.9 -0.685319006443024 0.340703994035721 0.856693029403687 0.37813401222229 -43.3877453439547
15.92 -0.638888001441956 0.348883986473084 0.861733019351959 0.3733089864254 -44.1198118493861
15.94 -0.667056024074554 0.345544993877411 0.86666202545166 0.36846399307251 -44.8842534514833
15.96 -0.688736021518707 0.345432013273239 0.871523976325989 0.363555997610092 -45.6734442440381
15.98 -0.690744996070862 0.344494998455048 0.876303970813751 0.358594000339508 -46.4649880367619
16 -0.625104010105133 0.348219990730286 0.881069004535675 0.35351499915123 -47.1812972957781
16.02 -0.699957013130188 0.339011996984482 0.885643005371094 0.348509013652802 -47.9833834854859
16.04 -0.672505021095276 0.343338012695313 0.890204012393951 0.343376994132996 -48.7540678804845
16.06 -0.624433994293213 0.347665995359421 0.894756019115448 0.338120013475418 -49.4695780073677
16.08 -0.617322981357574 0.347703009843826 0.899241983890533 0.332807004451752 -50.1770080204628
16.1 -0.708545982837677 0.34094101190567 0.903572022914886 0.327538996934891 -50.9889467580484
16.12 -0.664470016956329 0.342830985784531 0.907853007316589 0.322183012962341 -51.7503489259649
16.14 -0.611411988735199 0.342839002609253 0.912065029144287 0.316772013902664 -52.4509624102684
16.16 -0.666248023509979 0.342436999082565 0.916202008724213 0.31131500005722 -53.2144307104089
16.18 -0.68028599023819 0.346944987773895 0.920319020748138 0.305729001760483 -53.9939943513285
16.2 -0.674790978431702 0.345694005489349 0.924346029758453 0.300108999013901 -54.7672605578334
16.22 -0.673959016799927 0.342628985643387 0.928261995315552 0.294485002756119 -55.539550047287
16.24 -0.660776019096375 0.343578994274139 0.932111978530884 0.288794010877609 -56.2967140828236
16.26 -0.643297016620636 0.346944987773895 0.935925006866455 0.282995998859406 -57.0338793244704
16.28 -0.673497974872589 0.343421995639801 0.939624011516571 0.277209013700485 -57.8057146063441
16.3 -0.677214980125427 0.344327002763748 0.943253993988037 0.271355986595154 -58.5814943224636
16.32 -0.638979971408844 0.34510800242424 0.946814000606537 0.265442997217178 -59.3137384128134
16.34 -0.650201022624969 0.34145000576973 0.950260996818542 0.259548008441925 -60.0591579380721
16.36 -0.664655029773712 0.343988001346588 0.953655004501343 0.2535640001297 -60.8206147475021
16.38 -0.670195996761322 0.341381013393402 0.956942975521088 0.247580006718636 -61.5883826517251
16.4 -0.677954018115997 0.339803010225296 0.960135996341705 0.241580992937088 -62.3653098396251
16.42 -0.679039001464844 0.346569001674652 0.96331000328064 0.235419005155563 -63.1433844993057
16.44 -0.662669003009796 0.350306004285812 0.966432988643646 0.229148000478745 -63.903126931254
16.46 -0.654011011123657 0.34722700715065 0.969447016716003 0.222891002893448 -64.6525557775555
16.48 -0.65181702375412 0.342503994703293 0.972338974475861 0.216682001948357 -65.3991227745948
16.5 -0.664447009563446 0.346785008907318 0.975184977054596 0.210355997085571 -66.1605795840247
16.52 -0.658374011516571 0.347588002681732 0.977952003479004 0.203979000449181 -66.9151652231496
16.54 -0.647499978542328 0.347095996141434 0.980633020401001 0.197576001286507 -67.6571491632559
16.56 -0.663616001605988 0.343618005514145 0.983202993869781 0.191201999783516 -68.4174653310944
16.58 -0.664447009563446 0.346785008907318 0.985710978507996 0.184735998511314 -69.1789221405243
16.6 -0.678138017654419 0.343872994184494 0.988111972808838 0.178290992975235 -69.9558561586135
16.62 -0.676684021949768 0.342846006155014 0.990418970584869 0.171834006905556 -70.7316427049222
16.64 -0.653895020484924 0.348866999149323 0.992677986621857 0.165232002735138 -71.4810715512237
16.66 -0.639442026615143 0.349970996379852 0.994858980178833 0.158581003546715 -72.2138825472746
16.68 -0.653503000736237 0.339617013931274 0.996891021728516 0.152099996805191 -72.9627376576859
16.7 -0.700187981128693 0.343847006559372 0.998860001564026 0.145511001348495 -73.7648750738124
16.72 -0.676822006702423 0.348150014877319 1.00075995922089 0.138813003897667 -74.540661620121
16.74 -0.657105028629303 0.345138013362885 1.0025600194931 0.132147997617722 -75.2935328817643
16.76 -0.653710007667542 0.343901991844177 1.0042599439621 0.125484004616737 -76.0423879921755
16.78 -0.68529599905014 0.34612500667572 1.00587999820709 0.118753999471664 -76.8279075580514
16.8 -0.647984027862549 0.346325010061264 1.00741994380951 0.112000003457069 -77.5704652340479
16.82 -0.647522985935211 0.344036996364594 1.00885999202728 0.105270996689796 -78.312442343965
16.84 -0.650963008403778 0.344325006008148 1.01021003723145 0.0985186025500298 -79.058435605114
16.86 -0.673775017261505 0.343858987092972 1.01146996021271 0.0917577967047691 -79.8302128303798
16.88 -0.657220005989075 0.344053000211716 1.01263999938965 0.084977000951767 -80.5836509977242
16.9 -0.664632022380829 0.342362999916077 1.01371002197266 0.0782146975398064 -81.3451078071541
16.92 -0.661468029022217 0.348769009113312 1.01471996307373 0.0713118985295296 -82.1031358616207
16.94 -0.668902993202209 0.344330996274948 1.01561999320984 0.0644844025373459 -82.869749463874
16.96 -0.657935976982117 0.345039993524551 1.01643002033234 0.0576315000653267 -83.6237613671086
16.98 -0.681163012981415 0.345403999090195 1.01715004444122 0.0507610999047756 -84.4041309703503
17 -0.645605981349945 0.347182005643845 1.01777994632721 0.0438463017344475 -85.1438199668954
17.02 -0.678785026073456 0.34416401386261 1.01831996440887 0.0369840003550053 -85.921894626576
17.04 -0.699241995811462 0.345937013626099 1.01875996589661 0.0300795007497072 -86.7228914011111
17.06 -0.674721002578735 0.347559988498688 1.01910996437073 0.0231371000409126 -87.4963830038587
17.08 -0.656849980354309 0.345602005720139 1.01936995983124 0.0162298008799553 -88.2486805296116
17.1 -0.543807983398438 0.302253991365433 1.01952004432678 0.0101867001503706 -88.8720582347805
17.12 -0.475234985351563 0.231845006346703 1.01959002017975 0.00555028999224305 -89.4163696701173
17.14 -0.347115993499756 0.197841003537178 1.01961994171143 0.00159354996867478 -89.8145696987292
17.16 -0.310288995504379 0.156975999474525 1.01961994171143 -0.00154596997890621 -90.1698078374617
17.18 -0.224283993244171 0.118497997522354 1.01960003376007 -0.00391589989885688 -90.4270669125503
17.2 -0.1963230073452 0.0843679010868073 1.01959002017975 -0.00560317980125546 -90.6516640230279
17.22 -0.127911001443863 0.0575039982795715 1.0195699930191 -0.00675316993147135 -90.798342335454
17.24 -0.0875293016433716 0.0384455993771553 1.01955997943878 -0.00752199999988079 -90.8986095124698
17.26 -0.100850999355316 0.0246141999959946 1.01954996585846 -0.00801421981304884 -91.0143470679557
17.28 -0.045761801302433 0.0125462003052235 1.01954996585846 -0.00826510041952133 -91.0670556377807
17.3 -0.0419522002339363 0.00371277006343007 1.01954996585846 -0.00833933986723423 -91.1146142449715
17.32 -0.0257670003920794 0.0022803801111877 1.01954996585846 -0.00838494021445513 -91.1444075301311
17.34 0 0 1.01954996585846 -0.00838494021445513 -91.1444075301311
17.36 0 0 1.01954996585846 -0.00838494021445513 -91.1444075301311
17.38 0 0 1.01954996585846 -0.00838494021445513 -91.1444075301311
17.4 0 0 1.01954996585846 -0.00838494021445513 -91.1444075301311
17.42 0 0 1.01954996585846 -0.00838494021445513 -91.1444075301311
17.44 0 0 1.01954996585846 -0.00838494021445513 -91.1444075301311
17.46 0 0 1.01954996585846 -0.00838494021445513 -91.1444075301311
17.48 0 0 1.01954996585846 -0.00838494021445513 -91.1444075301311
17.5 0 0 1.01954996585846 -0.00838494021445513 -91.1444075301311
17.52 0 0 1.01954996585846 -0.00838494021445513 -91.1444075301311
17.54 0 0 1.01954996585846 -0.00838494021445513 -91.1444075301311
17.56 0 0 1.01954996585846 -0.00838494021445513 -91.1444075301311
17.58 0 0 1.01954996585846 -0.00838494021445513 -91.1444075301311
17.6 0 0 1.01954996585846 -0.00838494021445513 -91.1444075301311
17.62 0 0 1.01954996585846 -0.00838494021445513 -91.1444075301311
17.64 0 0 1.01954996585846 -0.00838494021445513 -91.1444075301311
17.66 0 0 1.01954996585846 -0.00838494021445513 -91.1444075301311
17.68 0 0 1.01954996585846 -0.00838494021445513 -91.1444075301311
17.7 0 0 1.01954996585846 -0.00838494021445513 -91.1444075301311
17.72 0 0 1.01954996585846 -0.00838494021445513 -91.1444075301311
17.74 0 0 1.01954996585846 -0.00838494021445513 -91.1444075301311
17.76 0 0 1.01954996585846 -0.00838494021445513 -91.1444075301311
17.78 0 0 1.01954996585846 -0.00838494021445513 -91.1444075301311
17.8 0 0 1.01954996585846 -0.00838494021445513 -91.1444075301311
17.82 0 0 1.01954996585846 -0.00838494021445513 -91.1444075301311
17.84 0 0 1.01954996585846 -0.00838494021445513 -91.1444075301311
17.86 0 0 1.01954996585846 -0.00838494021445513 -91.1444075301311
17.88 0 0 1.01954996585846 -0.00838494021445513 -91.1444075301311
17.9 0 0 1.01954996585846 -0.00838494021445513 -91.1444075301311
17.92 0 0 1.01954996585846 -0.00838494021445513 -91.1444075301311
17.94 0 0 1.01954996585846 -0.00838494021445513 -91.1444075301311
17.96 0 0 1.01954996585846 -0.00838494021445513 -91.1444075301311
17.98 0 0 1.01954996585846 -0.00838494021445513 -91.1444075301311
18 0 0 1.01954996585846 -0.00838494021445513 -91.1444075301311
18.02 0 0 1.01954996585846 -0.00838494021445513 -91.1444075301311
18.04 0 0 1.01954996585846 -0.00838494021445513 -91.1444075301311
18.06 0 0 1.01954996585846 -0.00838494021445513 -91.1444075301311
18.08 0 0 1.01954996585846 -0.00838494021445513 -91.1444075301311
18.1 0 0 1.01954996585846 -0.00838494021445513 -91.1444075301311
18.12 0 0 1.01954996585846 -0.00838494021445513 -91.1444075301311
18.14 0 0 1.01954996585846 -0.00838494021445513 -91.1444075301311
18.16 0 0 1.01954996585846 -0.00838494021445513 -91.1444075301311
18.18 0 0 1.01954996585846 -0.00838494021445513 -91.1444075301311
18.2 0 0 1.01954996585846 -0.00838494021445513 -91.1444075301311
18.22 0 0 1.01954996585846 -0.00838494021445513 -91.1444075301311
18.24 0 0 1.01954996585846 -0.00838494021445513 -91.1444075301311
18.26 0 0 1.01954996585846 -0.00838494021445513 -91.1444075301311
18.28 0 0 1.01954996585846 -0.00838494021445513 -91.1444075301311
18.3 0 0 1.01954996585846 -0.00838494021445513 -91.1444075301311
18.32 0 0 1.01954996585846 -0.00838494021445513 -91.1444075301311
18.34 0 0 1.01954996585846 -0.00838494021445513 -91.1444075301311
18.36 0 0 1.01954996585846 -0.00838494021445513 -91.1444075301311
18.38 0 0 1.01954996585846 -0.00838494021445513 -91.1444075301311
18.4 0 0 1.01954996585846 -0.00838494021445513 -91.1444075301311
18.42 0 0 1.01954996585846 -0.00838494021445513 -91.1444075301311
18.44 0 0 1.01954996585846 -0.00838494021445513 -91.1444075301311
18.46 0 0 1.01954996585846 -0.00838494021445513 -91.1444075301311
18.48 0 0 1.01954996585846 -0.00838494021445513 -91.1444075301311
18.5 0 0 1.01954996585846 -0.00838494021445513 -91.1444075301311
18.52 0 0 1.01954996585846 -0.00838494021445513 -91.1444075301311
18.54 0 0 1.01954996585846 -0.00838494021445513 -91.1444075301311
18.56 0 0 1.01954996585846 -0.00838494021445513 -91.1444075301311
18.58 0 0 1.01954996585846 -0.00838494021445513 -91.1444075301311
18.6 0 0 1.01954996585846 -0.00838494021445513 -91.1444075301311
18.62 0 0 1.01954996585846 -0.00838494021445513 -91.1444075301311
18.64 0 0 1.01954996585846 -0.00838494021445513 -91.1444075301311
18.66 0 0 1.01954996585846 -0.00838494021445513 -91.1444075301311
18.68 0 0 1.01954996585846 -0.00838494021445513 -91.1444075301311
18.7 0 0 1.01954996585846 -0.00838494021445513 -91.1444075301311
18.72 0 0 1.01954996585846 -0.00838494021445513 -91.1444075301311
18.74 0 0 1.01954996585846 -0.00838494021445513 -91.1444075301311
18.76 0 0 1.01954996585846 -0.00838494021445513 -91.1444075301311
18.78 0 0 1.01954996585846 -0.00838494021445513 -91.1444075301311
18.8 0 0 1.01954996585846 -0.00838494021445513 -91.1444075301311
18.82 0 0 1.01954996585846 -0.00838494021445513 -91.1444075301311
18.84 0 0 1.01954996585846 -0.00838494021445513 -91.1444075301311
18.86 0 0 1.01954996585846 -0.00838494021445513 -91.1444075301311
18.88 0 0 1.01954996585846 -0.00838494021445513 -91.1444075301311
18.9 0 0 1.01954996585846 -0.00838494021445513 -91.1444075301311
18.92 0 0 1.01954996585846 -0.00838494021445513 -91.1444075301311
18.94 0 0 1.01954996585846 -0.00838494021445513 -91.1444075301311
18.96 0 0 1.01954996585846 -0.00838494021445513 -91.1444075301311
18.98 0 0 1.01954996585846 -0.00838494021445513 -91.1444075301311
19 0 0 1.01954996585846 -0.00838494021445513 -91.1444075301311
19.02 0 0 1.01954996585846 -0.00838494021445513 -91.1444075301311
19.04 0 0 1.01954996585846 -0.00838494021445513 -91.1444075301311
19.06 0 0 1.01954996585846 -0.00838494021445513 -91.1444075301311
19.08 0 0 1.01954996585846 -0.00838494021445513 -91.1444075301311
19.1 0 0 1.01954996585846 -0.00838494021445513 -91.1444075301311
19.12 0 0 1.01954996585846 -0.00838494021445513 -91.1444075301311
19.14 0 0 1.01954996585846 -0.00838494021445513 -91.1444075301311
19.16 0 0 1.01954996585846 -0.00838494021445513 -91.1444075301311
19.18 0 0 1.01954996585846 -0.00838494021445513 -91.1444075301311
19.2 0 0 1.01954996585846 -0.00838494021445513 -91.1444075301311
19.22 0 0 1.01954996585846 -0.00838494021445513 -91.1444075301311
19.24 0 0 1.01954996585846 -0.00838494021445513 -91.1444075301311
19.26 0 0 1.01954996585846 -0.00838494021445513 -91.1444075301311
19.28 0 0 1.01954996585846 -0.00838494021445513 -91.1444075301311
19.3 0 0 1.01954996585846 -0.00838494021445513 -91.1444075301311
19.32 0 0 1.01954996585846 -0.00838494021445513 -91.1444075301311
19.34 0 0 1.01954996585846 -0.00838494021445513 -91.1444075301311
19.36 0 0 1.01954996585846 -0.00838494021445513 -91.1444075301311
19.38 0 0 1.01954996585846 -0.00838494021445513 -91.1444075301311
19.4 0 0 1.01954996585846 -0.00838494021445513 -91.1444075301311
19.42 0 0 1.01954996585846 -0.00838494021445513 -91.1444075301311
19.44 0 0 1.01954996585846 -0.00838494021445513 -91.1444075301311
19.46 0 0 1.01954996585846 -0.00838494021445513 -91.1444075301311
19.48 0 0 1.01954996585846 -0.00838494021445513 -91.1444075301311
19.5 0 0 1.01954996585846 -0.00838494021445513 -91.1444075301311
19.52 0 0 1.01954996585846 -0.00838494021445513 -91.1444075301311
19.54 0 0 1.01954996585846 -0.00838494021445513 -91.1444075301311
19.56 0 0 1.01954996585846 -0.00838494021445513 -91.1444075301311
19.58 0 0 1.01954996585846 -0.00838494021445513 -91.1444075301311
19.6 0 0 1.01954996585846 -0.00838494021445513 -91.1444075301311
19.62 0 0 1.01954996585846 -0.00838494021445513 -91.1444075301311
19.64 0 0 1.01954996585846 -0.00838494021445513 -91.1444075301311
19.66 0 0 1.01954996585846 -0.00838494021445513 -91.1444075301311
19.68 0 0 1.01954996585846 -0.00838494021445513 -91.1444075301311
19.7 0 0 1.01954996585846 -0.00838494021445513 -91.1444075301311
19.72 0 0 1.01954996585846 -0.00838494021445513 -91.1444075301311
19.74 0 0 1.01954996585846 -0.00838494021445513 -91.1444075301311
19.76 0 0 1.01954996585846 -0.00838494021445513 -91.1444075301311
19.78 0 0 1.01954996585846 -0.00838494021445513 -91.1444075301311
19.8 0 0 1.01954996585846 -0.00838494021445513 -91.1444075301311
19.82 0 0 1.01954996585846 -0.00838494021445513 -91.1444075301311
19.84 0 0 1.01954996585846 -0.00838494021445513 -91.1444075301311
19.86 0 0 1.01954996585846 -0.00838494021445513 -91.1444075301311
19.88 0 0 1.01954996585846 -0.00838494021445513 -91.1444075301311
19.9 0 0 1.01954996585846 -0.00838494021445513 -91.1444075301311
19.92 0 0 1.01954996585846 -0.00838494021445513 -91.1444075301311
19.94 0 0 1.01954996585846 -0.00838494021445513 -91.1444075301311
19.96 0 0 1.01954996585846 -0.00838494021445513 -91.1444075301311
19.98 0 0 1.01954996585846 -0.00838494021445513 -91.1444075301311
