0 0 0 -0.0500000007450581 0 90.000207410181
0.02 0 0 -0.0500000007450581 0 90.000207410181
0.04 0 0 -0.0500000007450581 0 90.000207410181
0.06 0 0 -0.0500000007450581 0 90.000207410181
0.08 0 0 -0.0500000007450581 0 90.000207410181
0.1 0 0 -0.0500000007450581 0 90.000207410181
0.12 0 0 -0.0500000007450581 0 90.000207410181
0.14 0 0 -0.0500000007450581 0 90.000207410181
0.16 0 0 -0.0500000007450581 0 90.000207410181
0.18 0 0 -0.0500000007450581 0 90.000207410181
0.2 0 0 -0.0500000007450581 0 90.000207410181
0.22 0 0 -0.0500000007450581 0 90.000207410181
0.24 0 0 -0.0500000007450581 0 90.000207410181
0.26 0 0 -0.0500000007450581 0 90.000207410181
0.28 0 0 -0.0500000007450581 0 90.000207410181
0.3 0 0 -0.0500000007450581 0 90.000207410181
0.32 0 0 -0.0500000007450581 0 90.000207410181
0.34 0 0 -0.0500000007450581 0 90.000207410181
0.36 0 0 -0.0500000007450581 0 90.000207410181
0.38 0 0 -0.0500000007450581 0 90.000207410181
0.4 0 0 -0.0500000007450581 0 90.000207410181
0.42 0 0 -0.0500000007450581 0 90.000207410181
0.44 0 0 -0.0500000007450581 0 90.000207410181
0.46 0 0 -0.0500000007450581 0 90.000207410181
0.48 0 0 -0.0500000007450581 0 90.000207410181
0.5 0 0 -0.0500000007450581 0 90.000207410181
0.52 0 0 -0.0500000007450581 0 90.000207410181
0.54 0 0 -0.0500000007450581 0 90.000207410181
0.56 0 0 -0.0500000007450581 0 90.000207410181
0.58 0 0 -0.0500000007450581 0 90.000207410181
0.6 0 0 -0.0500000007450581 0 90.000207410181
0.62 0 0 -0.0500000007450581 0 90.000207410181
0.64 0 0 -0.0500000007450581 0 90.000207410181
0.66 0 0 -0.0500000007450581 0 90.000207410181
0.68 0 0 -0.0500000007450581 0 90.000207410181
0.7 0 0 -0.0500000007450581 0 90.000207410181
0.72 0 0 -0.0500000007450581 0 90.000207410181
0.74 0 0 -0.0500000007450581 0 90.000207410181
0.76 0 0 -0.0500000007450581 0 90.000207410181
0.78 0 0 -0.0500000007450581 0 90.000207410181
0.8 0 0 -0.0500000007450581 0 90.000207410181
0.82 0 0 -0.0500000007450581 0 90.000207410181
0.84 0 0 -0.0500000007450581 0 90.000207410181
0.86 0 0 -0.0500000007450581 0 90.000207410181
0.88 0 0 -0.0500000007450581 0 90.000207410181
0.9 0 0 -0.0500000007450581 0 90.000207410181
0.92 0 0 -0.0500000007450581 0 90.000207410181
0.94 0 0 -0.0500000007450581 0 90.000207410181
0.96 0 0 -0.0500000007450581 0 90.000207410181
0.98 0 0 -0.0500000007450581 0 90.000207410181
1 0 0 -0.0500000007450581 0 90.000207410181
1.02 0 0 -0.0500000007450581 0 90.000207410181
1.04 0 0 -0.0500000007450581 0 90.000207410181
1.06 0 0 -0.0500000007450581 0 90.000207410181
1.08 0 0 -0.0500000007450581 0 90.000207410181
1.1 0 0 -0.0500000007450581 0 90.000207410181
1.12 0 0 -0.0500000007450581 0 90.000207410181
1.14 0 0 -0.0500000007450581 0 90.000207410181
1.16 0 0 -0.0500000007450581 0 90.000207410181
1.18 0 0 -0.0500000007450581 0 90.000207410181
1.2 0 0 -0.0500000007450581 0 90.000207410181
1.22 0 0 -0.0500000007450581 0 90.000207410181
1.24 0 0 -0.0500000007450581 0 90.000207410181
1.26 0 0 -0.0500000007450581 0 90.000207410181
1.28 0 0 -0.0500000007450581 0 90.000207410181
1.3 0 0 -0.0500000007450581 0 90.000207410181
1.32 0 0 -0.0500000007450581 0 90.000207410181
1.34 0 0 -0.0500000007450581 0 90.000207410181
1.36 0 0 -0.0500000007450581 0 90.000207410181
1.38 0 0 -0.0500000007450581 0 90.000207410181
1.4 0 0 -0.0500000007450581 0 90.000207410181
1.42 0 0 -0.0500000007450581 0 90.000207410181
1.44 0 0 -0.0500000007450581 0 90.000207410181
1.46 0 0 -0.0500000007450581 0 90.000207410181
1.48 0 0 -0.0500000007450581 0 90.000207410181
1.5 0 0 -0.0500000007450581 0 90.000207410181
1.52 0 0 -0.0500000007450581 0 90.000207410181
1.54 0 0 -0.0500000007450581 0 90.000207410181
1.56 0 0 -0.0500000007450581 0 90.000207410181
1.58 0 0 -0.0500000007450581 0 90.000207410181
1.6 0 0 -0.0500000007450581 0 90.000207410181
1.62 0 0 -0.0500000007450581 0 90.000207410181
1.64 0 0 -0.0500000007450581 0 90.000207410181
1.66 0 0 -0.0500000007450581 0 90.000207410181
1.68 0 0 -0.0500000007450581 0 90.000207410181
1.7 0 0 -0.0500000007450581 0 90.000207410181
1.72 0 0 -0.0500000007450581 0 90.000207410181
1.74 0 0 -0.0500000007450581 0 90.000207410181
1.76 0 0 -0.0500000007450581 0 90.000207410181
1.78 0 0 -0.0500000007450581 0 90.000207410181
1.8 0 0 -0.0500000007450581 0 90.000207410181
1.82 -1.15720999240875 0.00543940020725131 -0.0499987006187439 0.00010878100147238 88.6738119941208
1.84 -3.50685000419617 0.019411800429225 -0.0499761998653412 0.000496359018143266 84.6556595167253
1.86 -3.85858011245728 0.0519419983029366 -0.0498396009206772 0.00152617995627224 80.233569651815
1.88 -2.1953399181366 0.121733002364635 -0.0493739992380142 0.0039159101434052 77.7182841880654
1.9 -1.05137002468109 0.260632991790771 -0.0482117012143135 0.00899733044207096 76.5133568562047
1.92 -0.913389027118683 0.342016011476517 -0.0465557016432285 0.0156341996043921 75.4665620640082
1.94 -0.810229003429413 0.354211002588272 -0.0447224006056786 0.0224770996719599 74.5383735067491
1.96 -0.622493982315063 0.338741004467011 -0.042875699698925 0.0289952997118235 73.8250422102111
1.98 -0.037634801119566 0.36863699555397 -0.040819201618433 0.0360753983259201 73.781492924063
2 -0.0112904999405146 0.390518993139267 -0.0386369004845619 0.0435747988522053 73.7688912250444
2.02 -0.258709013462067 0.3783900141716 -0.0365028008818626 0.0508354008197784 73.4720990150397
2.04 -0.377824008464813 0.365204006433487 -0.0343984998762608 0.0578298009932041 73.039515814146
2.06 -0.182585000991821 0.377737998962402 -0.0321815013885498 0.0650518983602524 72.8303822519493
2.08 -0.208837002515793 0.374776989221573 -0.0299538001418114 0.0722087994217873 72.5908884988919
2.1 -0.219135001301765 0.365987002849579 -0.0277485009282827 0.0791883990168571 72.3399336884072
2.12 -0.329176008701324 0.364098995923996 -0.0255165994167328 0.0861198976635933 71.9623540008996
2.14 -0.339772999286652 0.376536011695862 -0.0231603998690844 0.0932725965976715 71.5733132559647
2.16 -0.28329798579216 0.369976997375488 -0.0208016000688076 0.10028599947691 71.2484489684713
2.18 -0.27895799279213 0.364538013935089 -0.0184387005865574 0.107183001935482 70.9287346436121
2.2 -0.349886000156403 0.368427991867065 -0.016006700694561 0.114138998091221 70.5282396714391
2.22 -0.424531996250153 0.368124008178711 -0.01352300029248 0.121069997549057 70.0412266930496
2.24 -0.353534013032913 0.359625995159149 -0.0110440002754331 0.127821996808052 69.6361418337543
2.26 -0.32839098572731 0.362295985221863 -0.00850030034780502 0.134606003761292 69.2602833539176
2.28 -0.375560998916626 0.365489989519119 -0.00588604994118214 0.141433000564575 68.8294213606947
2.3 -0.467200011014938 0.360853999853134 -0.00324825011193752 0.148149996995926 68.294276039224
2.32 -0.442656993865967 0.360352993011475 -0.000553185993339866 0.154835000634193 67.7872096254313
2.34 -0.48853400349617 0.357591986656189 0.0021828799508512 0.161441996693611 67.2274278116244
2.36 -0.403751999139786 0.364053994417191 0.00502829998731613 0.168145000934601 66.7644775896808
2.38 -0.45517098903656 0.357259005308151 0.00787699967622757 0.174696996808052 66.2430882691985
2.4 -0.515731990337372 0.356276988983154 0.0107811996713281 0.181204006075859 65.6517987927503
2.42 -0.572553992271423 0.350892007350922 0.0137109998613596 0.18758100271225 64.9957591229704
2.44 -0.485439985990524 0.356411010026932 0.0167552996426821 0.194027006626129 64.4394197245052
2.46 -0.482854008674622 0.358258992433548 0.0198780000209808 0.200475007295609 63.8865159111925
2.48 -0.544339001178741 0.357434988021851 0.0230593997985125 0.206876993179321 63.2625644701333
2.5 -0.535911977291107 0.353027999401093 0.0262697003781796 0.213165998458862 62.6483528788305
2.52 -0.559601008892059 0.351527988910675 0.029534799978137 0.219392001628876 62.0072098516304
2.54 -0.546347975730896 0.353240013122559 0.0328847989439964 0.225611999630928 61.3809702971992
2.56 -0.521619975566864 0.354193985462189 0.0363101996481419 0.231812998652458 60.7833765561471
2.58 -0.565119028091431 0.352542996406555 0.0397865995764732 0.237947002053261 60.1359292643431
2.6 -0.606285989284515 0.349202007055283 0.0433009006083012 0.243983000516891 59.4409301955374
2.62 -0.551935970783234 0.351998001337051 0.0469136014580727 0.250025004148483 58.8083863765023
2.64 -0.518918991088867 0.352896988391876 0.0506002008914948 0.256044000387192 58.2142282206027
2.66 -0.617738008499146 0.351900011301041 0.0543443001806736 0.262003004550934 57.5060537168881
2.68 -0.629074990749359 0.353859007358551 0.0581836998462677 0.267948001623154 56.7852160424522
2.7 -0.582135021686554 0.350089013576508 0.0620531998574734 0.273784011602402 56.1181797681086
2.72 -0.551196992397308 0.35096400976181 0.0659983977675438 0.279588997364044 55.4865511944223
2.74 -0.603838980197906 0.352353006601334 0.070026196539402 0.285371989011765 54.7945881447027
2.76 -0.618893027305603 0.350268989801407 0.0741001963615417 0.291070997714996 54.0853822824233
2.78 -0.612474024295807 0.346881002187729 0.0782039985060692 0.296663999557495 53.383566684826
2.8 -0.62092399597168 0.347804993391037 0.0823875963687897 0.302222013473511 52.6720112374722
2.82 -0.610858023166656 0.347743988037109 0.0866385996341705 0.307725995779037 51.9720261305724
2.84 -0.598182022571564 0.347205996513367 0.0909491032361984 0.313170999288559 51.2865415152805
2.86 -0.624364972114563 0.347021996974945 0.0953235998749733 0.318558990955353 50.5710894450052
2.88 -0.641126990318298 0.351803988218308 0.0998271033167839 0.323965013027191 49.8363830714596
2.9 -0.6577969789505 0.344374001026154 0.104304000735283 0.329198986291885 49.0825999795622
2.92 -0.615799009799957 0.347436994314194 0.108887001872063 0.334421992301941 48.3769458156513
2.94 -0.642235994338989 0.347799003124237 0.113540999591351 0.339592009782791 47.6410407439064
2.96 -0.623857021331787 0.349707007408142 0.118285998702049 0.344729989767075 46.9261589944268
2.98 -0.60748702287674 0.347624987363815 0.123063996434212 0.34977999329567 46.2300158689351
3 -0.635008990764618 0.349451988935471 0.127930998802185 0.35479599237442 45.5023616657076
3.02 -0.661629974842072 0.346911996603012 0.132826998829842 0.359712988138199 44.7441662716063
3.04 -0.624895989894867 0.349034994840622 0.137814998626709 0.364596009254456 44.0280824088328
3.06 -0.6249880194664 0.347478002309799 0.142841994762421 0.369394987821579 43.3118858479379
3.08 -0.654910981655121 0.34689798951149 0.147921994328499 0.374121010303497 42.5614256430717
3.1 -0.650963008403778 0.347001999616623 0.153063997626305 0.378780990839005 41.8154904385307
3.12 -0.646461009979248 0.344473987817764 0.158227995038033 0.383341014385223 41.0747154419075
3.14 -0.644567012786865 0.347894996404648 0.163503006100655 0.387879014015198 40.3360578039271
3.16 -0.665069997310638 0.34612101316452 0.168808996677399 0.392325013875961 39.5739657869044
3.18 -0.658351004123688 0.348219990730286 0.174206003546715 0.396726012229919 38.8195509025087
3.2 -0.666432023048401 0.348010987043381 0.179657995700836 0.401053011417389 38.0558572061256
3.22 -0.670565009117126 0.348663002252579 0.185177996754646 0.405315011739731 37.2874643395935
3.24 -0.638656973838806 0.343611985445023 0.190671995282173 0.409442991018295 36.5556232304047
3.26 -0.648585021495819 0.345818996429443 0.196254000067711 0.413525998592377 35.8123825354912
3.28 -0.671326994895935 0.347487986087799 0.201916992664337 0.417555004358292 35.0431290651237
3.3 -0.659274995326996 0.347766011953354 0.207637995481491 0.421510994434357 34.28762818065
3.32 -0.612774014472961 0.343118995428085 0.213330999016762 0.425341993570328 33.5854676584996
3.34 -0.64893102645874 0.34612700343132 0.219123005867004 0.429134011268616 32.8418273975196
3.36 -0.687858998775482 0.34756600856781 0.224988996982574 0.432864010334015 32.053606491827
3.38 -0.648676991462708 0.343383014202118 0.230832993984222 0.436470001935959 31.3102530987922
3.4 -0.647130012512207 0.345968008041382 0.236768007278442 0.440028011798859 30.5687301964549
3.42 -0.639303028583527 0.351433992385864 0.242842003703117 0.443563997745514 29.8361480117412
3.44 -0.635447025299072 0.347292006015778 0.248888999223709 0.446981012821198 29.1079747141368
3.46 -0.710739970207214 0.340072989463806 0.254855006933212 0.45024698972702 28.2935156367475
3.48 -0.684256970882416 0.34723100066185 0.260993003845215 0.453496992588043 27.5094218728609
3.5 -0.657519996166229 0.347986996173859 0.267185986042023 0.456670999526978 26.7559256489086
3.52 -0.656874001026154 0.344574004411697 0.273360013961792 0.459733009338379 26.0032319721838
3.54 -0.677631020545959 0.34511199593544 0.279583990573883 0.462716996669769 25.2267009352556
3.56 -0.673613011837006 0.346056014299393 0.285865008831024 0.465624988079071 24.4548127194158
3.58 -0.675252020359039 0.345665007829666 0.292176991701126 0.468443989753723 23.6810325411758
3.6 -0.659160017967224 0.345880001783371 0.298530995845795 0.471181005239487 22.9257024114314
3.62 -0.641658008098602 0.34851598739624 0.304967999458313 0.4738549888134 22.1904257170901
3.64 -0.655418992042542 0.34612500667572 0.31139400601387 0.476426988840103 21.439335427273
3.66 -0.678853988647461 0.341383010149002 0.317766010761261 0.478879004716873 20.6614315223217
3.68 -0.692084014415741 0.344662010669708 0.324232995510101 0.481267005205154 19.8683423992981
3.7 -0.644198000431061 0.347277998924255 0.330779999494553 0.483585000038147 19.1302021481473
3.72 -0.666478991508484 0.348113000392914 0.337372988462448 0.485823005437851 18.3664486876089
3.74 -0.683494985103607 0.348197013139725 0.343997001647949 0.487971991300583 17.5832155275577
3.76 -0.71383398771286 0.346529990434647 0.350618988275528 0.490018993616104 16.7652030442528
3.78 -0.646368026733398 0.344812989234924 0.357234001159668 0.491964995861053 16.0245407457509
3.8 -0.645976006984711 0.347119987010956 0.363918989896774 0.493838995695114 15.2842797208628
3.82 -0.67236602306366 0.349034994840622 0.370665013790131 0.495633006095886 14.5138224296541
3.84 -0.698940992355347 0.344406992197037 0.377346009016037 0.497312992811203 13.7128854192742
3.86 -0.664192974567413 0.343235999345779 0.384025007486343 0.49889600276947 12.9517684117555
3.88 -0.644198000431061 0.345948994159698 0.390778005123138 0.500402987003326 12.2136264530574
3.9 -0.646113991737366 0.346572995185852 0.397561997175217 0.501825988292694 11.4731929658928
3.92 -0.679431021213531 0.343502014875412 0.404303997755051 0.503147006034851 10.6946581222168
3.94 -0.715057015419006 0.346866995096207 0.411130011081696 0.504384994506836 9.87521386050713
3.96 -0.690006017684937 0.345319986343384 0.417941987514496 0.505523025989532 9.08453237916599
3.98 -0.651633024215698 0.344826012849808 0.42475900053978 0.506567001342773 8.33785353777903
4 -0.651610016822815 0.347054988145828 0.431632995605469 0.507529020309448 7.59117555016571
4.02 -0.69727897644043 0.348378986120224 0.438546001911163 0.508400976657867 6.79212836775177
4.04 -0.693307995796204 0.344734013080597 0.445396989583969 0.509168982505798 5.99766509604456
4.06 -0.694185018539429 0.345685988664627 0.452277988195419 0.50984400510788 5.20217601530138
4.08 -0.64715301990509 0.348985999822617 0.459232985973358 0.510432004928589 4.46059121437478
4.1 -0.673681974411011 0.347398012876511 0.466163992881775 0.510924994945526 3.68861079098114
4.12 -0.653872013092041 0.345223993062973 0.473055988550186 0.511325001716614 2.93932495176535
4.14 -0.676775991916656 0.347701013088226 0.480004012584686 0.511633992195129 2.16379795264518
4.16 -0.674444019794464 0.349757999181747 0.486995011568069 0.511851012706757 1.39094102388196
4.18 -0.631591022014618 0.345851004123688 0.493910998106003 0.511974990367889 0.667192141394945
4.2 -0.661445021629334 0.342588007450104 0.50076299905777 0.512009978294373 -0.0907696922532067
4.22 -0.685272991657257 0.343805998563766 0.507638990879059 0.511951982975006 -0.876035260469346
4.24 -0.686865985393524 0.344233006238937 0.514522016048431 0.511798977851868 -1.66312459591558
4.26 -0.699011027812958 0.34332200884819 0.521384000778198 0.511551976203918 -2.46413097540426
4.28 -0.675507009029388 0.349561989307404 0.528366029262543 0.51120400428772 -3.23820271734439
4.3 -0.665877997875214 0.346478998661041 0.535282015800476 0.510766983032227 -4.00124519787883
4.32 -0.63747900724411 0.345367014408112 0.542168974876404 0.510240972042084 -4.73174332112202
4.34 -0.679547011852264 0.344720989465714 0.549036026000977 0.509625017642975 -5.51044465065895
4.36 -0.716650009155273 0.345344990491867 0.555905997753143 0.508912980556488 -6.33164213655125
4.38 -0.69778698682785 0.341387003660202 0.56268697977066 0.508113026618958 -7.131261774195
4.4 -0.628359019756317 0.346231013536453 0.569553017616272 0.50721001625061 -7.85129818206385
4.42 -0.645237028598785 0.345245003700256 0.576386988162994 0.506222009658813 -8.59070031066381
4.44 -0.683540999889374 0.343497008085251 0.583172023296356 0.505150020122528 -9.37399067354934
4.46 -0.705129027366638 0.343082994222641 0.58993399143219 0.503984987735748 -10.1819755853791
4.48 -0.65906697511673 0.347036987543106 0.596756994724274 0.502713024616241 -10.9372485122892
4.5 -0.653180003166199 0.345723003149033 0.603537023067474 0.50135600566864 -11.6857032028604
4.52 -0.651125013828278 0.346610993146896 0.61031699180603 0.499908000230789 -12.431866364965
4.54 -0.670172989368439 0.344190001487732 0.617029011249542 0.498380988836288 -13.1998016088227
4.56 -0.702035009860992 0.344431012868881 0.623723983764648 0.496760994195938 -14.0042920251183
4.58 -0.727710008621216 0.342355012893677 0.630356013774872 0.495056003332138 -14.8381744529598
4.6 -0.65292501449585 0.346432000398636 0.637041985988617 0.493238002061844 -15.5863994784201
4.62 -0.621710002422333 0.350142002105713 0.64377498626709 0.491313993930817 -16.2988155296093
4.64 -0.660728991031647 0.348271012306213 0.650448024272919 0.489315003156662 -17.0559795651459
4.66 -0.736091017723084 0.340084999799728 0.656934976577759 0.487273007631302 -17.8994310880146
4.68 -0.703167021274567 0.346554011106491 0.663515985012054 0.485096007585526 -18.7052380232727
4.7 -0.646923005580902 0.348580986261368 0.67010498046875 0.482816994190216 -19.4465321142728
4.72 -0.652764022350311 0.344765990972519 0.676590979099274 0.480479001998901 -20.1945283283959
4.74 -0.657243013381958 0.344042986631393 0.683034002780914 0.478062003850937 -20.9476813353424
4.76 -0.708522975444794 0.345822989940643 0.689474999904633 0.475542992353439 -21.7596200729279
4.78 -0.710209012031555 0.345423996448517 0.695873022079468 0.472936987876892 -22.5734490653662
4.8 -0.681693971157074 0.344972997903824 0.702225983142853 0.470245003700256 -23.3546195082881
4.82 -0.635217010974884 0.347741007804871 0.708593010902405 0.467447012662888 -24.0825042304002
4.84 -0.662945985794067 0.345683991909027 0.714886009693146 0.464583992958069 -24.8421903132878
4.86 -0.706884026527405 0.344779014587402 0.721122980117798 0.461643010377884 -25.6522370884732
4.88 -0.650085985660553 0.346192985773087 0.727344989776611 0.458604991436005 -26.3971392269023
4.9 -0.674098014831543 0.345910996198654 0.733520984649658 0.455487996339798 -27.1696011786324
4.92 -0.665717005729675 0.350080996751785 0.739728987216949 0.452248990535736 -27.9324940353354
4.94 -0.627412974834442 0.34706699848175 0.745841026306152 0.448958992958069 -28.6514414549184
4.96 -0.671950995922089 0.342189997434616 0.751824021339417 0.445638000965118 -29.4214394159055
4.98 -0.699334025382996 0.344123005867004 0.757794976234436 0.442214995622635 -30.222835756507
5 -0.691344976425171 0.346554011106491 0.763759970664978 0.43868499994278 -31.0150659832425
5.02 -0.693077027797699 0.344431012868881 0.769639015197754 0.435095012187958 -31.8092428138914
5.04 -0.698503017425537 0.345941007137299 0.775493025779724 0.431407004594803 -32.6096624374417
5.06 -0.651701986789703 0.348926991224289 0.78134697675705 0.427608013153076 -33.3564582458182
5.08 -0.678923010826111 0.345082998275757 0.787086009979248 0.423774003982544 -34.1344748488908
5.1 -0.706444978713989 0.344772011041641 0.792765974998474 0.419863998889923 -34.9440093598885
5.12 -0.672388970851898 0.34807300567627 0.798444986343384 0.415838986635208 -35.7144649435499
5.14 -0.646229982376099 0.347261011600494 0.804058015346527 0.411747992038727 -36.4550111288358
5.16 -0.683979988098145 0.343266993761063 0.809552013874054 0.407631009817123 -37.2388197323247
5.18 -0.693400025367737 0.345919013023376 0.815030992031097 0.403405994176865 -38.03339612904
5.2 -0.667725026607513 0.350149005651474 0.820518016815186 0.399055004119873 -38.7985241651488
5.22 -0.632606983184814 0.346370011568069 0.825888991355896 0.394679993391037 -39.5234292172354
5.24 -0.694253981113434 0.343623995780945 0.831160008907318 0.390269994735718 -40.3189823310021
5.26 -0.701965987682343 0.345557004213333 0.836398005485535 0.385760992765427 -41.1234146906897
5.28 -0.64768397808075 0.345411986112595 0.841571986675262 0.381184011697769 -41.8655693855252
5.3 -0.667957007884979 0.345625013113022 0.846688985824585 0.376536995172501 -42.6309808744846
5.32 -0.695155024528503 0.348484992980957 0.851783990859985 0.37178099155426 -43.4276234034238
5.34 -0.676129996776581 0.346866995096207 0.856790006160736 0.366977989673615 -44.2023751760732
5.36 -0.653201997280121 0.343914002180099 0.86168897151947 0.362150013446808 -44.950888777026
5.38 -0.684580028057098 0.343923985958099 0.86652398109436 0.357257008552551 -45.7353803994318
5.4 -0.658882975578308 0.348230004310608 0.871352016925812 0.35223799943924 -46.4903690197177
5.42 -0.671257972717285 0.344199985265732 0.876057982444763 0.347213000059128 -47.2596224900852
5.44 -0.687027990818024 0.341753989458084 0.880662024021149 0.342162013053894 -48.0468666787266
5.46 -0.670010983943939 0.3420430123806 0.885200977325439 0.33704400062561 -48.8146277527604
5.48 -0.665323972702026 0.34519499540329 0.889711976051331 0.331818014383316 -49.5770646943363
5.5 -0.657682001590729 0.345041990280151 0.894151985645294 0.326534986495972 -50.3306770315044
5.52 -0.666179001331329 0.345340996980667 0.898526012897491 0.321188986301422 -51.0940838599424
5.54 -0.7014120221138 0.343252003192902 0.902800023555756 0.31581699848175 -51.8978297856185
5.56 -0.684002995491028 0.34340301156044 0.90700101852417 0.310384005308151 -52.6816349740127
5.58 -0.66423898935318 0.344074010848999 0.911135971546173 0.304883003234863 -53.4428117456867
5.6 -0.66779500246048 0.344604998826981 0.915203988552094 0.299320012331009 -54.2080524799168
5.62 -0.686749994754791 0.345804005861282 0.919210970401764 0.293682008981705 -54.995009800613
5.64 -0.681002020835876 0.344736009836197 0.923126995563507 0.288008004426956 -55.7753794038547
5.66 -0.667333006858826 0.348594009876251 0.927009999752045 0.282216995954514 -56.5401044588025
5.68 -0.65013200044632 0.3454529941082 0.930782020092011 0.276428997516632 -57.2850663613868
5.7 -0.662184000015259 0.345012009143829 0.934472024440765 0.270597994327545 -58.044060887621
5.72 -0.706353008747101 0.342999011278152 0.938062012195587 0.264752000570297 -58.8530763042417
5.74 -0.683055996894836 0.345889985561371 0.941600024700165 0.258807986974716 -59.6363145869348
5.76 -0.640734970569611 0.344473987817764 0.945043981075287 0.252840995788574 -60.3702730547663
5.78 -0.675828993320465 0.343845009803772 0.948403000831604 0.246840000152588 -61.1449121292944
5.8 -0.688274025917053 0.345333993434906 0.951695024967194 0.240768000483513 -61.9333003746217
5.82 -0.677699983119965 0.342117995023727 0.954873025417328 0.234708994626999 -62.7102275625217
5.84 -0.666131973266602 0.34722501039505 0.958015978336334 0.22851599752903 -63.4734124098116
5.86 -0.718358993530273 0.344274014234543 0.961046993732452 0.222333997488022 -64.2967507331219
5.88 -0.676452994346619 0.343802005052567 0.963986992835999 0.216117992997169 -65.07138980765
5.9 -0.640734970569611 0.347530990839005 0.966875970363617 0.209796994924545 -65.8059220113717
5.92 -0.679893016815186 0.346561998128891 0.969673991203308 0.203455001115799 -66.5851441428329
5.94 -0.681532025337219 0.346776992082596 0.972386002540588 0.197071999311447 -67.3660874819649
5.96 -0.669318974018097 0.341993987560272 0.974976003170013 0.190741002559662 -68.1327010842181
5.98 -0.632561028003693 0.344294011592865 0.977500975131989 0.184334993362427 -68.8580671740737
6 -0.662669003009796 0.342022001743317 0.979925990104675 0.177938997745514 -69.6172358701317
6.02 -0.656965970993042 0.341464012861252 0.982262015342712 0.171520993113518 -70.3701003015858
6.04 -0.681047976016998 0.345153003931046 0.9845370054245 0.165004000067711 -71.1504699048275
6.06 -0.689198017120361 0.343843013048172 0.986714005470276 0.158481001853943 -71.9400056219353
6.08 -0.675598978996277 0.340889990329742 0.988783001899719 0.151985004544258 -72.7140709605731
6.1 -0.646090984344482 0.345970004796982 0.990796983242035 0.145364999771118 -73.4549074288988
6.12 -0.70355898141861 0.346082001924515 0.992721021175385 0.138715997338295 -74.2610609962573
6.14 -0.686012029647827 0.346675008535385 0.99455600976944 0.132029995322227 -75.0471611282127
6.16 -0.692430019378662 0.343580991029739 0.996282994747162 0.125378996133804 -75.8407061663633
6.18 -0.683194994926453 0.344828009605408 0.997923970222473 0.118680000305176 -76.623363882977
6.2 -0.688643991947174 0.347761988639832 0.999486982822418 0.111902996897697 -77.4123258641946
6.22 -0.680055022239685 0.345039993524551 1.00093996524811 0.105158001184464 -78.1915479956557
6.24 -0.68086302280426 0.344727993011475 1.00231003761292 0.0983994975686073 -78.9719175988974
6.26 -0.671649992465973 0.34909799695015 1.00360000133514 0.0915376991033554 -79.7413998806021
6.28 -0.68928998708725 0.346601009368896 1.00478994846344 0.0847081020474434 -80.5315093336003
6.3 -0.667771995067596 0.342963993549347 1.00586998462677 0.0779348984360695 -81.2969822942622
6.32 -0.690675973892212 0.345032006502151 1.00687003135681 0.0711067020893097 -82.0882392190409
6.34 -0.643966972827911 0.350771993398666 1.00778996944427 0.0641518980264664 -82.8262070079151
6.36 -0.654334008693695 0.344864010810852 1.00859999656677 0.0573032014071941 -83.576209590107
6.38 -0.687027990818024 0.34696900844574 1.00933003425598 0.0504022017121315 -84.3634503636537
6.4 -0.72105997800827 0.346805989742279 1.00996005535126 0.0434948988258839 -85.1896573664154
6.42 -0.638379991054535 0.34858900308609 1.01050996780396 0.0365440994501114 -85.9213208906857
6.44 -0.633947014808655 0.347629010677338 1.01095998287201 0.0296061001718044 -86.6472607164316
6.46 -0.680562973022461 0.347840011119843 1.01131999492645 0.0226585995405912 -87.4276303196733
6.48 -0.72011399269104 0.341612994670868 1.01156997680664 0.0158312004059553 -88.2526898506544
6.5 -0.616792023181915 0.298561990261078 1.0117199420929 0.00986170023679733 -88.9591431466982
6.52 -0.520372986793518 0.230314001441002 1.01178002357483 0.00525580998510122 -89.5555962461589
6.54 -0.400611996650696 0.191545993089676 1.01179003715515 0.00142492004670203 -90.0145371470597
6.56 -0.308858007192612 0.151455000042915 1.01178002357483 -0.00160416995640844 -90.3686209838225
6.58 -0.234004005789757 0.106202997267246 1.01175999641418 -0.00372814992442727 -90.6367673804481
6.6 -0.173695996403694 0.0710126012563705 1.01174998283386 -0.00514827994629741 -90.8355805268089
6.62 -0.0519726984202862 0.0494633987545967 1.01172995567322 -0.00613743998110294 -90.8951739273173
6.64 -0.0901845023036003 0.0267270002514124 1.0117199420929 -0.00667189992964268 -90.9988766894856
6.66 -0.0572830997407436 0.0121191004291177 1.0117199420929 -0.00691425008699298 -91.0641937885184
6.68 -0.00900460034608841 0.0078464699909091 1.01171004772186 -0.00707115000113845 -91.0745073741652
6.7 0.00140841002576053 0.00544962007552385 1.01171004772186 -0.00718011986464262 -91.0727861664943
6.72 0 0 1.01171004772186 -0.00718011986464262 -91.0727861664943
6.74 0 0 1.01171004772186 -0.00718011986464262 -91.0727861664943
6.76 0 0 1.01171004772186 -0.00718011986464262 -91.0727861664943
6.78 0 0 1.01171004772186 -0.00718011986464262 -91.0727861664943
6.8 0 0 1.01171004772186 -0.00718011986464262 -91.0727861664943
6.82 0 0 1.01171004772186 -0.00718011986464262 -91.0727861664943
6.84 0 0 1.01171004772186 -0.00718011986464262 -91.0727861664943
6.86 0 0 1.01171004772186 -0.00718011986464262 -91.0727861664943
6.88 0 0 1.01171004772186 -0.00718011986464262 -91.0727861664943
6.9 0 0 1.01171004772186 -0.00718011986464262 -91.0727861664943
6.92 0 0 1.01171004772186 -0.00718011986464262 -91.0727861664943
6.94 0 0 1.01171004772186 -0.00718011986464262 -91.0727861664943
6.96 0 0 1.01171004772186 -0.00718011986464262 -91.0727861664943
6.98 0 0 1.01171004772186 -0.00718011986464262 -91.0727861664943
7 0 0 1.01171004772186 -0.00718011986464262 -91.0727861664943
7.02 0 0 1.01171004772186 -0.00718011986464262 -91.0727861664943
7.04 0 0 1.01171004772186 -0.00718011986464262 -91.0727861664943
7.06 0 0 1.01171004772186 -0.00718011986464262 -91.0727861664943
7.08 0 0 1.01171004772186 -0.00718011986464262 -91.0727861664943
7.1 0 0 1.01171004772186 -0.00718011986464262 -91.0727861664943
7.12 0 0 1.01171004772186 -0.00718011986464262 -91.0727861664943
7.14 0 0 1.01171004772186 -0.00718011986464262 -91.0727861664943
7.16 0 0 1.01171004772186 -0.00718011986464262 -91.0727861664943
7.18 0 0 1.01171004772186 -0.00718011986464262 -91.0727861664943
7.2 0 0 1.01171004772186 -0.00718011986464262 -91.0727861664943
7.22 0 0 1.01171004772186 -0.00718011986464262 -91.0727861664943
7.24 0 0 1.01171004772186 -0.00718011986464262 -91.0727861664943
7.26 0 0 1.01171004772186 -0.00718011986464262 -91.0727861664943
7.28 0 0 1.01171004772186 -0.00718011986464262 -91.0727861664943
7.3 0 0 1.01171004772186 -0.00718011986464262 -91.0727861664943
7.32 0 0 1.01171004772186 -0.00718011986464262 -91.0727861664943
7.34 0 0 1.01171004772186 -0.00718011986464262 -91.0727861664943
7.36 0 0 1.01171004772186 -0.00718011986464262 -91.0727861664943
7.38 0 0 1.01171004772186 -0.00718011986464262 -91.0727861664943
7.4 0 0 1.01171004772186 -0.00718011986464262 -91.0727861664943
7.42 0 0 1.01171004772186 -0.00718011986464262 -91.0727861664943
7.44 0 0 1.01171004772186 -0.00718011986464262 -91.0727861664943
7.46 0 0 1.01171004772186 -0.00718011986464262 -91.0727861664943
7.48 0 0 1.01171004772186 -0.00718011986464262 -91.0727861664943
7.5 0 0 1.01171004772186 -0.00718011986464262 -91.0727861664943
7.52 0 0 1.01171004772186 -0.00718011986464262 -91.0727861664943
7.54 0 0 1.01171004772186 -0.00718011986464262 -91.0727861664943
7.56 0 0 1.01171004772186 -0.00718011986464262 -91.0727861664943
7.58 0 0 1.01171004772186 -0.00718011986464262 -91.0727861664943
7.6 0 0 1.01171004772186 -0.00718011986464262 -91.0727861664943
7.62 0 0 1.01171004772186 -0.00718011986464262 -91.0727861664943
7.64 0 0 1.01171004772186 -0.00718011986464262 -91.0727861664943
7.66 0 0 1.01171004772186 -0.00718011986464262 -91.0727861664943
7.68 0 0 1.01171004772186 -0.00718011986464262 -91.0727861664943
7.7 0 0 1.01171004772186 -0.00718011986464262 -91.0727861664943
7.72 0 0 1.01171004772186 -0.00718011986464262 -91.0727861664943
7.74 0 0 1.01171004772186 -0.00718011986464262 -91.0727861664943
7.76 0 0 1.01171004772186 -0.00718011986464262 -91.0727861664943
7.78 0 0 1.01171004772186 -0.00718011986464262 -91.0727861664943
7.8 0 0 1.01171004772186 -0.00718011986464262 -91.0727861664943
7.82 0 0 1.01171004772186 -0.00718011986464262 -91.0727861664943
7.84 0 0 1.01171004772186 -0.00718011986464262 -91.0727861664943
7.86 0 0 1.01171004772186 -0.00718011986464262 -91.0727861664943
7.88 0 0 1.01171004772186 -0.00718011986464262 -91.0727861664943
7.9 0 0 1.01171004772186 -0.00718011986464262 -91.0727861664943
7.92 0 0 1.01171004772186 -0.00718011986464262 -91.0727861664943
7.94 0 0 1.01171004772186 -0.00718011986464262 -91.0727861664943
7.96 0 0 1.01171004772186 -0.00718011986464262 -91.0727861664943
7.98 0 0 1.01171004772186 -0.00718011986464262 -91.0727861664943
8 0 0 1.01171004772186 -0.00718011986464262 -91.0727861664943
8.02 0 0 1.01171004772186 -0.00718011986464262 -91.0727861664943
8.04 0 0 1.01171004772186 -0.00718011986464262 -91.0727861664943
8.06 0 0 1.01171004772186 -0.00718011986464262 -91.0727861664943
8.08 0 0 1.01171004772186 -0.00718011986464262 -91.0727861664943
8.1 0 0 1.01171004772186 -0.00718011986464262 -91.0727861664943
8.12 0 0 1.01171004772186 -0.00718011986464262 -91.0727861664943
8.14 0 0 1.01171004772186 -0.00718011986464262 -91.0727861664943
8.16 0 0 1.01171004772186 -0.00718011986464262 -91.0727861664943
8.18 0 0 1.01171004772186 -0.00718011986464262 -91.0727861664943
8.2 0 0 1.01171004772186 -0.00718011986464262 -91.0727861664943
8.22 0 0 1.01171004772186 -0.00718011986464262 -91.0727861664943
8.24 0 0 1.01171004772186 -0.00718011986464262 -91.0727861664943
8.26 0 0 1.01171004772186 -0.00718011986464262 -91.0727861664943
8.28 0 0 1.01171004772186 -0.00718011986464262 -91.0727861664943
8.3 0 0 1.01171004772186 -0.00718011986464262 -91.0727861664943
8.32 0 0 1.01171004772186 -0.00718011986464262 -91.0727861664943
8.34 0 0 1.01171004772186 -0.00718011986464262 -91.0727861664943
8.36 0 0 1.01171004772186 -0.00718011986464262 -91.0727861664943
8.38 0 0 1.01171004772186 -0.00718011986464262 -91.0727861664943
8.4 0 0 1.01171004772186 -0.00718011986464262 -91.0727861664943
8.42 0 0 1.01171004772186 -0.00718011986464262 -91.0727861664943
8.44 0 0 1.01171004772186 -0.00718011986464262 -91.0727861664943
8.46 0 0 1.01171004772186 -0.00718011986464262 -91.0727861664943
8.48 0 0 1.01171004772186 -0.00718011986464262 -91.0727861664943
8.5 0 0 1.01171004772186 -0.00718011986464262 -91.0727861664943
8.52 0 0 1.01171004772186 -0.00718011986464262 -91.0727861664943
8.54 0 0 1.01171004772186 -0.00718011986464262 -91.0727861664943
8.56 0 0 1.01171004772186 -0.00718011986464262 -91.0727861664943
8.58 0 0 1.01171004772186 -0.00718011986464262 -91.0727861664943
8.6 0 0 1.01171004772186 -0.00718011986464262 -91.0727861664943
8.62 0 0 1.01171004772186 -0.00718011986464262 -91.0727861664943
8.64 0 0 1.01171004772186 -0.00718011986464262 -91.0727861664943
8.66 0 0 1.01171004772186 -0.00718011986464262 -91.0727861664943
8.68 0 0 1.01171004772186 -0.00718011986464262 -91.0727861664943
8.7 0 0 1.01171004772186 -0.00718011986464262 -91.0727861664943
8.72 0 0 1.01171004772186 -0.00718011986464262 -91.0727861664943
8.74 0 0 1.01171004772186 -0.00718011986464262 -91.0727861664943
8.76 0 0 1.01171004772186 -0.00718011986464262 -91.0727861664943
8.78 0 0 1.01171004772186 -0.00718011986464262 -91.0727861664943
8.8 0 0 1.01171004772186 -0.00718011986464262 -91.0727861664943
8.82 0 0 1.01171004772186 -0.00718011986464262 -91.0727861664943
8.84 0 0 1.01171004772186 -0.00718011986464262 -91.0727861664943
8.86 0 0 1.01171004772186 -0.00718011986464262 -91.0727861664943
8.88 0 0 1.01171004772186 -0.00718011986464262 -91.0727861664943
8.9 0 0 1.01171004772186 -0.00718011986464262 -91.0727861664943
8.92 0 0 1.01171004772186 -0.00718011986464262 -91.0727861664943
8.94 0 0 1.01171004772186 -0.00718011986464262 -91.0727861664943
8.96 0 0 1.01171004772186 -0.00718011986464262 -91.0727861664943
8.98 0 0 1.01171004772186 -0.00718011986464262 -91.0727861664943
9 0 0 1.01171004772186 -0.00718011986464262 -91.0727861664943
