0 0 0 -0.0500000007450581 0 -85.0000103339208
0.02 0 0 -0.0500000007450581 0 -85.0000103339208
0.04 0 0 -0.0500000007450581 0 -85.0000103339208
0.06 0 0 -0.0500000007450581 0 -85.0000103339208
0.08 0 0 -0.0500000007450581 0 -85.0000103339208
0.1 0 0 -0.0500000007450581 0 -85.0000103339208
0.12 0 0 -0.0500000007450581 0 -85.0000103339208
0.14 0 0 -0.0500000007450581 0 -85.0000103339208
0.16 0 0 -0.0500000007450581 0 -85.0000103339208
0.18 0 0 -0.0500000007450581 0 -85.0000103339208
0.2 0 0 -0.0500000007450581 0 -85.0000103339208
0.22 0 0 -0.0500000007450581 0 -85.0000103339208
0.24 0 0 -0.0500000007450581 0 -85.0000103339208
0.26 0 0 -0.0500000007450581 0 -85.0000103339208
0.28 0 0 -0.0500000007450581 0 -85.0000103339208
0.3 0 0 -0.0500000007450581 0 -85.0000103339208
0.32 0 0 -0.0500000007450581 0 -85.0000103339208
0.34 0 0 -0.0500000007450581 0 -85.0000103339208
0.36 0 0 -0.0500000007450581 0 -85.0000103339208
0.38 0 0 -0.0500000007450581 0 -85.0000103339208
0.4 0 0 -0.0500000007450581 0 -85.0000103339208
0.42 0 0 -0.0500000007450581 0 -85.0000103339208
0.44 0 0 -0.0500000007450581 0 -85.0000103339208
0.46 0 0 -0.0500000007450581 0 -85.0000103339208
0.48 0 0 -0.0500000007450581 0 -85.0000103339208
0.5 0 0 -0.0500000007450581 0 -85.0000103339208
0.52 0 0 -0.0500000007450581 0 -85.0000103339208
0.54 0 0 -0.0500000007450581 0 -85.0000103339208
0.56 0 0 -0.0500000007450581 0 -85.0000103339208
0.58 0 0 -0.0500000007450581 0 -85.0000103339208
0.6 0 0 -0.0500000007450581 0 -85.0000103339208
0.62 0 0 -0.0500000007450581 0 -85.0000103339208
0.64 0 0 -0.0500000007450581 0 -85.0000103339208
0.66 0 0 -0.0500000007450581 0 -85.0000103339208
0.68 0 0 -0.0500000007450581 0 -85.0000103339208
0.7 0 0 -0.0500000007450581 0 -85.0000103339208
0.72 0 0 -0.0500000007450581 0 -85.0000103339208
0.74 0 0 -0.0500000007450581 0 -85.0000103339208
0.76 0 0 -0.0500000007450581 0 -85.0000103339208
0.78 0 0 -0.0500000007450581 0 -85.0000103339208
0.8 0 0 -0.0500000007450581 0 -85.0000103339208
0.82 0 0 -0.0500000007450581 0 -85.0000103339208
0.84 0 0 -0.0500000007450581 0 -85.0000103339208
0.86 0 0 -0.0500000007450581 0 -85.0000103339208
0.88 0 0 -0.0500000007450581 0 -85.0000103339208
0.9 0 0 -0.0500000007450581 0 -85.0000103339208
0.92 0 0 -0.0500000007450581 0 -85.0000103339208
0.94 0 0 -0.0500000007450581 0 -85.0000103339208
0.96 0 0 -0.0500000007450581 0 -85.0000103339208
0.98 0 0 -0.0500000007450581 0 -85.0000103339208
1 0 0 -0.0500000007450581 0 -85.0000103339208
1.02 0 0 -0.0500000007450581 0 -85.0000103339208
1.04 0 0 -0.0500000007450581 0 -85.0000103339208
1.06 0 0 -0.0500000007450581 0 -85.0000103339208
1.08 0 0 -0.0500000007450581 0 -85.0000103339208
1.1 0 0 -0.0500000007450581 0 -85.0000103339208
1.12 0 0 -0.0500000007450581 0 -85.0000103339208
1.14 0 0 -0.0500000007450581 0 -85.0000103339208
1.16 0 0 -0.0500000007450581 0 -85.0000103339208
1.18 0 0 -0.0500000007450581 0 -85.0000103339208
1.2 0 0 -0.0500000007450581 0 -85.0000103339208
1.22 0 0 -0.0500000007450581 0 -85.0000103339208
1.24 0 0 -0.0500000007450581 0 -85.0000103339208
1.26 0 0 -0.0500000007450581 0 -85.0000103339208
1.28 0 0 -0.0500000007450581 0 -85.0000103339208
1.3 0 0 -0.0500000007450581 0 -85.0000103339208
1.32 0 0 -0.0500000007450581 0 -85.0000103339208
1.34 0 0 -0.0500000007450581 0 -85.0000103339208
1.36 0 0 -0.0500000007450581 0 -85.0000103339208
1.38 0 0 -0.0500000007450581 0 -85.0000103339208
1.4 0 0 -0.0500000007450581 0 -85.0000103339208
1.42 0 0 -0.0500000007450581 0 -85.0000103339208
1.44 0 0 -0.0500000007450581 0 -85.0000103339208
1.46 0 0 -0.0500000007450581 0 -85.0000103339208
1.48 0 0 -0.0500000007450581 0 -85.0000103339208
1.5 0 0 -0.0500000007450581 0 -85.0000103339208
1.52 0 0 -0.0500000007450581 0 -85.0000103339208
1.54 0 0 -0.0500000007450581 0 -85.0000103339208
1.56 0 0 -0.0500000007450581 0 -85.0000103339208
1.58 0 0 -0.0500000007450581 0 -85.0000103339208
1.6 0 0 -0.0500000007450581 0 -85.0000103339208
1.62 0 0 -0.0500000007450581 0 -85.0000103339208
1.64 0 0 -0.0500000007450581 0 -85.0000103339208
1.66 0 0 -0.0500000007450581 0 -85.0000103339208
1.68 0 0 -0.0500000007450581 0 -85.0000103339208
1.7 0 0 -0.0500000007450581 0 -85.0000103339208
1.72 0 0 -0.0500000007450581 0 -85.0000103339208
1.74 0 0 -0.0500000007450581 0 -85.0000103339208
1.76 0 0 -0.0500000007450581 0 -85.0000103339208
1.78 0 0 -0.0500000007450581 0 -85.0000103339208
1.8 0 0 -0.0500000007450581 0 -85.0000103339208
1.82 0 0 -0.0500000007450581 0 -85.0000103339208
1.84 0 0 -0.0500000007450581 0 -85.0000103339208
1.86 0 0 -0.0500000007450581 0 -85.0000103339208
1.88 0 0 -0.0500000007450581 0 -85.0000103339208
1.9 0 0 -0.0500000007450581 0 -85.0000103339208
1.92 0 0 -0.0500000007450581 0 -85.0000103339208
1.94 0 0 -0.0500000007450581 0 -85.0000103339208
1.96 0 0 -0.0500000007450581 0 -85.0000103339208
1.98 0 0 -0.0500000007450581 0 -85.0000103339208
2 0 0 -0.0500000007450581 0 -85.0000103339208
2.02 0 0 -0.0500000007450581 0 -85.0000103339208
2.04 0 0 -0.0500000007450581 0 -85.0000103339208
2.06 0 0 -0.0500000007450581 0 -85.0000103339208
2.08 0 0 -0.0500000007450581 0 -85.0000103339208
2.1 0 0 -0.0500000007450581 0 -85.0000103339208
2.12 0 0 -0.0500000007450581 0 -85.0000103339208
2.14 0 0 -0.0500000007450581 0 -85.0000103339208
2.16 0 0 -0.0500000007450581 0 -85.0000103339208
2.18 0 0 -0.0500000007450581 0 -85.0000103339208
2.2 0 0 -0.0500000007450581 0 -85.0000103339208
2.22 0 0 -0.0500000007450581 0 -85.0000103339208
2.24 0 0 -0.0500000007450581 0 -85.0000103339208
2.26 0 0 -0.0500000007450581 0 -85.0000103339208
2.28 0 0 -0.0500000007450581 0 -85.0000103339208
2.3 0 0 -0.0500000007450581 0 -85.0000103339208
2.32 0 0 -0.0500000007450581 0 -85.0000103339208
2.34 0 0 -0.0500000007450581 0 -85.0000103339208
2.36 0 0 -0.0500000007450581 0 -85.0000103339208
2.38 0 0 -0.0500000007450581 0 -85.0000103339208
2.4 0 0 -0.0500000007450581 0 -85.0000103339208
2.42 0 0 -0.0500000007450581 0 -85.0000103339208
2.44 0 0 -0.0500000007450581 0 -85.0000103339208
2.46 0 0 -0.0500000007450581 0 -85.0000103339208
2.48 0 0 -0.0500000007450581 0 -85.0000103339208
2.5 0 0 -0.0500000007450581 0 -85.0000103339208
2.52 0 0 -0.0500000007450581 0 -85.0000103339208
2.54 0 0 -0.0500000007450581 0 -85.0000103339208
2.56 0 0 -0.0500000007450581 0 -85.0000103339208
2.58 0 0 -0.0500000007450581 0 -85.0000103339208
2.6 0 0 -0.0500000007450581 0 -85.0000103339208
2.62 0 0 -0.0500000007450581 0 -85.0000103339208
2.64 0 0 -0.0500000007450581 0 -85.0000103339208
2.66 0 0 -0.0500000007450581 0 -85.0000103339208
2.68 0 0 -0.0500000007450581 0 -85.0000103339208
2.7 0 0 -0.0500000007450581 0 -85.0000103339208
2.72 0 0 -0.0500000007450581 0 -85.0000103339208
2.74 0 0 -0.0500000007450581 0 -85.0000103339208
2.76 0 0 -0.0500000007450581 0 -85.0000103339208
2.78 0 0 -0.0500000007450581 0 -85.0000103339208
2.8 0 0 -0.0500000007450581 0 -85.0000103339208
2.82 0 0 -0.0500000007450581 0 -85.0000103339208
2.84 0 0 -0.0500000007450581 0 -85.0000103339208
2.86 0 0 -0.0500000007450581 0 -85.0000103339208
2.88 0 0 -0.0500000007450581 0 -85.0000103339208
2.9 0 0 -0.0500000007450581 0 -85.0000103339208
2.92 0 0 -0.0500000007450581 0 -85.0000103339208
2.94 0 0 -0.0500000007450581 0 -85.0000103339208
2.96 0 0 -0.0500000007450581 0 -85.0000103339208
2.98 0 0 -0.0500000007450581 0 -85.0000103339208
3 0 0 -0.0500000007450581 0 -85.0000103339208
3.02 0 0 -0.0500000007450581 0 -85.0000103339208
3.04 0 0 -0.0500000007450581 0 -85.0000103339208
3.06 0 0 -0.0500000007450581 0 -85.0000103339208
3.08 0.110664002597332 0.0650990977883339 -0.0498851016163826 -0.0012968999799341 -84.8733854568979
3.1 0.181823998689651 0.15488800406456 -0.0496026985347271 -0.0043817600235343 -84.6648256305914
3.12 -0.0625472962856293 0.192195996642113 -0.0492476001381874 -0.0082092396914959 -84.7364469942282
3.14 -0.130981996655464 0.24346299469471 -0.0488073006272316 -0.0130586000159383 -84.8865608918068
3.16 -0.118260003626347 0.281924992799759 -0.0483114011585712 -0.0186752006411552 -85.0223518826959
3.18 -0.101406000554562 0.328337997198105 -0.0477482005953789 -0.0252177994698286 -85.1380894381818
3.2 -0.0587607994675636 0.355675995349884 -0.0471495017409325 -0.0323060005903244 -85.2057014807757
3.22 -0.0277295000851154 0.368838995695114 -0.04653500020504 -0.0396572016179562 -85.237209143417
3.24 0.0356950983405113 0.396376997232437 -0.0458739995956421 -0.0475571006536484 -85.1965353669096
3.26 0.130913004279137 0.410369992256165 -0.0451759994029999 -0.0557347983121872 -85.0464146391418
3.28 0.24049200117588 0.415062010288239 -0.0444393008947372 -0.0640033036470413 -84.7708233363209
3.3 0.349400997161865 0.430467009544373 -0.0436247996985912 -0.0725739970803261 -84.3703283641479
3.32 0.413287997245789 0.43349701166153 -0.042738601565361 -0.0811984986066818 -83.8970645565576
3.34 0.552097022533417 0.43086901307106 -0.0417752005159855 -0.0897618979215622 -83.2645207375225
3.36 0.633162021636963 0.434864014387131 -0.0407003983855248 -0.0983925014734268 -82.5385809117766
3.38 0.706836998462677 0.439254999160767 -0.0394980013370514 -0.107095003128052 -81.7289917592656
3.4 0.787693977355957 0.433917999267578 -0.0381820015609264 -0.115672998130322 -80.826013430233
3.42 0.894963979721069 0.433705002069473 -0.0367224998772144 -0.124223001301289 -79.800412715031
3.44 0.939617991447449 0.429430991411209 -0.0351223014295101 -0.132661998271942 -78.7238314678641
3.46 0.96169102191925 0.427186995744705 -0.0333711989223957 -0.141023993492126 -77.6220331622815
3.48 0.963006973266602 0.425610989332199 -0.0314664989709854 -0.149320006370544 -76.5185136490281
3.5 1.02572000026703 0.420363992452621 -0.0294227004051209 -0.157474994659424 -75.3428058664367
3.52 1.0621999502182 0.417266011238098 -0.027225399389863 -0.165526002645493 -74.1258437412585
3.54 1.05544996261597 0.418092012405396 -0.0248534996062517 -0.173545002937317 -72.9163265222756
3.56 1.07360005378723 0.41347000002861 -0.0223393999040127 -0.181422993540764 -71.6861889621884
3.58 1.02455997467041 0.410135000944138 -0.0196822993457317 -0.189182996749878 -70.5121955570788
3.6 0.968155980110168 0.411101996898651 -0.016864400357008 -0.196906998753548 -69.4023786094105
3.62 0.950608015060425 0.411347001791 -0.0138971004635096 -0.204579994082451 -68.3131820028466
3.64 0.864948987960815 0.405429005622864 -0.010835699737072 -0.212089002132416 -67.3219712901157
3.66 0.819395005702972 0.405283987522125 -0.00764934020116925 -0.219541996717453 -66.3828885811304
3.68 0.777858972549438 0.40846198797226 -0.00431845989078283 -0.227000996470451 -65.4919382152261
3.7 0.730018973350525 0.405449986457825 -0.000900876999367028 -0.234355002641678 -64.6554244570069
3.72 0.667356014251709 0.403353005647659 0.00260092993266881 -0.241622000932693 -63.8905252322353
3.74 0.679431021213531 0.406024008989334 0.00622412003576756 -0.248889997601509 -63.1118768366644
3.76 0.641704022884369 0.407058000564575 0.0099524799734354 -0.256126999855042 -62.3767708970524
3.78 0.64893102645874 0.405041009187698 0.0137550001963973 -0.263280004262924 -61.6330725794645
3.8 0.659551978111267 0.404951006174088 0.0176499001681805 -0.27038100361824 -60.877339468559
3.82 0.642742991447449 0.405093997716904 0.0216384008526802 -0.277433007955551 -60.1405123212762
3.84 0.657819986343384 0.402741998434067 0.0256945006549358 -0.28439199924469 -59.3865004180416
3.86 0.643898010253906 0.402204990386963 0.0298353992402554 -0.291287988424301 -58.6491063650576
3.88 0.637755990028381 0.401746988296509 0.0340594984591007 -0.298123002052307 -57.9180097464884
3.9 0.6577969789505 0.399078994989395 0.0383431985974312 -0.30485799908638 -57.1643427678068
3.92 0.651009023189545 0.397881001234055 0.0427015013992786 -0.311515986919403 -56.4183529217524
3.94 0.706005990505219 0.398755997419357 0.0471595004200935 -0.318129003047943 -55.609334090037
3.96 0.70252001285553 0.398218005895615 0.0517041012644768 -0.324669003486633 -54.8042733529457
3.98 0.715333998203278 0.400566011667252 0.0563682988286018 -0.331182986497879 -53.9845994261252
4 0.727986991405487 0.402155995368958 0.0611448995769024 -0.337653994560242 -53.1503737812779
4.02 0.752252995967865 0.40395200252533 0.0660386011004448 -0.344081997871399 -52.2883560966978
4.04 0.747174024581909 0.401618003845215 0.0709991976618767 -0.350400000810623 -51.4321304125339
4.06 0.739785015583038 0.401544988155365 0.0812191963195801 -0.362841010093689 -49.7525049333573
4.08 0.716350018978119 0.397484987974167 0.0863986983895302 -0.368871003389359 -48.9316254781482
4.1 0.74862802028656 0.401877999305725 0.0917242988944054 -0.374891012907028 -48.0737366429214
4.12 0.749598026275635 0.400537997484207 0.0971214026212692 -0.380811005830765 -47.2148164491299
4.14 0.755832016468048 0.398339003324509 0.108107000589371 -0.392331004142761 -45.4993222315269
4.16 0.770377993583679 0.399769008159637 0.113755002617836 -0.397991001605988 -44.6165100360187
4.18 0.761372983455658 0.396331995725632 0.119438998401165 -0.403515011072159 -43.7440660676706
4.2 0.740361988544464 0.404092997312546 0.125319004058838 -0.409060001373291 -42.8956302142551
4.22 0.727340996265411 0.401268988847733 0.131237998604774 -0.414478987455368 -42.0622071166353
4.24 0.736114025115967 0.399753004312515 0.137213006615639 -0.419791996479034 -41.2186411880981
4.26 0.715149998664856 0.402924001216888 0.143313005566597 -0.425058007240295 -40.3991380160068
4.28 0.70930802822113 0.401311993598938 0.149461999535561 -0.430216997861862 -39.5863420896804
4.3 0.697094023227692 0.400328993797302 0.155668005347252 -0.435274988412857 -38.7875241454905
4.32 0.687234997749329 0.401683986186981 0.161963999271393 -0.440264999866486 -38.000051145512
4.34 0.687928020954132 0.402137994766235 0.168336004018784 -0.445172995328903 -37.211717541698
4.36 0.660890996456146 0.399024993181229 0.174722999334335 -0.449957013130188 -36.4543827514322
4.38 0.690468013286591 0.400727987289429 0.181201994419098 -0.454674988985062 -35.6631838832614
4.4 0.706676006317139 0.400101989507675 0.187736004590988 -0.459293991327286 -34.8533659194132
4.42 0.707045018672943 0.400891005992889 0.194348007440567 -0.463829010725021 -34.0431483894985
4.44 0.736899018287659 0.402458012104034 0.201050996780396 -0.468286007642746 -33.1987218571258
4.46 0.722168982028961 0.400231003761292 0.207780003547668 -0.472620010375977 -32.3712000429489
4.48 0.744540989398956 0.398602992296219 0.214544996619225 -0.476837992668152 -31.5180069627765
4.5 0.728056013584137 0.399529993534088 0.22138699889183 -0.480966001749039 -30.6837232613213
4.52 0.750151991844177 0.396344989538193 0.228233993053436 -0.484959989786148 -29.8241132184237
4.54 0.71212500333786 0.39640399813652 0.23513999581337 -0.488853991031647 -29.0081071031874
4.56 0.70607602596283 0.392136991024017 0.242026001214981 -0.49260801076889 -28.1989772808981
4.58 0.720921993255615 0.392352014780045 0.248968005180359 -0.496266007423401 -27.3728863913523
4.6 0.692869007587433 0.395381987094879 0.256015986204147 -0.499852985143662 -26.5788820229799
4.62 0.710093021392822 0.393584012985229 0.26308000087738 -0.50332498550415 -25.7651674362102
4.64 0.711709022521973 0.396804004907608 0.270251989364624 -0.506723999977112 -24.9496189436483
4.66 0.713509976863861 0.397846013307571 0.277489989995956 -0.510029017925262 -24.1320077339571
4.68 0.720691025257111 0.398065000772476 0.284779012203217 -0.513230979442596 -23.3061473632958
4.7 0.748236000537872 0.398799002170563 0.292127013206482 -0.516331970691681 -22.4487161507434
4.72 0.720691025257111 0.400815010070801 0.299558013677597 -0.519339978694916 -21.6229121291428
4.74 0.728910028934479 0.400256007909775 0.307020992040634 -0.522234976291656 -20.7875970691229
4.76 0.743686974048615 0.395352005958557 0.314433991909027 -0.524986028671265 -19.9354370550624
4.78 0.71101701259613 0.396771997213364 0.321913003921509 -0.527638971805573 -19.1206330531201
4.8 0.714618980884552 0.39580699801445 0.329411000013351 -0.530178010463715 -18.301761673527
4.82 0.724592983722687 0.393813014030457 0.336905986070633 -0.532597005367279 -17.471430944054
4.84 0.701550006866455 0.39793598651886 0.344514012336731 -0.534933984279633 -16.6675142636486
4.86 0.690882980823517 0.393918991088867 0.352077007293701 -0.537141025066376 -15.8758014237428
4.88 0.695917010307312 0.39630201458931 0.35971599817276 -0.539255976676941 -15.0783580551234
4.9 0.709701001644135 0.401109993457794 0.367475986480713 -0.541288018226624 -14.2651019448017
4.92 0.687882006168365 0.3994480073452 0.375232011079788 -0.543202996253967 -13.4768263975957
4.94 0.682986974716187 0.403037011623383 0.383083999156952 -0.5450279712677 -12.6942233224954
4.96 0.695685982704163 0.403082013130188 0.390960991382599 -0.546745002269745 -11.8970104727604
4.98 0.690168023109436 0.403912991285324 0.398876994848251 -0.548355996608734 -11.1061565291427
5 0.683863997459412 0.401470988988876 0.406765997409821 -0.549848973751068 -10.3224648926435
5.02 0.68035501241684 0.403118014335632 0.414707988500595 -0.551239013671875 -9.54284148756857
5.04 0.709192991256714 0.401199996471405 0.42263001203537 -0.552513003349304 -8.73015825936352
5.06 0.707737982273102 0.399280995130539 0.430530995130539 -0.553669989109039 -7.91919367750838
5.08 0.734636008739471 0.401996999979019 0.438502013683319 -0.554718971252441 -7.07734639532102
5.1 0.748073995113373 0.403589993715286 0.446520000696182 -0.555652976036072 -6.22008721815834
5.12 0.77183198928833 0.406877994537354 0.454616010189056 -0.55647200345993 -5.33565797536416
5.14 0.755994021892548 0.405865013599396 0.462704002857208 -0.55716598033905 -4.46935733528767
5.16 0.768323004245758 0.401401996612549 0.470712006092072 -0.55773001909256 -3.58892161872384
5.18 0.734243988990784 0.402693003416061 0.478753000497818 -0.558175027370453 -2.74753878940003
5.2 0.768669009208679 0.402604997158051 0.486799001693726 -0.558498978614807 -1.8667079890814
5.22 0.739530980587006 0.402135014533997 0.494839012622833 -0.558701992034912 -1.01926902311961
5.24 0.732581973075867 0.404778003692627 0.502933979034424 -0.558786988258362 -0.179793577482387
5.26 0.714365005493164 0.40666800737381 0.511067986488342 -0.558754026889801 0.63880784955592
5.28 0.717135012149811 0.39919701218605 0.519050002098084 -0.558607995510101 1.46058398053696
5.3 0.691437005996704 0.40166300535202 0.527078986167908 -0.558348000049591 2.25291591305801
5.32 0.685388028621674 0.40337198972702 0.535138010978699 -0.557974994182587 3.03830933387768
5.34 0.725908994674683 0.399491012096405 0.543112993240356 -0.557493984699249 3.87014099742086
5.36 0.6910679936409 0.403858006000519 0.551168024539948 -0.556892991065979 4.66204892460484
5.38 0.703767001628876 0.401953995227814 0.559176027774811 -0.556182980537415 5.46850387406048
5.4 0.762319982051849 0.398589998483658 0.567104995250702 -0.55536299943924 6.34206970097975
5.42 0.735906004905701 0.401385992765427 0.575076997280121 -0.55441802740097 7.18534876157188
5.44 0.746966004371643 0.398963987827301 0.582985997200012 -0.553359985351563 8.04129099288521
5.46 0.736321985721588 0.399345993995667 0.590885996818542 -0.552184998989105 8.88508573275968
5.48 0.681994020938873 0.397395014762878 0.598730027675629 -0.550903975963593 9.66660024646101
5.5 0.698109984397888 0.398326992988586 0.60657399892807 -0.549511015415192 10.4665639548842
5.52 0.692360997200012 0.398312002420425 0.614398002624512 -0.548009991645813 11.2599382383056
5.54 0.706167995929718 0.400352001190186 0.622238993644714 -0.546391010284424 12.0691269709766
5.56 0.68264102935791 0.401257008314133 0.630074977874756 -0.544659972190857 12.8513859752974
5.58 0.684464991092682 0.399533987045288 0.637853026390076 -0.542828977108002 13.6357076967476
5.6 0.695086002349854 0.406832993030548 0.645747005939484 -0.540856003761292 14.432234112471
5.62 0.712264001369476 0.402263998985291 0.653523981571198 -0.538794994354248 15.2484126899838
5.64 0.717019975185394 0.406764000654221 0.661356985569 -0.53659999370575 16.0700912773258
5.66 0.664862990379334 0.404460996389389 0.669116020202637 -0.534309029579163 16.831952775464
5.68 0.722883999347687 0.397392988204956 0.67670601606369 -0.531952023506165 17.6603351934764
5.7 0.695455014705658 0.398292005062103 0.684279978275299 -0.529483020305634 18.4572628828135
5.72 0.686751008033752 0.398588001728058 0.691824018955231 -0.526907026767731 19.2442202035097
5.74 0.730710983276367 0.394694000482559 0.699257016181946 -0.524250984191895 20.0815399240509
5.76 0.703374981880188 0.396827012300491 0.706691980361938 -0.521474003791809 20.8875773781936
5.78 0.722145020961761 0.397507011890411 0.714098989963531 -0.518585979938507 21.7151008999178
5.8 0.718035995960236 0.395256012678146 0.721422016620636 -0.515608012676239 22.537867194885
5.82 0.712355971336365 0.398667991161346 0.728763997554779 -0.512499988079071 23.3541601780664
5.84 0.765066981315613 0.401513993740082 0.736111998558044 -0.50925999879837 24.2309003354025
5.86 0.719120979309082 0.404677003622055 0.750640988349915 -0.502461016178131 25.9038800405168
5.88 0.697924971580505 0.403618991374969 0.757878005504608 -0.498883992433548 26.7036712866634
5.9 0.711224019527435 0.395105987787247 0.764912009239197 -0.495283007621765 27.5186477508823
5.92 0.7015740275383 0.403569996356964 0.772042989730835 -0.491503000259399 28.3226207803483
5.94 0.717711985111237 0.40124699473381 0.779079973697662 -0.487646013498306 29.145045565857
5.96 0.715587973594666 0.398153007030487 0.786006987094879 -0.483718007802963 29.9650610021361
5.98 0.703490018844604 0.403771996498108 0.79297399520874 -0.479635000228882 30.7711565128867
6 0.727617979049683 0.400440007448196 0.79982602596283 -0.475488007068634 31.6049825916675
6.02 0.728125989437103 0.399753004312515 0.806604027748108 -0.471248000860214 32.4393243497307
6.04 0.738308012485504 0.402354001998901 0.813364028930664 -0.466881990432739 33.2853525614637
6.06 0.728218019008636 0.396331995725632 0.819957971572876 -0.462484002113342 34.1198650742561
6.08 0.724062025547028 0.395624995231628 0.826475977897644 -0.457998007535934 34.9495657187783
6.1 0.740108013153076 0.399632006883621 0.832992970943451 -0.453370988368988 35.7976566476407
6.12 0.703212976455688 0.398508995771408 0.839425027370453 -0.448664009571075 36.6034652904461
6.14 0.706583976745605 0.398039013147354 0.845781981945038 -0.443872004747391 37.413170556173
6.16 0.672273993492126 0.399439990520477 0.852095007896423 -0.438975989818573 38.1835680832265
6.18 0.68825101852417 0.399329990148544 0.858337998390198 -0.433995008468628 38.9722466115935
6.2 0.667333006858826 0.398324996232986 0.864498019218445 -0.428943991661072 39.7369136099334
6.22 0.681486010551453 0.39970800280571 0.870611011981964 -0.423790991306305 40.5178569490654
6.24 0.697463989257813 0.402144014835358 0.876688003540039 -0.418523997068405 41.3170744593217
6.26 0.655049979686737 0.401217997074127 0.882679998874664 -0.413186013698578 42.0677088340118
6.28 0.704321026802063 0.403861999511719 0.888638019561768 -0.407732009887695 42.8748322882324
6.3 0.719489991664886 0.402956992387772 0.894505023956299 -0.402206987142563 43.6993180833233
6.32 0.716951012611389 0.401681989431381 0.900273025035858 -0.396614998579025 44.5208839725439
6.34 0.730087995529175 0.403293997049332 0.90598201751709 -0.390917986631393 45.3574592024657
6.36 0.712333023548126 0.401580005884171 0.911584973335266 -0.385163009166718 46.1737521856471
6.38 0.721614003181458 0.399985998868942 0.917083024978638 -0.379352003335953 47.0006456224204
6.4 0.705383002758026 0.397891014814377 0.922469019889832 -0.373493999242783 47.8089746050295
6.42 0.714388012886047 0.397469997406006 0.927766025066376 -0.367565989494324 48.6276171732854
6.44 0.736944973468781 0.398061007261276 0.932982981204987 -0.361553013324738 49.4720983471715
6.46 0.709908008575439 0.399179011583328 0.938127994537354 -0.355448007583618 50.285584122604
6.48 0.722352981567383 0.398368000984192 0.943174004554749 -0.349283009767532 51.1133347481181
6.5 0.707899987697601 0.4011549949646 0.948167026042938 -0.343001991510391 51.9245289950841
6.52 0.717342972755432 0.400997012853622 0.953067004680634 -0.336652994155884 52.7465525069791
6.54 0.717088997364044 0.399527996778488 0.957858979701996 -0.330258995294571 53.5682310943211
6.56 0.728425979614258 0.400927990674973 0.962572991847992 -0.323772996664047 54.4029724184507
6.58 0.719375014305115 0.399048000574112 0.967172026634216 -0.31725001335144 55.2272874588123
6.6 0.705245018005371 0.398059010505676 0.971665978431702 -0.310678988695145 56.0354456866922
6.62 0.685618996620178 0.400620996952057 0.976096987724304 -0.304003000259399 56.8211428374865
6.64 0.694208025932312 0.396975994110107 0.980395972728729 -0.297327011823654 57.6166344795506
6.66 0.713418006896973 0.396129995584488 0.984591007232666 -0.290607005357742 58.4342491043364
6.68 0.731657981872559 0.396472990512848 0.988691985607147 -0.283820003271103 59.2724840702265
6.7 0.702681005001068 0.398146986961365 0.99271297454834 -0.276946991682053 60.0780639016947
6.72 0.720691025257111 0.3975870013237 0.996630012989044 -0.270027011632919 60.9036971685661
6.74 0.709861993789673 0.402815997600555 1.00049996376038 -0.262959986925125 61.71729564212
6.76 0.725655019283295 0.401582002639771 1.00425004959106 -0.255858987569809 62.548659437705
6.78 0.716189026832581 0.398108005523682 1.00786995887756 -0.248768001794815 63.3691290815639
6.8 0.694832026958466 0.398252993822098 1.01138997077942 -0.241622999310493 64.1655427991659
6.82 0.677999973297119 0.398070991039276 1.01480996608734 -0.234433993697166 64.9424768172551
6.84 0.652279019355774 0.398198008537292 1.01813995838165 -0.227198004722595 65.6901844558858
6.86 0.673105001449585 0.399783998727798 1.02137994766235 -0.219889000058174 66.4613879452614
6.88 0.655927002429962 0.399493008852005 1.02452003955841 -0.212542995810509 67.2131049049349
6.9 0.652532994747162 0.400671988725662 1.02758002281189 -0.205135002732277 67.9608125435656
6.92 0.681855976581573 0.398342996835709 1.03051996231079 -0.197730004787445 68.7417558826975
6.94 0.672388970851898 0.403070986270905 1.03339004516602 -0.190198004245758 69.5123856361828
6.96 0.719398021697998 0.40405198931694 1.03615999221802 -0.182607993483543 70.3368714312736
6.98 0.706260979175568 0.39903199672699 1.03880000114441 -0.175073996186256 71.1458868478944
7 0.739808022975922 0.403995007276535 1.04135000705719 -0.167408004403114 71.9938684937301
7.02 0.736483991146088 0.405699014663696 1.04379999637604 -0.159673005342484 72.8378339883338
7.04 0.729372024536133 0.401910990476608 1.04612004756927 -0.151976004242897 73.6737808408519
7.06 0.750913977622986 0.405247002840042 1.04833996295929 -0.144180998206139 74.5343573555171
7.08 0.692660987377167 0.402363985776901 1.05043005943298 -0.136409997940063 75.3279092238569
7.1 0.735813975334167 0.402157992124558 1.05241000652313 -0.128615006804466 76.1713009825704
7.12 0.719120979309082 0.406152993440628 1.05429005622864 -0.120713002979755 76.9952130417709
7.14 0.695339977741241 0.40556800365448 1.05606997013092 -0.112796999514103 77.791626759373
7.16 0.736460983753204 0.40361300110817 1.05771005153656 -0.104895003139973 78.6355922539767
7.18 0.715934991836548 0.4045470058918 1.05924999713898 -0.0969517976045609 79.4560687280247
7.2 0.722446024417877 0.405416995286942 1.06068003177643 -0.0889699012041092 80.2839901082681
7.22 0.721567988395691 0.40344300866127 1.06198000907898 -0.0810071006417274 81.1107708469201
7.24 0.72639399766922 0.402922004461288 1.06316995620728 -0.0730366036295891 81.9432752840965
7.26 0.728841006755829 0.405479997396469 1.06424999237061 -0.0649989992380142 82.7786484007243
7.28 0.727316975593567 0.403677999973297 1.06519997119904 -0.0569823011755943 83.6117334039802
7.3 0.732374012470245 0.39996999502182 1.0660400390625 -0.0490262992680073 84.4511158416508
7.32 0.713371992111206 0.399255990982056 1.06675004959106 -0.0410731993615627 85.2687236362475
7.34 0.702427983283997 0.397740006446838 1.06735002994537 -0.0331410989165306 86.0737297318254
7.36 0.702197015285492 0.397457987070084 1.06783998012543 -0.0252069998532534 86.8781620915131
7.38 0.67511397600174 0.397076010704041 1.06822001934052 -0.0172745008021593 87.6516536942606
7.4 0.538797974586487 0.342372000217438 1.06845998764038 -0.0104313995689154 88.269307700905
7.42 0.379117012023926 0.255340993404388 1.0686000585556 -0.00532638980075717 88.7036052792804
7.44 0.148761004209518 0.204088002443314 1.06868004798889 -0.00124553998466581 88.8743463481525
7.46 0.051511000841856 0.169848993420601 1.06875002384186 0.00215082010254264 88.9333660127706
7.48 0.108378000557423 0.140193998813629 1.06879997253418 0.00495427986606956 89.0571222103421
7.5 0.106115996837616 0.107528999447823 1.06883001327515 0.00710461009293795 89.1791640304319
7.52 0.0549280010163784 0.0773060992360115 1.06885004043579 0.00865058042109013 89.2421861859036
7.54 0.0679270029067993 0.0535765998065472 1.06886994838715 0.00972202979028225 89.319538078254
7.56 0.0251205004751682 0.0342752002179623 1.06886994838715 0.0104074999690056 89.3487576275234
7.58 -0.00214725011028349 0.00727227982133627 1.06887996196747 0.0108703998848796 89.3493313634136
7.6 -0.00203181011602283 0.00472013978287578 1.06887996196747 0.0109647996723652 89.3470364198525
7.62 0 0 1.06887996196747 0.0109647996723652 89.3470364198525
7.64 0 0 1.06887996196747 0.0109647996723652 89.3470364198525
7.66 0 0 1.06887996196747 0.0109647996723652 89.3470364198525
7.68 0 0 1.06887996196747 0.0109647996723652 89.3470364198525
7.7 0 0 1.06887996196747 0.0109647996723652 89.3470364198525
7.72 0 0 1.06887996196747 0.0109647996723652 89.3470364198525
7.74 0 0 1.06887996196747 0.0109647996723652 89.3470364198525
7.76 0 0 1.06887996196747 0.0109647996723652 89.3470364198525
7.78 0 0 1.06887996196747 0.0109647996723652 89.3470364198525
7.8 0 0 1.06887996196747 0.0109647996723652 89.3470364198525
7.82 0 0 1.06887996196747 0.0109647996723652 89.3470364198525
7.84 0 0 1.06887996196747 0.0109647996723652 89.3470364198525
7.86 0 0 1.06887996196747 0.0109647996723652 89.3470364198525
7.88 0 0 1.06887996196747 0.0109647996723652 89.3470364198525
7.9 0 0 1.06887996196747 0.0109647996723652 89.3470364198525
7.92 0 0 1.06887996196747 0.0109647996723652 89.3470364198525
7.94 0 0 1.06887996196747 0.0109647996723652 89.3470364198525
7.96 0 0 1.06887996196747 0.0109647996723652 89.3470364198525
