0 0 0 -0.0500000007450581 0 -85.0000103339208
0.02 0 0 -0.0500000007450581 0 -85.0000103339208
0.04 0 0 -0.0500000007450581 0 -85.0000103339208
0.06 0 0 -0.0500000007450581 0 -85.0000103339208
0.08 0 0 -0.0500000007450581 0 -85.0000103339208
0.1 0 0 -0.0500000007450581 0 -85.0000103339208
0.12 0 0 -0.0500000007450581 0 -85.0000103339208
0.14 0 0 -0.0500000007450581 0 -85.0000103339208
0.16 0 0 -0.0500000007450581 0 -85.0000103339208
0.18 0 0 -0.0500000007450581 0 -85.0000103339208
0.2 0 0 -0.0500000007450581 0 -85.0000103339208
0.22 0 0 -0.0500000007450581 0 -85.0000103339208
0.24 0 0 -0.0500000007450581 0 -85.0000103339208
0.26 0 0 -0.0500000007450581 0 -85.0000103339208
0.28 0 0 -0.0500000007450581 0 -85.0000103339208
0.3 0 0 -0.0500000007450581 0 -85.0000103339208
0.32 0 0 -0.0500000007450581 0 -85.0000103339208
0.34 0 0 -0.0500000007450581 0 -85.0000103339208
0.36 0 0 -0.0500000007450581 0 -85.0000103339208
0.38 0 0 -0.0500000007450581 0 -85.0000103339208
0.4 0 0 -0.0500000007450581 0 -85.0000103339208
0.42 0 0 -0.0500000007450581 0 -85.0000103339208
0.44 0 0 -0.0500000007450581 0 -85.0000103339208
0.46 0 0 -0.0500000007450581 0 -85.0000103339208
0.48 0 0 -0.0500000007450581 0 -85.0000103339208
0.5 0 0 -0.0500000007450581 0 -85.0000103339208
0.52 0 0 -0.0500000007450581 0 -85.0000103339208
0.54 0 0 -0.0500000007450581 0 -85.0000103339208
0.56 0 0 -0.0500000007450581 0 -85.0000103339208
0.58 0 0 -0.0500000007450581 0 -85.0000103339208
0.6 0 0 -0.0500000007450581 0 -85.0000103339208
0.62 0 0 -0.0500000007450581 0 -85.0000103339208
0.64 0 0 -0.0500000007450581 0 -85.0000103339208
0.66 0 0 -0.0500000007450581 0 -85.0000103339208
0.68 0 0 -0.0500000007450581 0 -85.0000103339208
0.7 0 0 -0.0500000007450581 0 -85.0000103339208
0.72 0 0 -0.0500000007450581 0 -85.0000103339208
0.74 0 0 -0.0500000007450581 0 -85.0000103339208
0.76 0 0 -0.0500000007450581 0 -85.0000103339208
0.78 0 0 -0.0500000007450581 0 -85.0000103339208
0.8 0 0 -0.0500000007450581 0 -85.0000103339208
0.82 0 0 -0.0500000007450581 0 -85.0000103339208
0.84 0 0 -0.0500000007450581 0 -85.0000103339208
0.86 0 0 -0.0500000007450581 0 -85.0000103339208
0.88 0 0 -0.0500000007450581 0 -85.0000103339208
0.9 0 0 -0.0500000007450581 0 -85.0000103339208
0.92 0 0 -0.0500000007450581 0 -85.0000103339208
0.94 0 0 -0.0500000007450581 0 -85.0000103339208
0.96 0 0 -0.0500000007450581 0 -85.0000103339208
0.98 0 0 -0.0500000007450581 0 -85.0000103339208
1 0 0 -0.0500000007450581 0 -85.0000103339208
1.02 0 0 -0.0500000007450581 0 -85.0000103339208
1.04 0 0 -0.0500000007450581 0 -85.0000103339208
1.06 0 0 -0.0500000007450581 0 -85.0000103339208
1.08 0 0 -0.0500000007450581 0 -85.0000103339208
1.1 0 0 -0.0500000007450581 0 -85.0000103339208
1.12 0 0 -0.0500000007450581 0 -85.0000103339208
1.14 0 0 -0.0500000007450581 0 -85.0000103339208
1.16 0 0 -0.0500000007450581 0 -85.0000103339208
1.18 0 0 -0.0500000007450581 0 -85.0000103339208
1.2 0 0 -0.0500000007450581 0 -85.0000103339208
1.22 0 0 -0.0500000007450581 0 -85.0000103339208
1.24 0 0 -0.0500000007450581 0 -85.0000103339208
1.26 0 0 -0.0500000007450581 0 -85.0000103339208
1.28 0 0 -0.0500000007450581 0 -85.0000103339208
1.3 0 0 -0.0500000007450581 0 -85.0000103339208
1.32 -0.0177782997488976 0.0143729001283646 -0.0499750003218651 -0.000286369002424181 -85.0206375052142
1.34 -0.154556006193161 0.0581864006817341 -0.0498757995665073 -0.001445860019885 -85.197676008501
1.36 -0.258432000875473 0.0910497009754181 -0.0497279986739159 -0.0032608499750495 -85.4938944826154
1.38 -0.318392992019653 0.128470003604889 -0.049534298479557 -0.00582293001934886 -85.858298735214
1.4 -0.357205003499985 0.1545529961586 -0.0493220984935761 -0.00890669040381908 -86.2679666514423
1.42 -0.359421998262405 0.178635999560356 -0.0491022989153862 -0.0124725997447968 -86.6799226810426
1.44 -0.289532005786896 0.213207006454468 -0.0488676987588406 -0.0167302992194891 -87.0116649690302
1.46 -0.271084994077683 0.233132004737854 -0.0486372001469135 -0.0213872995227575 -87.3222063498341
1.48 -0.114358000457287 0.25585401058197 -0.0484040006995201 -0.0264989994466305 -87.4534142837901
1.5 -0.0485786013305187 0.276129990816116 -0.0481612011790276 -0.0320162996649742 -87.5089915330665
1.52 0.126457005739212 0.292915999889374 -0.0478992015123367 -0.0378688015043736 -87.3640344283113
1.54 0.214562997221947 0.304812997579575 -0.0476058013737202 -0.0439579002559185 -87.1182295804608
1.56 0.348316013813019 0.319959998130798 -0.0472618006169796 -0.0503478981554508 -86.7188820800684
1.58 0.453184992074966 0.329625010490417 -0.0468546003103256 -0.0569278001785278 -86.199780872958
1.6 0.622910022735596 0.3418790102005 -0.0458064004778862 -0.0704355016350746 -84.8785422497212
1.62 0.71316397190094 0.347921013832092 -0.0451359003782272 -0.077361598610878 -84.0615013608257
1.64 0.764258980751038 0.3524149954319 -0.0443531014025211 -0.0843662992119789 -83.1854476375012
1.66 0.814822971820831 0.354052990674973 -0.0434556007385254 -0.0913901999592781 -82.2521022874187
1.68 0.885012984275818 0.361160010099411 -0.0424184985458851 -0.0985385999083519 -81.2379694598333
1.7 0.873422980308533 0.361425995826721 -0.0412550009787083 -0.105673000216484 -80.2370120671567
1.72 0.89207798242569 0.366149991750717 -0.0399488992989063 -0.112878002226353 -79.2148537672965
1.74 0.895726025104523 0.373052000999451 -0.0384871996939182 -0.120195001363754 -78.1881124105032
1.76 0.900759994983673 0.375279992818832 -0.0368846990168095 -0.127526998519897 -77.1562142608865
1.78 0.896695971488953 0.376641005277634 -0.0351443998515606 -0.134856000542641 -76.1283322625018
1.8 0.874899983406067 0.381491005420685 -0.0332503989338875 -0.142247006297112 -75.1262273980447
1.82 0.877578973770142 0.382970988750458 -0.0312194004654884 -0.149633005261421 -74.1201132125449
1.84 0.807874023914337 0.383545011281967 -0.0290610007941723 -0.156994000077248 -73.1947865045479
1.86 0.800738990306854 0.386812001466751 -0.0267651006579399 -0.164380997419357 -72.2769047027463
1.88 0.781621992588043 0.389301002025604 -0.0243369992822409 -0.171779006719589 -71.381371279909
1.9 0.76806902885437 0.386507987976074 -0.0218128003180027 -0.179085999727249 -70.5013082355417
1.92 0.721198976039886 0.39122000336647 -0.0191479995846748 -0.186442002654076 -69.674534327079
1.94 0.705568015575409 0.384315013885498 -0.0164273995906115 -0.193630993366241 -68.8660858161593
1.96 0.713603019714355 0.390307009220123 -0.0135610001161695 -0.200892001390457 -68.0484780215627
1.98 0.684372007846832 0.392271995544434 -0.0105785001069307 -0.208148002624512 -67.2640990972782
2 0.676591992378235 0.392502993345261 -0.00749571016058326 -0.215368002653122 -66.4888862868598
2.02 0.63740998506546 0.398247003555298 0.00595834013074636 -0.24414399266243 -63.4258538026208
2.04 0.641681015491486 0.395446002483368 0.00954173970967531 -0.251194000244141 -62.6907478630088
2.06 0.620278000831604 0.396081000566483 0.0132197001948953 -0.258210003376007 -61.9797115100319
2.08 0.631798982620239 0.397509008646011 0.0169989001005888 -0.26520499587059 -61.2560666278472
2.1 0.692892014980316 0.398335009813309 0.0330046005547047 -0.292674988508224 -58.2245418062495
2.12 0.723322987556458 0.39699798822403 0.0372343994677067 -0.299394994974136 -57.3960466901158
2.14 0.722561001777649 0.398680001497269 0.0415792986750603 -0.306080996990204 -56.5679511400486
2.16 0.740985989570618 0.40063801407814 0.046043299138546 -0.312734991312027 -55.7188288526216
2.18 0.756594002246857 0.400065988302231 0.0552500002086163 -0.325803995132446 -53.9660349719611
2.2 0.771023988723755 0.39580500125885 0.0599558986723423 -0.332168996334076 -53.0825329273467
2.22 0.741701006889343 0.398322999477386 0.0647881999611855 -0.338503003120422 -52.2326080926922
2.24 0.761718988418579 0.399751007556915 0.0697328001260757 -0.344785004854202 -51.3597065016697
2.26 0.728218019008636 0.395653992891312 0.0747188031673431 -0.350930005311966 -50.5252520454852
2.28 0.73274302482605 0.395736008882523 0.0797951966524124 -0.35700199007988 -49.6855827398694
2.3 0.749413013458252 0.397567003965378 0.0849848017096519 -0.363027006387711 -48.8268333008072
2.32 0.750613987445831 0.399024993181229 0.09028360247612 -0.368993997573853 -47.9667075786273
2.34 0.764975011348724 0.401416003704071 0.0957045033574104 -0.374915987253189 -47.0900835345071
2.36 0.782823026180267 0.40192899107933 0.10122399777174 -0.380760997533798 -46.1930611304307
2.38 0.755277991294861 0.395363986492157 0.10673999786377 -0.386426001787186 -45.3275498040902
2.4 0.751767992973328 0.400561988353729 0.112415000796318 -0.392080008983612 -44.466109270495
2.42 0.744679987430573 0.397801995277405 0.118133999407291 -0.397610992193222 -43.6127454355933
2.44 0.769384980201721 0.394982010126114 0.12389600276947 -0.403016000986099 -42.7310772967711
2.46 0.74855899810791 0.396674007177353 0.129763007164001 -0.408354997634888 -41.8733011596657
2.48 0.737752974033356 0.394728004932404 0.135680004954338 -0.413581013679504 -41.0279047404308
2.5 0.710232019424438 0.397217005491257 0.141709998250008 -0.418752998113632 -40.2140740404452
2.52 0.731935024261475 0.399522006511688 0.147850006818771 -0.423868000507355 -39.3753199801782
2.54 0.70762300491333 0.397379010915756 0.154028996825218 -0.428865998983383 -38.5644126011574
2.56 0.695339977741241 0.399753004312515 0.160315006971359 -0.433806002140045 -37.7676573740968
2.58 0.706906974315643 0.399910002946854 0.166672006249428 -0.438659995794296 -36.9575525423034
2.6 0.686219990253448 0.401917010545731 0.173127993941307 -0.44344899058342 -36.1712270141055
2.62 0.704712986946106 0.400350004434586 0.179625004529953 -0.448128998279572 -35.3637005787238
2.64 0.69607800245285 0.402788996696472 0.18622699379921 -0.452744990587235 -34.5660266912198
2.66 0.664031028747559 0.403389990329742 0.192901000380516 -0.45727801322937 -33.8051402025856
2.68 0.685388028621674 0.398889005184174 0.1995600014925 -0.461672008037567 -33.0197299197364
2.7 0.689221024513245 0.401262998580933 0.206319004297256 -0.465997993946075 -32.2299073346834
2.72 0.692546010017395 0.39920300245285 0.213101997971535 -0.470209002494812 -31.4363042399248
2.74 0.692453026771545 0.398279994726181 0.219926998019218 -0.474317014217377 -30.6428138432875
2.76 0.715795993804932 0.399042010307312 0.226822003722191 -0.478334993124008 -29.8225661805767
2.78 0.713603019714355 0.399563014507294 0.233784005045891 -0.48225998878479 -29.0048422727641
2.8 0.712701976299286 0.399455010890961 0.240797996520996 -0.486084014177322 -28.188148015969
2.82 0.766776025295258 0.402592986822128 0.247924000024796 -0.489832997322083 -27.3095176037802
2.84 0.74412602186203 0.399419993162155 0.255048990249634 -0.493445008993149 -26.4567838538295
2.86 0.792196989059448 0.398912996053696 0.262219995260239 -0.496942013502121 -25.5489902414319
2.88 0.733828008174896 0.403429001569748 0.269524991512299 -0.500369012355804 -24.708117114975
2.9 0.73546701669693 0.398550987243652 0.276789993047714 -0.503647029399872 -23.8652956770572
2.92 0.710808992385864 0.40065199136734 0.284141004085541 -0.506837010383606 -23.0507802506073
2.94 0.72824102640152 0.400180011987686 0.291527986526489 -0.509917020797729 -22.2162660302676
2.96 0.715403974056244 0.398312002420425 0.298923999071121 -0.512875974178314 -21.3964794053257
2.98 0.731149971485138 0.399161994457245 0.306378990411758 -0.515734016895294 -20.5586422979548
3 0.727617025375366 0.398494005203247 0.313861012458801 -0.518478989601135 -19.7248742757819
3.02 0.749390006065369 0.40429899096489 0.321492999792099 -0.521151006221771 -18.8661248367197
3.04 0.739300012588501 0.403010010719299 0.329138994216919 -0.523701012134552 -18.0189491532061
3.06 0.782545983791351 0.401859998703003 0.336800992488861 -0.526126980781555 -17.1222136170748
3.08 0.76001101732254 0.400739997625351 0.344478994607925 -0.528428018093109 -16.2513183941211
3.1 0.80087798833847 0.400429010391235 0.352185010910034 -0.530607998371124 -15.3336107621433
3.12 0.756017029285431 0.397868990898132 0.359874993562698 -0.532653987407684 -14.4672422470619
3.14 0.717435002326965 0.399852991104126 0.367632001638412 -0.534596025943756 -13.6451615323326
3.16 0.730180025100708 0.397605001926422 0.375373005867004 -0.536415994167328 -12.8084138401343
3.18 0.724385023117065 0.395384013652802 0.383096992969513 -0.538112998008728 -11.978312775772
3.2 0.695963025093079 0.396636992692947 0.390868008136749 -0.539704978466034 -11.1808130580919
3.22 0.691529989242554 0.397475004196167 0.398676991462708 -0.541193008422852 -10.3883548737929
3.24 0.666824996471405 0.397989988327026 0.40651598572731 -0.542576014995575 -9.6242581962488
3.26 0.697763979434967 0.399313986301422 0.414398998022079 -0.543856024742126 -8.82469576143935
3.28 0.693907976150513 0.399960994720459 0.430310994386673 -0.546097993850708 -7.21898146681868
3.3 0.701180994510651 0.400036990642548 0.438255995512009 -0.547047972679138 -6.41546563314026
3.32 0.717065989971161 0.401372998952866 0.446238994598389 -0.547887980937958 -5.593792595327
3.34 0.700765013694763 0.396681994199753 0.45414000749588 -0.548605978488922 -4.79077493857117
3.36 0.713949024677277 0.396793991327286 0.462053000926971 -0.549211978912354 -3.97264890337127
3.38 0.718128025531769 0.400409013032913 0.470046013593674 -0.549709022045136 -3.14973234424224
3.4 0.710994005203247 0.397967010736465 0.477995991706848 -0.55009001493454 -2.33499792485208
3.42 0.722214996814728 0.397942990064621 0.485949993133545 -0.550356984138489 -1.50740044498577
3.44 0.73549097776413 0.397805988788605 0.493905007839203 -0.55050802230835 -0.66459095989908
3.46 0.757009029388428 0.398831009864807 0.501881003379822 -0.550539970397949 0.202880350588764
3.48 0.757102012634277 0.401066988706589 0.509902000427246 -0.5504509806633 1.07045702208064
3.5 0.722284018993378 0.401921004056931 0.517938017845154 -0.550242006778717 1.89812899369758
3.52 0.748951971530914 0.40192699432373 0.525969982147217 -0.54991602897644 2.75636808956275
3.54 0.733205020427704 0.402855008840561 0.534014999866486 -0.549470007419586 3.59655905087638
3.56 0.775041997432709 0.402381002902985 0.542042016983032 -0.548902988433838 4.48468982931389
3.58 0.724662005901337 0.402568995952606 0.550064027309418 -0.548214972019196 5.31509441020736
3.6 0.729649007320404 0.401870012283325 0.558061003684998 -0.547411978244781 6.15121756698343
3.62 0.725423991680145 0.400474011898041 0.566017985343933 -0.546495974063873 6.98246482246575
3.64 0.708891987800598 0.40004900097847 0.573952972888947 -0.545467019081116 7.79480397989136
3.66 0.715819001197815 0.39910900592804 0.581852972507477 -0.544327974319458 8.61510799166286
3.68 0.745673000812531 0.397260010242462 0.589699983596802 -0.543079018592834 9.46955953418984
3.7 0.753454029560089 0.395619004964828 0.597494006156921 -0.541719019412994 10.3329500867931
3.72 0.734152019023895 0.400507003068924 0.60536402463913 -0.540224015712738 11.1742236330902
3.74 0.752506971359253 0.399295002222061 0.613186001777649 -0.53861802816391 12.0365256242944
3.76 0.767445981502533 0.398925006389618 0.620976984500885 -0.536894023418427 12.9159585837107
3.78 0.736298978328705 0.403394013643265 0.628826975822449 -0.535032987594604 13.7596961207509
3.8 0.752161026000977 0.399946987628937 0.636582016944885 -0.533071994781494 14.6215959845678
3.82 0.693745970726013 0.400878995656967 0.644325017929077 -0.53099399805069 15.4165753624442
3.84 0.704714000225067 0.399978011846542 0.652022004127502 -0.528813004493713 16.2241598544338
3.86 0.698341012001038 0.401452988386154 0.659714996814728 -0.526516020298004 17.0243523741942
3.88 0.664400994777679 0.401392012834549 0.667375981807709 -0.524115025997162 17.7856981930501
3.9 0.703952014446259 0.40166300535202 0.675007998943329 -0.521606981754303 18.5923657321437
3.92 0.683633029460907 0.404307991266251 0.682654023170471 -0.518976986408234 19.3757713544714
3.94 0.701596975326538 0.402832001447678 0.690235018730164 -0.516251027584076 20.1797460914847
3.96 0.736229002475739 0.404148012399673 0.697800993919373 -0.513405978679657 21.0234264256906
3.98 0.742624998092651 0.404309988021851 0.705327987670898 -0.510450005531311 21.8743826189098
4 0.7690389752388 0.407983988523483 0.71287602186203 -0.507350981235504 22.7556494841183
4.02 0.736667990684509 0.405167996883392 0.720324993133545 -0.504162013530731 23.5997874409985
4.04 0.746042013168335 0.401787996292114 0.72766500711441 -0.500890016555786 24.4546983137472
4.06 0.707091987133026 0.402415007352829 0.734966993331909 -0.497505992650986 25.2649756078171
4.08 0.735906004905701 0.398034006357193 0.749346017837524 -0.490462005138397 26.9461481248408
4.1 0.745350003242493 0.39852699637413 0.756424009799957 -0.486797004938126 27.800256450362
4.12 0.751537024974823 0.398784011602402 0.763450980186462 -0.483024001121521 28.66146817262
4.14 0.727733016014099 0.401879996061325 0.77047598361969 -0.4791179895401 29.4954103646167
4.16 0.774972021579742 0.406351000070572 0.777517974376678 -0.475062012672424 30.3834374095562
4.18 0.74975997209549 0.40311399102211 0.784442007541656 -0.470932006835938 31.2426444712928
4.2 0.731980979442596 0.400494992733002 0.791260004043579 -0.466728001832962 32.0813951164652
4.22 0.713348984718323 0.400692999362946 0.798018991947174 -0.462422996759415 32.8988355714272
4.24 0.733621001243591 0.398833006620407 0.804684996604919 -0.458041995763779 33.7395362356076
4.26 0.710855007171631 0.39818000793457 0.811276018619537 -0.453570991754532 34.5541114262128
4.28 0.708984971046448 0.398537009954453 0.817807972431183 -0.449003994464874 35.3665077864727
4.3 0.717458009719849 0.396041989326477 0.824234008789063 -0.44437301158905 36.188702053097
4.32 0.740962982177734 0.396753013134003 0.830603003501892 -0.439640998840332 37.0377696990107
4.34 0.751491010189056 0.397983014583588 0.836920976638794 -0.434798985719681 37.8989233646607
4.36 0.753107011318207 0.394856989383698 0.843115985393524 -0.429901003837585 38.7619109361029
4.38 0.734705984592438 0.399269014596939 0.849305987358093 -0.424856007099152 39.6038171286719
4.4 0.743341028690338 0.402002990245819 0.85546201467514 -0.419685006141663 40.4556339257265
4.42 0.730134010314941 0.39698800444603 0.861465990543365 -0.41448900103569 41.2922672122562
4.44 0.732420027256012 0.400332987308502 0.867443025112152 -0.409161001443863 42.1315915933189
4.46 0.722075998783112 0.400599002838135 0.873345017433167 -0.403744012117386 42.9590007093745
4.48 0.723784983158112 0.401951998472214 0.879189014434814 -0.398223012685776 43.7884144859515
4.5 0.678530991077423 0.401645004749298 0.88494998216629 -0.392625004053116 44.5659734663498
4.52 0.700048983097076 0.400505006313324 0.8906170129776 -0.386963993310928 45.3681723541789
4.54 0.67834597826004 0.40064001083374 0.896207988262177 -0.381224006414413 46.1455059383345
4.56 0.685827016830444 0.398591995239258 0.901691019535065 -0.375438004732132 46.9313738438581
4.58 0.690097987651825 0.397453993558884 0.907078981399536 -0.369592994451523 47.7221697308678
4.6 0.722423017024994 0.395765990018845 0.912361979484558 -0.363698989152908 48.5500364695978
4.62 0.708222985267639 0.400963008403778 0.917626976966858 -0.357650011777878 49.3615756411169
4.64 0.742601990699768 0.399771004915237 0.922789990901947 -0.351545006036758 50.2125318343361
4.66 0.734081983566284 0.400173991918564 0.927865982055664 -0.345357000827789 51.0537481777989
4.68 0.7360680103302 0.40183699131012 0.932871997356415 -0.339069992303848 51.8971979931203
4.7 0.753708004951477 0.402976989746094 0.937797009944916 -0.332690000534058 52.7608754136686
4.72 0.763243019580841 0.401078999042511 0.942601978778839 -0.326267004013062 53.6354947972674
4.74 0.748535990715027 0.399316012859344 0.947288990020752 -0.31980100274086 54.4932709343729
4.76 0.7291179895401 0.401733011007309 0.951907992362976 -0.313226997852325 55.328756749122
4.78 0.70873099565506 0.402936011552811 0.956444978713989 -0.306565999984741 56.1409242980447
4.8 0.731612026691437 0.40250900387764 0.960880994796753 -0.299849003553391 56.9792787922453
4.82 0.711732983589172 0.402931988239288 0.965224981307983 -0.29306098818779 57.7948272848071
4.84 0.752691984176636 0.405184000730515 0.969492018222809 -0.28617200255394 58.6571250071432
4.86 0.747335016727448 0.406536996364594 0.973668992519379 -0.279195994138718 59.5136990309547
4.88 0.770538985729218 0.405243009328842 0.977726995944977 -0.272179991006851 60.3966239245842
4.9 0.773702025413513 0.40548700094223 0.981678009033203 -0.265098005533218 61.2835649694457
4.92 0.721244990825653 0.404027998447418 0.985509991645813 -0.257984012365341 62.1097719722073
4.94 0.732697010040283 0.400193989276886 0.992780983448029 -0.243734002113342 63.8114589624032
4.96 0.755162000656128 0.396039992570877 0.999594986438751 -0.229341998696327 65.5297569726605
4.98 0.725700974464417 0.398892998695374 1.00285005569458 -0.222056999802589 66.3611207682455
5 0.730434000492096 0.4009949862957 1.00601005554199 -0.214687004685402 67.1982082623551
5.02 0.698225975036621 0.398638993501663 1.00905001163483 -0.207314997911453 67.9986313009999
5.04 0.742116987705231 0.404567003250122 1.01201999187469 -0.199790999293327 68.8489010602076
5.06 0.721244990825653 0.403773993253708 1.01487994194031 -0.192239001393318 69.6751080629692
5.08 0.710924029350281 0.400458008050919 1.01760995388031 -0.184708997607231 70.4898540083036
5.1 0.704990983009338 0.401096999645233 1.02023994922638 -0.177129000425339 71.2977219531438
5.12 0.676684021949768 0.402711987495422 1.02277004718781 -0.169481992721558 72.0735084994524
5.14 0.698432981967926 0.400602996349335 1.02517998218536 -0.161842003464699 72.8739315380973
5.16 0.678830981254578 0.402640014886856 1.0275000333786 -0.15413099527359 73.6514324618876
5.18 0.716373026371002 0.400710999965668 1.02970004081726 -0.146423995494843 74.4724826718259
5.2 0.70245099067688 0.400247007608414 1.03179001808167 -0.138696998357773 75.2774887674039
5.22 0.706906974315643 0.402929991483688 1.03377997875214 -0.130888998508453 76.0876516558052
5.24 0.763312995433807 0.40217199921608 1.03566002845764 -0.123066000640392 76.9619841714588
5.26 0.768369019031525 0.404029995203018 1.03742003440857 -0.115180000662804 77.8426209517163
5.28 0.770169973373413 0.401270985603333 1.0390499830246 -0.107321999967098 78.7249721094555
5.3 0.756802022457123 0.401731014251709 1.04056000709534 -0.099431000649929 79.5924334548041
5.32 0.761442005634308 0.401537001132965 1.0419499874115 -0.0915215983986855 80.4650447627869
5.34 0.783838987350464 0.400563985109329 1.04321002960205 -0.0836108028888702 81.3634468650756
5.36 0.761488974094391 0.402366012334824 1.04436004161835 -0.0756457969546318 82.2360581730584
5.38 0.745464980602264 0.400956004858017 1.04539000988007 -0.0676923021674156 83.0897635174185
5.4 0.737753987312317 0.400694996118546 1.04629004001617 -0.0597296990454197 83.9354502196931
5.42 0.714434027671814 0.394589006900787 1.04707002639771 -0.0518762990832329 84.7542054860702
5.44 0.70591402053833 0.393884003162384 1.04772996902466 -0.0440267994999886 85.5632277328802
5.46 0.725400984287262 0.393186002969742 1.0487300157547 -0.0282588005065918 87.2058950584579
5.48 0.711408972740173 0.394717991352081 1.04905998706818 -0.0203712992370129 88.0212147396826
5.5 0.715565025806427 0.398629009723663 1.04928004741669 -0.0124017000198364 88.8411174778403
5.52 0.58220499753952 0.33959698677063 1.04937994480133 -0.00561043992638588 89.5080376389681
5.54 0.472856998443604 0.256947010755539 1.04939997196198 -0.000471531006041914 90.050060960933
5.56 0.311444014310837 0.205341994762421 1.04937994480133 0.00363528006710112 90.4070134771471
5.58 0.193599000573158 0.170784994959831 1.04935002326965 0.00705084996297956 90.6287419081733
5.6 0.119829997420311 0.135204002261162 1.04931998252869 0.00975473970174789 90.7662541067332
5.62 0.0982192978262901 0.0999770015478134 1.04928994178772 0.0117541002109647 90.8785560770666
5.64 0.0829346030950546 0.0680681020021439 1.04927003383636 0.0131152998656034 90.9736664612591
5.66 0.0138301998376846 0.0479512996971607 1.04925000667572 0.0140741001814604 90.9897105756194
5.68 0.0740917026996613 0.0270029008388519 1.0492399930954 0.0146140996366739 91.0745073741652
5.7 0.000300154002616182 0.0126136001199484 1.0492399930954 0.0148662999272347 91.0750811100555
5.72 0.0106669999659061 0.00709450989961624 1.04922997951508 0.0150081999599934 91.0871090731838
5.74 0.0047562699764967 0.00449127983301878 1.04922997951508 0.0150979999452829 91.0922658660072
5.76 0 0 1.04922997951508 0.0150979999452829 91.0922658660072
5.78 0 0 1.04922997951508 0.0150979999452829 91.0922658660072
5.8 0 0 1.04922997951508 0.0150979999452829 91.0922658660072
5.82 0 0 1.04922997951508 0.0150979999452829 91.0922658660072
5.84 0 0 1.04922997951508 0.0150979999452829 91.0922658660072
5.86 0 0 1.04922997951508 0.0150979999452829 91.0922658660072
5.88 0 0 1.04922997951508 0.0150979999452829 91.0922658660072
5.9 0 0 1.04922997951508 0.0150979999452829 91.0922658660072
5.92 0 0 1.04922997951508 0.0150979999452829 91.0922658660072
5.94 0 0 1.04922997951508 0.0150979999452829 91.0922658660072
5.96 0 0 1.04922997951508 0.0150979999452829 91.0922658660072
5.98 0 0 1.04922997951508 0.0150979999452829 91.0922658660072
6 0 0 1.04922997951508 0.0150979999452829 91.0922658660072
6.02 0 0 1.04922997951508 0.0150979999452829 91.0922658660072
6.04 0 0 1.04922997951508 0.0150979999452829 91.0922658660072
6.06 0 0 1.04922997951508 0.0150979999452829 91.0922658660072
6.08 0 0 1.04922997951508 0.0150979999452829 91.0922658660072
