0 0 0 -0.0500000007450581 0 90.000207410181
0.02 0 0 -0.0500000007450581 0 90.000207410181
0.04 0 0 -0.0500000007450581 0 90.000207410181
0.06 0 0 -0.0500000007450581 0 90.000207410181
0.08 0 0 -0.0500000007450581 0 90.000207410181
0.1 0 0 -0.0500000007450581 0 90.000207410181
0.12 0 0 -0.0500000007450581 0 90.000207410181
0.14 0 0 -0.0500000007450581 0 90.000207410181
0.16 0 0 -0.0500000007450581 0 90.000207410181
0.18 0 0 -0.0500000007450581 0 90.000207410181
0.2 0 0 -0.0500000007450581 0 90.000207410181
0.22 0 0 -0.0500000007450581 0 90.000207410181
0.24 0 0 -0.0500000007450581 0 90.000207410181
0.26 0 0 -0.0500000007450581 0 90.000207410181
0.28 0 0 -0.0500000007450581 0 90.000207410181
0.3 0 0 -0.0500000007450581 0 90.000207410181
0.32 0 0 -0.0500000007450581 0 90.000207410181
0.34 0 0 -0.0500000007450581 0 90.000207410181
0.36 0 0 -0.0500000007450581 0 90.000207410181
0.38 0 0 -0.0500000007450581 0 90.000207410181
0.4 0 0 -0.0500000007450581 0 90.000207410181
0.42 0 0 -0.0500000007450581 0 90.000207410181
0.44 0 0 -0.0500000007450581 0 90.000207410181
0.46 0 0 -0.0500000007450581 0 90.000207410181
0.48 0 0 -0.0500000007450581 0 90.000207410181
0.5 0 0 -0.0500000007450581 0 90.000207410181
0.52 0 0 -0.0500000007450581 0 90.000207410181
0.54 0 0 -0.0500000007450581 0 90.000207410181
0.56 0 0 -0.0500000007450581 0 90.000207410181
0.58 0 0 -0.0500000007450581 0 90.000207410181
0.6 0 0 -0.0500000007450581 0 90.000207410181
0.62 0 0 -0.0500000007450581 0 90.000207410181
0.64 0 0 -0.0500000007450581 0 90.000207410181
0.66 0 0 -0.0500000007450581 0 90.000207410181
0.68 0 0 -0.0500000007450581 0 90.000207410181
0.7 0 0 -0.0500000007450581 0 90.000207410181
0.72 0 0 -0.0500000007450581 0 90.000207410181
0.74 0 0 -0.0500000007450581 0 90.000207410181
0.76 0 0 -0.0500000007450581 0 90.000207410181
0.78 0 0 -0.0500000007450581 0 90.000207410181
0.8 0 0 -0.0500000007450581 0 90.000207410181
0.82 0 0 -0.0500000007450581 0 90.000207410181
0.84 0 0 -0.0500000007450581 0 90.000207410181
0.86 0 0 -0.0500000007450581 0 90.000207410181
0.88 0 0 -0.0500000007450581 0 90.000207410181
0.9 0 0 -0.0500000007450581 0 90.000207410181
0.92 0 0 -0.0500000007450581 0 90.000207410181
0.94 0 0 -0.0500000007450581 0 90.000207410181
0.96 0 0 -0.0500000007450581 0 90.000207410181
0.98 0 0 -0.0500000007450581 0 90.000207410181
1 0 0 -0.0500000007450581 0 90.000207410181
1.02 0 0 -0.0500000007450581 0 90.000207410181
1.04 0 0 -0.0500000007450581 0 90.000207410181
1.06 0 0 -0.0500000007450581 0 90.000207410181
1.08 0 0 -0.0500000007450581 0 90.000207410181
1.1 0 0 -0.0500000007450581 0 90.000207410181
1.12 0 0 -0.0500000007450581 0 90.000207410181
1.14 0 0 -0.0500000007450581 0 90.000207410181
1.16 0 0 -0.0500000007450581 0 90.000207410181
1.18 0 0 -0.0500000007450581 0 90.000207410181
1.2 0 0 -0.0500000007450581 0 90.000207410181
1.22 0 0 -0.0500000007450581 0 90.000207410181
1.24 0 0 -0.0500000007450581 0 90.000207410181
1.26 0 0 -0.0500000007450581 0 90.000207410181
1.28 0 0 -0.0500000007450581 0 90.000207410181
1.3 0 0 -0.0500000007450581 0 90.000207410181
1.32 0 0 -0.0500000007450581 0 90.000207410181
1.34 0 0 -0.0500000007450581 0 90.000207410181
1.36 0 0 -0.0500000007450581 0 90.000207410181
1.38 0 0 -0.0500000007450581 0 90.000207410181
1.4 -1.16604995727539 0.00742758018895984 -0.0499982982873917 0.000148542007082142 88.6640721443644
1.42 -3.51514005661011 0.0326833985745907 -0.0499600991606712 0.000801092013716698 84.6356060813221
1.44 -4.90180015563965 0.0461857989430428 -0.0498288013041019 0.00171542994212359 79.0189024701979
1.46 -4.99309015274048 0.018028499558568 -0.0497425012290478 0.00206553004682064 73.2967748892346
1.48 -3.0417799949646 -0.0287561006844044 -0.0499245002865791 0.00151994999032468 69.8114727897486
1.5 -1.21459996700287 0.0516027994453907 -0.0495565012097359 0.00248420005664229 68.4197534444664
1.52 -1.06029999256134 0.250995010137558 -0.0476608015596867 0.00713237980380654 67.204512526959
1.54 -0.867258012294769 0.287355989217758 -0.0453882999718189 0.012411099858582 66.2110000404778
1.56 -0.64087301492691 0.266887992620468 -0.0432039014995098 0.0172815006226301 65.476467836756
1.58 -0.0273831002414227 0.308398991823196 -0.0406421981751919 0.0228923000395298 65.4449601741148
1.6 0.44242599606514 0.345097005367279 -0.0378017984330654 0.0291827004402876 65.9520265879075
1.62 0.517026007175446 0.351720005273819 -0.0349684990942478 0.0356213003396988 66.5444635361362
1.64 0.417513012886047 0.346913993358612 -0.0322333984076977 0.0419977009296417 67.0228841365499
1.66 0.316453993320465 0.35155400633812 -0.029509199783206 0.0484796017408371 67.3855671814777
1.68 0.437068998813629 0.374321013689041 -0.0266606993973255 0.0554029010236263 67.8863293306665
1.7 0.395417004823685 0.351987987756729 -0.0240365006029606 0.0619352981448174 68.3395397028537
1.72 0.484955012798309 0.330956995487213 -0.0216231998056173 0.0680987983942032 68.8953121956178
1.74 0.347553998231888 0.354478001594543 -0.0190933998674154 0.0747217014431953 69.2935190544189
1.76 0.195860996842384 0.352937996387482 -0.016610499471426 0.0813293009996414 69.5181161648965
1.78 0.184316992759705 0.344722986221313 -0.0142099000513554 0.0877923965454102 69.7289641045748
1.8 0.227447003126144 0.347117990255356 -0.0118194995447993 0.0943102017045021 69.9896587648159
1.82 0.0865826010704041 0.348856985569 -0.00943765044212341 0.100868001580238 70.0887784700512
1.84 -0.019140500575304 0.341576993465424 -0.00710985995829105 0.107290998101234 70.0670106571664
1.86 -0.0732837021350861 0.336957007646561 -0.00480771018192172 0.113624997437 69.9827807643217
1.88 -0.0983117967844009 0.340353012084961 -0.00247137993574142 0.120017997920513 69.8704856241775
1.9 -0.106092996895313 0.338050007820129 -0.000137884999276139 0.12636399269104 69.749017539978
1.92 -0.160536006093025 0.335413992404938 0.00219419994391501 0.132653996348381 69.565101036197
1.94 -0.25076699256897 0.33117601275444 0.00452233012765646 0.138853996992111 69.2774749400585
1.96 -0.283621996641159 0.332693994045258 0.00689439987763762 0.145070999860764 68.9526038223759
1.98 -0.292187005281448 0.33228400349617 0.00929925031960011 0.151265993714333 68.6174259492358
2 -0.322941988706589 0.330141991376877 0.0117263998836279 0.157407000660896 68.2478649038138
2.02 -0.351826012134552 0.327901005744934 0.0141781996935606 0.163488999009132 67.8445080823785
2.04 -0.346168994903564 0.329026013612747 0.0166810005903244 0.16957500576973 67.4480156010592
2.06 -0.397518008947372 0.327264994382858 0.0192153006792068 0.17561000585556 66.9919433796098
2.08 -0.443765014410019 0.325958997011185 0.0217898990958929 0.181599006056786 66.4837294940365
2.1 -0.440463006496429 0.323738008737564 0.0243995003402233 0.187525004148483 65.9789580238049
2.12 -0.452331006526947 0.32387700676918 0.0270630996674299 0.193430006504059 65.4604305525849
2.14 -0.474703997373581 0.32226100564003 0.0297676995396614 0.199279993772507 64.9166928531383
2.16 -0.455193996429443 0.322398006916046 0.0325278006494045 0.205107003450394 64.3952967024669
2.18 -0.49779200553894 0.324454993009567 0.0353613011538982 0.210944995284081 63.8246343973121
2.2 -0.547825992107391 0.321808993816376 0.0382319986820221 0.216705992817879 63.1966736352101
2.22 -0.542400002479553 0.317286998033524 0.0411241017282009 0.222353994846344 62.5755840434132
2.24 -0.532932996749878 0.324577987194061 0.0441447012126446 0.228100001811981 61.9648148674521
2.26 -0.497076988220215 0.324158996343613 0.0472203008830547 0.233806997537613 61.3952932038888
2.28 -0.552950978279114 0.323635995388031 0.0503505989909172 0.2394730001688 60.7616019130731
2.3 -0.582551002502441 0.322185009717941 0.0535307005047798 0.24507699906826 60.0941080160551
2.32 -0.594003021717072 0.320080995559692 0.0567554011940956 0.250607013702393 59.4134318539389
2.34 -0.512269020080566 0.323742002248764 0.0600785985589027 0.256164014339447 58.8261516985335
2.36 -0.569366991519928 0.324867993593216 0.0634734034538269 0.261703997850418 58.1735476139061
2.38 -0.592594981193542 0.326220989227295 0.0669467970728874 0.267226994037628 57.4945926594608
2.4 -0.591947972774506 0.326056987047195 0.0704836994409561 0.272706001996994 56.8162694975137
2.42 -0.557476997375488 0.323325008153915 0.0740531012415886 0.278097987174988 56.1774794704826
2.44 -0.573131024837494 0.324196010828018 0.0776930004358292 0.283464014530182 55.5206987251778
2.46 -0.594233989715576 0.323116987943649 0.0813829004764557 0.288769006729126 54.839797166819
2.48 -0.646275997161865 0.320304989814758 0.085105799138546 0.293981999158859 54.0991895098305
2.5 -0.570452988147736 0.323473006486893 0.0889291986823082 0.299201011657715 53.4455028402197
2.52 -0.587584972381592 0.325042009353638 0.0928315967321396 0.304399996995926 52.7721623012721
2.54 -0.606770992279053 0.321002006530762 0.096746601164341 0.309487998485565 52.0768797796158
2.56 -0.613143980503082 0.325709998607636 0.100781999528408 0.314601987600327 51.374261634791
2.58 -0.667033016681671 0.325506001710892 0.10487899929285 0.319660991430283 50.6098780893017
2.6 -0.622978985309601 0.317741006612778 0.108943000435829 0.324546992778778 49.8960311134814
2.62 -0.568629026412964 0.326683014631271 0.113179996609688 0.329521000385284 49.2444037459053
2.64 -0.561517000198364 0.328812003135681 0.117500998079777 0.334477990865707 48.6009726053332
2.66 -0.695223987102509 0.320906013250351 0.121779002249241 0.339262992143631 47.8042754348806
2.68 -0.650847971439362 0.324865996837616 0.126174002885818 0.344047993421555 47.0584563435554
2.7 -0.61071902513504 0.328209012746811 0.130675002932549 0.348825991153717 46.3586454064794
2.72 -0.625172972679138 0.328491002321243 0.135239005088806 0.353552013635635 45.6422746757607
2.74 -0.597467005252838 0.324007987976074 0.139797002077103 0.358157992362976 44.9575926076963
2.76 -0.618246018886566 0.326312988996506 0.14444300532341 0.362740010023117 44.249127820942
2.78 -0.643343985080719 0.33016899228096 0.14920300245285 0.367318004369736 43.5119625792952
2.8 -0.630437016487122 0.324613004922867 0.153938993811607 0.371758013963699 42.7895198104044
2.82 -0.639002978801727 0.326714992523193 0.158763006329536 0.376165986061096 42.0572791351492
2.84 -0.59868997335434 0.328832000494003 0.163672000169754 0.380542010068893 41.371220783967
2.86 -0.630021989345551 0.322218000888824 0.168534994125366 0.38477098941803 40.6492356377506
2.88 -0.690882980823517 0.328859001398087 0.173555001616478 0.389021009206772 39.8575791469055
2.9 -0.647476017475128 0.334760010242462 0.178721994161606 0.393278002738953 39.1155986218938
2.92 -0.625427007675171 0.327892005443573 0.183835998177528 0.397383987903595 38.3989444383246
2.94 -0.657658994197845 0.325453013181686 0.188962996006012 0.401392996311188 37.6453321011564
2.96 -0.648307979106903 0.329607009887695 0.19420899450779 0.405384987592697 36.9023782741881
2.98 -0.626003980636597 0.332516014575958 0.199551999568939 0.409345000982285 36.1850342415127
3 -0.686173021793365 0.326411008834839 0.204846993088722 0.413163006305695 35.3987633548281
3.02 -0.664354026317596 0.328153997659683 0.210222005844116 0.416929006576538 34.6374773001274
3.04 -0.610696017742157 0.333065986633301 0.215726003050804 0.420682013034821 33.9376663630514
3.06 -0.6266970038414 0.33414700627327 0.22129400074482 0.424378007650375 33.2195197831485
3.08 -0.692523002624512 0.325248003005981 0.226759999990463 0.427904009819031 32.4259166883899
3.1 -0.623857021331787 0.334132999181747 0.23242299258709 0.431452006101608 31.7110383540049
3.12 -0.633947014808655 0.338806003332138 0.238209992647171 0.434976994991302 30.9845828489767
3.14 -0.658743977546692 0.335018008947372 0.24397699534893 0.438389003276825 30.2297103419067
3.16 -0.663591980934143 0.333063989877701 0.249754995107651 0.441704005002975 29.4693395325548
3.18 -0.637941002845764 0.333499014377594 0.255582004785538 0.444947987794876 28.7383009705935
3.2 -0.675714015960693 0.328648000955582 0.261366993188858 0.448069989681244 27.9640068206185
3.22 -0.654796004295349 0.332931011915207 0.267268985509872 0.451153010129929 27.2136610214209
3.24 -0.639787971973419 0.336221009492874 0.273268014192581 0.454189985990524 26.4805051008169
3.26 -0.654079973697662 0.337191998958588 0.279323995113373 0.457157999277115 25.7309618488468
3.28 -0.655857980251312 0.329968005418777 0.285288006067276 0.459984004497528 24.9794122288079
3.3 -0.645514011383057 0.330549001693726 0.291298002004623 0.462736994028091 24.2397249398101
3.32 -0.639072000980377 0.333214998245239 0.297392010688782 0.465434014797211 23.5073698588863
3.34 -0.659920990467072 0.333691000938416 0.303530007600784 0.468055993318558 22.7511808328538
3.36 -0.676984012126923 0.334289997816086 0.309713006019592 0.470598995685577 21.9753959940924
3.38 -0.679593026638031 0.336302995681763 0.315966993570328 0.473073989152908 21.1966314853057
3.4 -0.68522697687149 0.33135399222374 0.322162002325058 0.475427985191345 20.4114500137937
3.42 -0.63754802942276 0.334984987974167 0.32845601439476 0.477723985910416 19.6808707820541
3.44 -0.63918799161911 0.339850008487701 0.334870010614395 0.479972004890442 18.9484012954617
3.46 -0.662829995155334 0.337594002485275 0.341271013021469 0.482122004032135 18.18883132579
3.48 -0.681625008583069 0.333279013633728 0.347617000341415 0.484160006046295 17.4077752885367
3.5 -0.67686802148819 0.331395000219345 0.353955000638962 0.486099988222122 16.6321629120519
3.52 -0.628059029579163 0.334439009428024 0.360376000404358 0.487973988056183 15.9124129452414
3.54 -0.632283985614777 0.339062988758087 0.366908997297287 0.489791989326477 15.1879074592212
3.56 -0.65158599615097 0.343044012784958 0.373542010784149 0.491546005010605 14.4412294716079
3.58 -0.71145498752594 0.335628986358643 0.380053997039795 0.493173986673355 13.6259678469912
3.6 -0.659460008144379 0.332947999238968 0.386534988880157 0.494700014591217 12.8702936464673
3.62 -0.625980973243713 0.334030985832214 0.393056988716125 0.496147006750107 12.1529504675656
3.64 -0.636671006679535 0.334437012672424 0.399605005979538 0.497514009475708 11.4234034481643
3.66 -0.662276029586792 0.336425006389618 0.406208992004395 0.498802989721298 10.6644635634435
3.68 -0.697510004043579 0.339955985546112 0.412898987531662 0.500014007091522 9.86518714280555
3.7 -0.688274025917053 0.337491989135742 0.419557005167007 0.501124978065491 9.07645397292515
3.72 -0.656203985214233 0.334338992834091 0.426167011260986 0.502135992050171 8.32450393304623
3.74 -0.660937011241913 0.338533997535706 0.432873010635376 0.503072023391724 7.56716828900675
3.76 -0.646390974521637 0.345611989498138 0.439729988574982 0.503938019275665 6.82644836078381
3.78 -0.691206991672516 0.335222005844116 0.446393013000488 0.50468897819519 6.03439145009856
3.8 -0.658559024333954 0.33661100268364 0.453092008829117 0.505352973937988 5.27972000672221
3.82 -0.649855017662048 0.34026700258255 0.459872990846634 0.50593501329422 4.53504113010159
3.84 -0.671373009681702 0.33391198515892 0.466533005237579 0.506417989730835 3.76570228236946
3.86 -0.692314982414246 0.332655012607574 0.47317498922348 0.506808996200562 2.97236748597918
3.88 -0.638356983661652 0.337112009525299 0.479909986257553 0.5071160197258 2.24086660558846
3.9 -0.652395009994507 0.34179100394249 0.486741989850998 0.507339000701904 1.49327700116436
3.92 -0.657889008522034 0.3386569917202 0.493514001369476 0.507471024990082 0.739390549294881
3.94 -0.665624022483826 0.340860992670059 0.500330984592438 0.507512986660004 -0.0233572542671007
3.96 -0.705452024936676 0.340144008398056 0.507134020328522 0.507462024688721 -0.831745645848325
3.98 -0.659160017967224 0.337110012769699 0.513875007629395 0.507319986820221 -1.58708740825869
4 -0.653988003730774 0.338809996843338 0.520646989345551 0.507088005542755 -2.3365046218943
4.02 -0.702335000038147 0.338957011699677 0.52741801738739 0.506763994693756 -3.14132139316619
4.04 -0.665692985057831 0.337936997413635 0.534164011478424 0.50634902715683 -3.90414594797742
4.06 -0.605962991714478 0.339884996414185 0.540943026542664 0.505845010280609 -4.59853072664464
4.08 -0.652671992778778 0.341509014368057 0.547748029232025 0.5052530169487 -5.3464351601008
4.1 -0.696147978305817 0.336672991514206 0.554446995258331 0.50457900762558 -6.14417009242044
4.12 -0.731495976448059 0.332195997238159 0.561047971248627 0.50382000207901 -6.98240761963146
4.14 -0.665555000305176 0.340038001537323 0.567791998386383 0.502947986125946 -7.74507166499719
4.16 -0.647360980510712 0.340409994125366 0.574531972408295 0.501986980438232 -8.48687972773229
4.18 -0.634869992733002 0.33943098783493 0.581239998340607 0.50094199180603 -9.21442208661216
4.2 -0.68825101852417 0.345099002122879 0.588045001029968 0.499790012836456 -10.0030980536583
4.22 -0.71840500831604 0.341318994760513 0.594758987426758 0.498555988073349 -10.8263236788472
4.24 -0.659159004688263 0.339724987745285 0.601423978805542 0.497236013412476 -11.5816546623653
4.26 -0.646807014942169 0.340797990560532 0.60809201002121 0.495824009180069 -12.3228326401495
4.28 -0.683956980705261 0.341269999742508 0.614750981330872 0.494322001934052 -13.106581479483
4.3 -0.674467027187347 0.34086400270462 0.621379971504211 0.492731988430023 -13.8794438510532
4.32 -0.677606999874115 0.340286999940872 0.627974987030029 0.491053998470306 -14.6559740342078
4.34 -0.635954976081848 0.342776000499725 0.63459700345993 0.489277988672256 -15.3847193601552
4.36 -0.655673027038574 0.340925008058548 0.641158998012543 0.48742601275444 -16.1360384613095
4.38 -0.605454981327057 0.334628999233246 0.647576987743378 0.485527008771896 -16.829833709274
4.4 -0.625566005706787 0.330482989549637 0.653891026973724 0.483572989702225 -17.5467184117277
4.42 -0.707369029521942 0.337682008743286 0.660315990447998 0.481492012739182 -18.3572808661955
4.44 -0.757102012634277 0.342651009559631 0.666804015636444 0.4792839884758 -19.2248532021181
4.46 -0.683032989501953 0.342619001865387 0.673258006572723 0.476983994245529 -20.0075723904343
4.48 -0.649623990058899 0.340790003538132 0.679647028446198 0.47461000084877 -20.751958849581
4.5 -0.642489016056061 0.345160990953445 0.686087012290955 0.472122997045517 -21.488208845879
4.52 -0.716534972190857 0.341365993022919 0.692421972751617 0.469577014446259 -22.309315404878
4.54 -0.706353008747101 0.340043991804123 0.698695003986359 0.466949999332428 -23.1187320951125
4.56 -0.668626010417938 0.344310998916626 0.705009996891022 0.464204013347626 -23.884891489786
4.58 -0.629235982894897 0.344298005104065 0.71128898859024 0.461376994848251 -24.6059596831063
4.6 -0.667101979255676 0.337662011384964 0.717410027980804 0.458523988723755 -25.3703995776563
4.62 -0.694877982139587 0.337422996759415 0.723487019538879 0.455590009689331 -26.1666391254345
4.64 -0.696702003479004 0.337370991706848 0.729521989822388 0.452571988105774 -26.9649977394027
4.66 -0.679431021213531 0.341973006725311 0.735597014427185 0.449429988861084 -27.743589785913
4.68 -0.665301024913788 0.342467993497849 0.741636991500854 0.446200996637344 -28.5059686708808
4.7 -0.601321995258331 0.343798011541367 0.747659981250763 0.442883014678955 -29.1950630411491
4.72 -0.674235999584198 0.339037001132965 0.753557026386261 0.43953600525856 -29.9676393985478
4.74 -0.695662975311279 0.339401006698608 0.75941401720047 0.436103999614716 -30.7648556633773
4.76 -0.689498007297516 0.342611014842987 0.765277028083801 0.432559013366699 -31.5549617012809
4.78 -0.657842993736267 0.34417399764061 0.771118998527527 0.42891800403595 -32.3087447931783
4.8 -0.641496002674103 0.341758996248245 0.776871979236603 0.425227999687195 -33.0438507327903
4.82 -0.697695016860962 0.340124011039734 0.782549023628235 0.421478986740112 -33.8433551109918
4.84 -0.686797022819519 0.341652005910873 0.788197994232178 0.41763499379158 -34.630370488296
4.86 -0.662783980369568 0.341304987668991 0.793789029121399 0.413717985153198 -35.389884108907
4.88 -0.706652998924255 0.343095004558563 0.799354016780853 0.409705013036728 -36.1996440161473
4.9 -0.628175020217896 0.346145987510681 0.804915010929108 0.405580997467041 -36.9194537471131
4.92 -0.676684021949768 0.339053004980087 0.810308992862701 0.401470988988876 -37.6948919537741
4.94 -0.711755990982056 0.338878989219666 0.81564199924469 0.397289007902145 -38.5104985029439
4.96 -0.67236602306366 0.34434700012207 0.821002006530762 0.392964988946915 -39.2809540866053
4.98 -0.634131014347076 0.342025995254517 0.8262699842453 0.388599991798401 -40.0076384029707
5 -0.676914989948273 0.338930994272232 0.831431984901428 0.384207010269165 -40.7833088360634
5.02 -0.707114994525909 0.341435998678207 0.836570978164673 0.379709988832474 -41.593642479194
5.04 -0.6665940284729 0.347391992807388 0.841736018657684 0.375063002109528 -42.3575103454009
5.06 -0.685133993625641 0.343903988599777 0.846786975860596 0.370395004749298 -43.142575703697
5.08 -0.694670021533966 0.34722900390625 0.851821005344391 0.365610986948013 -43.938644496746
5.1 -0.667747974395752 0.346428006887436 0.856778025627136 0.360769987106323 -44.7038271743682
5.12 -0.654495000839233 0.343353986740112 0.861626982688904 0.355906993150711 -45.4537716999521
5.14 -0.662808001041412 0.344310998916626 0.871141016483307 0.345981985330582 -46.9684446955783
5.16 -0.6910679936409 0.343165993690491 0.875789999961853 0.340932995080948 -47.7603299977607
5.18 -0.674997985363007 0.343876987695694 0.880379021167755 0.335810005664825 -48.5338216005082
5.2 -0.697809994220734 0.343939006328583 0.884898006916046 0.330624014139175 -49.3335001485335
5.22 -0.661975979804993 0.340727001428604 0.889303982257843 0.325426012277603 -50.0920370520933
5.24 -0.650478005409241 0.342954009771347 0.89367002248764 0.32013601064682 -50.837456577352
5.26 -0.697510004043579 0.345158994197845 0.89799302816391 0.314752995967865 -51.6367321442163
5.28 -0.702820003032684 0.342824995517731 0.902209997177124 0.309347003698349 -52.4420831643474
5.3 -0.674121022224426 0.343003004789352 0.906355023384094 0.303880989551544 -53.2146014651381
5.32 -0.689890027046204 0.337536990642548 0.910359978675842 0.298445999622345 -54.0051104842027
5.34 -0.667541027069092 0.341259986162186 0.914333999156952 0.292897999286652 -54.7700677655823
5.36 -0.665763020515442 0.344485998153687 0.918271005153656 0.287243992090225 -55.5329589147379
5.38 -0.681370973587036 0.344469994306564 0.92213100194931 0.281536996364594 -56.313786140654
5.4 -0.68123197555542 0.341621994972229 0.92588198184967 0.275826007127762 -57.0944426118409
5.42 -0.641635000705719 0.343430012464523 0.929575979709625 0.27003601193428 -57.8297773627901
5.44 -0.673128008842468 0.342584013938904 0.93318498134613 0.264212012290955 -58.6009740219765
5.46 -0.688367009162903 0.344350010156631 0.93673300743103 0.258309006690979 -59.3899428333832
5.48 -0.658281981945038 0.343035995960236 0.940187990665436 0.25238099694252 -60.1439547366179
5.5 -0.671164989471436 0.339758008718491 0.943530976772308 0.246464997529984 -60.9134370183226
5.52 -0.690536975860596 0.341006994247437 0.946805000305176 0.240482002496719 -61.7046871129121
5.54 -0.678416013717651 0.34299498796463 0.950016021728516 0.234420001506805 -62.4821948668916
5.56 -0.660106003284454 0.343057990074158 0.953145027160645 0.228314995765686 -63.2384948834981
5.58 -0.650246977806091 0.345887988805771 0.956219971179962 0.222118005156517 -63.9833406728666
5.6 -0.706561028957367 0.3454569876194 0.959206998348236 0.215886995196342 -64.7929298253776
5.62 -0.699079990386963 0.339890986680985 0.962059020996094 0.209717005491257 -65.5945003358031
5.64 -0.686242997646332 0.338248014450073 0.964811980724335 0.203537002205849 -66.3806004677584
5.66 -0.666202008724213 0.342090010643005 0.967510998249054 0.197251006960869 -67.1437784848592
5.68 -0.670265018939972 0.338800013065338 0.970100998878479 0.190989002585411 -67.9121132947834
5.7 -0.668856978416443 0.345014005899429 0.972652971744537 0.184578001499176 -68.6787337272258
5.72 -0.683564007282257 0.347799003124237 0.975138008594513 0.178081005811691 -69.4619651797298
5.74 -0.693745970726013 0.340211987495422 0.977481007575989 0.171692997217178 -70.256657689661
5.76 -0.669896006584167 0.338898003101349 0.979727029800415 0.165297999978065 -71.0244187636948
5.78 -0.64546799659729 0.342956006526947 0.981916010379791 0.15879699587822 -71.76410776024
5.8 -0.691667973995209 0.344036996364594 0.984023988246918 0.152247995138168 -72.5565121567992
5.82 -0.711686015129089 0.339801013469696 0.986015021800995 0.145750001072884 -73.3724055739142
5.84 -0.667263984680176 0.342808991670609 0.987932980060577 0.139166995882988 -74.1367310627955
5.86 -0.649946987628937 0.346069991588593 0.989781022071838 0.132496997714043 -74.8815700219748
5.88 -0.628844022750854 0.340736985206604 0.991517007350922 0.125907003879547 -75.6023530548973
5.9 -0.649532020092011 0.339763998985291 0.993164002895355 0.11931499838829 -76.3466251083755
5.92 -0.715196013450623 0.336645990610123 0.994706988334656 0.112760998308659 -77.165954110643
5.94 -0.671396017074585 0.340104997158051 0.996173024177551 0.106118999421597 -77.9354363923477
5.96 -0.634431004524231 0.338950991630554 0.99754798412323 0.099480502307415 -78.6625236898741
5.98 -0.657173991203308 0.339219003915787 0.998838007450104 0.0928198993206024 -79.4153881213281
6 -0.681463003158569 0.338667005300522 1.00004005432129 0.0861534997820854 -80.1963314604601
6.02 -0.687536001205444 0.340324014425278 1.0011500120163 0.0794385969638824 -80.9841459698972
6.04 -0.717411994934082 0.337994992733002 1.00215995311737 0.0727548003196716 -81.806343651616
6.06 -0.680446982383728 0.338618010282516 1.00308001041412 0.0660452023148537 -82.5861395189675
6.08 -0.623787999153137 0.342566013336182 1.0039199590683 0.0592457987368107 -83.3011851929871
6.1 -0.651910006999969 0.344101995229721 1.00468003749847 0.0524055995047092 -84.0477521900264
6.12 -0.672273993492126 0.343358993530273 1.00534999370575 0.0455707982182503 -84.8183819435117
6.14 -0.681578993797302 0.338652998209 1.00591003894806 0.0388213992118835 -85.5993184524545
6.16 -0.665970981121063 0.341664999723434 1.00638997554779 0.032005000859499 -86.3625032997445
6.18 -0.674537003040314 0.338854998350143 1.0067800283432 0.0252388007938862 -87.1354211666017
6.2 -0.67109602689743 0.341591000556946 1.00706994533539 0.0184132996946573 -87.9043297124161
6.22 -0.56003999710083 0.295231014490128 1.00724995136261 0.0125115001574159 -88.5460464755065
6.24 -0.447551012039185 0.223910003900528 1.00734996795654 0.00803431961685419 -89.0594171539032
6.26 -0.32617399096489 0.184933006763458 1.00740003585815 0.00433597015216947 -89.4329806901788
6.28 -0.261826008558273 0.140863999724388 1.00741994380951 0.00151874998118728 -89.7332153155252
6.3 -0.22435300052166 0.101544000208378 1.00741994380951 -0.000512126018293202 -89.9898938245343
6.32 -0.121931001543999 0.0692880004644394 1.00741994380951 -0.00189787999261171 -90.1297009666553
6.34 -0.0915698036551476 0.0421748012304306 1.00741994380951 -0.00274137989617884 -90.2345512006042
6.36 -0.0765852034091949 0.0174113996326923 1.00741994380951 -0.00308960000984371 -90.3222098484122
6.38 -0.0247741993516684 0.00687586981803179 1.00741004943848 -0.00322711002081633 -90.3508624919804
6.4 -0.0145458998158574 0.004291039891541 1.00741004943848 -0.00331292999908328 -90.3674735120419
6.42 0 0 1.00741004943848 -0.00331292999908328 -90.3674735120419
6.44 0 0 1.00741004943848 -0.00331292999908328 -90.3674735120419
6.46 0 0 1.00741004943848 -0.00331292999908328 -90.3674735120419
6.48 0 0 1.00741004943848 -0.00331292999908328 -90.3674735120419
6.5 0 0 1.00741004943848 -0.00331292999908328 -90.3674735120419
6.52 0 0 1.00741004943848 -0.00331292999908328 -90.3674735120419
6.54 0 0 1.00741004943848 -0.00331292999908328 -90.3674735120419
6.56 0 0 1.00741004943848 -0.00331292999908328 -90.3674735120419
6.58 0 0 1.00741004943848 -0.00331292999908328 -90.3674735120419
6.6 0 0 1.00741004943848 -0.00331292999908328 -90.3674735120419
6.62 0 0 1.00741004943848 -0.00331292999908328 -90.3674735120419
6.64 0 0 1.00741004943848 -0.00331292999908328 -90.3674735120419
6.66 0 0 1.00741004943848 -0.00331292999908328 -90.3674735120419
6.68 0 0 1.00741004943848 -0.00331292999908328 -90.3674735120419
6.7 0 0 1.00741004943848 -0.00331292999908328 -90.3674735120419
6.72 0 0 1.00741004943848 -0.00331292999908328 -90.3674735120419
6.74 0 0 1.00741004943848 -0.00331292999908328 -90.3674735120419
6.76 0 0 1.00741004943848 -0.00331292999908328 -90.3674735120419
6.78 0 0 1.00741004943848 -0.00331292999908328 -90.3674735120419
6.8 0 0 1.00741004943848 -0.00331292999908328 -90.3674735120419
6.82 0 0 1.00741004943848 -0.00331292999908328 -90.3674735120419
6.84 0 0 1.00741004943848 -0.00331292999908328 -90.3674735120419
6.86 0 0 1.00741004943848 -0.00331292999908328 -90.3674735120419
6.88 0 0 1.00741004943848 -0.00331292999908328 -90.3674735120419
6.9 0 0 1.00741004943848 -0.00331292999908328 -90.3674735120419
6.92 0 0 1.00741004943848 -0.00331292999908328 -90.3674735120419
6.94 0 0 1.00741004943848 -0.00331292999908328 -90.3674735120419
6.96 0 0 1.00741004943848 -0.00331292999908328 -90.3674735120419
6.98 0 0 1.00741004943848 -0.00331292999908328 -90.3674735120419
7 0 0 1.00741004943848 -0.00331292999908328 -90.3674735120419
7.02 0 0 1.00741004943848 -0.00331292999908328 -90.3674735120419
7.04 0 0 1.00741004943848 -0.00331292999908328 -90.3674735120419
7.06 0 0 1.00741004943848 -0.00331292999908328 -90.3674735120419
7.08 0 0 1.00741004943848 -0.00331292999908328 -90.3674735120419
7.1 0 0 1.00741004943848 -0.00331292999908328 -90.3674735120419
7.12 0 0 1.00741004943848 -0.00331292999908328 -90.3674735120419
7.14 0 0 1.00741004943848 -0.00331292999908328 -90.3674735120419
7.16 0 0 1.00741004943848 -0.00331292999908328 -90.3674735120419
7.18 0 0 1.00741004943848 -0.00331292999908328 -90.3674735120419
7.2 0 0 1.00741004943848 -0.00331292999908328 -90.3674735120419
7.22 0 0 1.00741004943848 -0.00331292999908328 -90.3674735120419
7.24 0 0 1.00741004943848 -0.00331292999908328 -90.3674735120419
7.26 0 0 1.00741004943848 -0.00331292999908328 -90.3674735120419
7.28 0 0 1.00741004943848 -0.00331292999908328 -90.3674735120419
7.3 0 0 1.00741004943848 -0.00331292999908328 -90.3674735120419
7.32 0 0 1.00741004943848 -0.00331292999908328 -90.3674735120419
7.34 0 0 1.00741004943848 -0.00331292999908328 -90.3674735120419
7.36 0 0 1.00741004943848 -0.00331292999908328 -90.3674735120419
7.38 0 0 1.00741004943848 -0.00331292999908328 -90.3674735120419
7.4 0 0 1.00741004943848 -0.00331292999908328 -90.3674735120419
7.42 0 0 1.00741004943848 -0.00331292999908328 -90.3674735120419
7.44 0 0 1.00741004943848 -0.00331292999908328 -90.3674735120419
7.46 0 0 1.00741004943848 -0.00331292999908328 -90.3674735120419
7.48 0 0 1.00741004943848 -0.00331292999908328 -90.3674735120419
7.5 0 0 1.00741004943848 -0.00331292999908328 -90.3674735120419
7.52 0 0 1.00741004943848 -0.00331292999908328 -90.3674735120419
7.54 0 0 1.00741004943848 -0.00331292999908328 -90.3674735120419
7.56 0 0 1.00741004943848 -0.00331292999908328 -90.3674735120419
7.58 0 0 1.00741004943848 -0.00331292999908328 -90.3674735120419
7.6 0 0 1.00741004943848 -0.00331292999908328 -90.3674735120419
7.62 0 0 1.00741004943848 -0.00331292999908328 -90.3674735120419
7.64 0 0 1.00741004943848 -0.00331292999908328 -90.3674735120419
7.66 0 0 1.00741004943848 -0.00331292999908328 -90.3674735120419
7.68 0 0 1.00741004943848 -0.00331292999908328 -90.3674735120419
7.7 0 0 1.00741004943848 -0.00331292999908328 -90.3674735120419
7.72 0 0 1.00741004943848 -0.00331292999908328 -90.3674735120419
7.74 0 0 1.00741004943848 -0.00331292999908328 -90.3674735120419
7.76 0 0 1.00741004943848 -0.00331292999908328 -90.3674735120419
7.78 0 0 1.00741004943848 -0.00331292999908328 -90.3674735120419
7.8 0 0 1.00741004943848 -0.00331292999908328 -90.3674735120419
7.82 0 0 1.00741004943848 -0.00331292999908328 -90.3674735120419
7.84 0 0 1.00741004943848 -0.00331292999908328 -90.3674735120419
7.86 0 0 1.00741004943848 -0.00331292999908328 -90.3674735120419
7.88 0 0 1.00741004943848 -0.00331292999908328 -90.3674735120419
7.9 0 0 1.00741004943848 -0.00331292999908328 -90.3674735120419
7.92 0 0 1.00741004943848 -0.00331292999908328 -90.3674735120419
7.94 0 0 1.00741004943848 -0.00331292999908328 -90.3674735120419
7.96 0 0 1.00741004943848 -0.00331292999908328 -90.3674735120419
7.98 0 0 1.00741004943848 -0.00331292999908328 -90.3674735120419
8 0 0 1.00741004943848 -0.00331292999908328 -90.3674735120419
8.02 0 0 1.00741004943848 -0.00331292999908328 -90.3674735120419
8.04 0 0 1.00741004943848 -0.00331292999908328 -90.3674735120419
8.06 0 0 1.00741004943848 -0.00331292999908328 -90.3674735120419
8.08 0 0 1.00741004943848 -0.00331292999908328 -90.3674735120419
8.1 0 0 1.00741004943848 -0.00331292999908328 -90.3674735120419
