0 0 0 0 0 0
0.02 0 0 0 0 0
0.04 0 0 0 0 0
0.06 0 0 0 0 0
0.08 0 0 0 0 0
0.1 0 0 0 0 0
0.12 0 0 0 0 0
0.14 0 0 0 0 0
0.16 0 0 0 0 0
0.18 0 0 0 0 0
0.2 0 0 0 0 0
0.22 0 0 0 0 0
0.24 0 0 0 0 0
0.26 0 0 0 0 0
0.28 0 0 0 0 0
0.3 0 0 0 0 0
0.32 0 0 0 0 0
0.34 0 0 0 0 0
0.36 0 0 0 0 0
0.38 0 0 0 0 0
0.4 0 0 0 0 0
0.42 0 0 0 0 0
0.44 0 0 0 0 0
0.46 0 0 0 0 0
0.48 0 0 0 0 0
0.5 0 0 0 0 0
0.52 0 0 0 0 0
0.54 0 0 0 0 0
0.56 0 0 0 0 0
0.58 0 0 0 0 0
0.6 0 0 0 0 0
0.62 0 0 0 0 0
0.64 0 0 0 0 0
0.66 0 0 0 0 0
0.68 0 0 0 0 0
0.7 0 0 0 0 0
0.72 0 0 0 0 0
0.74 0 0 0 0 0
0.76 0 0 0 0 0
0.78 0 0 0 0 0
0.8 0 0 0 0 0
0.82 0 0 0 0 0
0.84 0 0 0 0 0
0.86 0 0 0 0 0
0.88 0 0 0 0 0
0.9 0 0 0 0 0
0.92 0 0 0 0 0
0.94 0 0 0 0 0
0.96 0 0 0 0 0
0.98 0 0 0 0 0
1 0 0 0 0 0
1.02 0 0 0 0 0
1.04 0 0 0 0 0
1.06 0 0 0 0 0
1.08 0 0 0 0 0
1.1 0 0 0 0 0
1.12 0 0 0 0 0
1.14 0 0 0 0 0
1.16 0 0 0 0 0
1.18 0 0 0 0 0
1.2 0 0 0 0 0
1.22 0 0 0 0 0
1.24 0 0 0 0 0
1.26 0 0 0 0 0
1.28 0 0 0 0 0
1.3 0 0 0 0 0
1.32 0 0 0 0 0
1.34 0 0 0 0 0
1.36 0 0 0 0 0
1.38 0 0 0 0 0
1.4 0 0 0 0 0
1.42 0 0 0 0 0
1.44 0 0 0 0 0
1.46 0 0 0 0 0
1.48 0 0 0 0 0
1.5 0 0 0 0 0
1.52 0 0 0 0 0
1.54 0 0 0 0 0
1.56 0 0 0 0 0
1.58 0 0 0 0 0
1.6 0 0 0 0 0
1.62 0 0 0 0 0
1.64 0 0 0 0 0
1.66 0 0 0 0 0
1.68 0 0 0 0 0
1.7 0 0 0 0 0
1.72 0 0 0 0 0
1.74 0 0 0 0 0
1.76 0 0 0 0 0
1.78 0 0 0 0 0
1.8 0 0 0 0 0
1.82 0 0 0 0 0
1.84 0 0 0 0 0
1.86 0 0 0 0 0
1.88 0 0 0 0 0
1.9 0 0 0 0 0
1.92 0 0 0 0 0
1.94 0 0 0 0 0
1.96 0 0 0 0 0
1.98 0 0 0 0 0
2 0 0 0 0 0
2.02 0 0 0 0 0
2.04 0 0 0 0 0
2.06 0 0 0 0 0
2.08 0 0 0 0 0
2.1 0 0 0 0 0
2.12 0 0 0 0 0
2.14 0 0 0 0 0
2.16 0 0 0 0 0
2.18 0 0 0 0 0
2.2 0 0 0 0 0
2.22 0 0 0 0 0
2.24 0 0 0 0 0
2.26 0 0 0 0 0
2.28 0 0 0 0 0
2.3 0 0 0 0 0
2.32 0 0 0 0 0
2.34 0 0 0 0 0
2.36 0 0 0 0 0
2.38 0 0 0 0 0
2.4 0 0 0 0 0
2.42 0 0 0 0 0
2.44 0 0 0 0 0
2.46 0 0 0 0 0
2.48 0 0 0 0 0
2.5 0 0 0 0 0
2.52 0 0 0 0 0
2.54 0 0 0 0 0
2.56 0 0 0 0 0
2.58 0 0 0 0 0
2.6 0 0 0 0 0
2.62 0 0 0 0 0
2.64 0 0 0 0 0
2.66 0 0 0 0 0
2.68 0 0 0 0 0
2.7 0 0 0 0 0
2.72 0 0 0 0 0
2.74 0 0 0 0 0
2.76 0 0 0 0 0
2.78 0 0 0 0 0
2.8 0 0 0 0 0
2.82 0 0 0 0 0
2.84 0 0 0 0 0
2.86 0 0 0 0 0
2.88 0 0 0 0 0
2.9 0 0 0 0 0
2.92 0 0 0 0 0
2.94 0 0 0 0 0
2.96 0 0 0 0 0
2.98 0 0 0 0 0
3 0 0 0 0 0
3.02 0 0 0 0 0
3.04 0 0 0 0 0
3.06 0 0 0 0 0
3.08 0 0 0 0 0
3.1 0 0 0 0 0
3.12 0 0 0 0 0
3.14 0 0 0 0 0
3.16 0 0 0 0 0
3.18 0 0 0 0 0
3.2 0 0 0 0 0
3.22 0 0 0 0 0
3.24 0 0 0 0 0
3.26 0 0 0 0 0
3.28 0 0 0 0 0
3.3 0 0 0 0 0
3.32 0 0 0 0 0
3.34 0 0 0 0 0
3.36 0 0 0 0 0
3.38 0 0 0 0 0
3.4 0 0 0 0 0
3.42 0 0 0 0 0
3.44 0 0 0 0 0
3.46 0 0 0 0 0
3.48 0 0 0 0 0
3.5 0 0 0 0 0
3.52 0 0 0 0 0
3.54 0 0 0 0 0
3.56 0 0 0 0 0
3.58 0 0 0 0 0
3.6 0 0 0 0 0
3.62 0 0 0 0 0
3.64 0 0 0 0 0
3.66 0 0 0 0 0
3.68 0 0 0 0 0
3.7 0 0 0 0 0
3.72 0 0 0 0 0
3.74 0 0 0 0 0
3.76 0 0 0 0 0
3.78 0 0 0 0 0
3.8 0 0 0 0 0
3.82 0 0 0 0 0
3.84 0 0 0 0 0
3.86 0 0 0 0 0
3.88 0 0 0 0 0
3.9 0 0 0 0 0
3.92 0 0 0 0 0
3.94 0 0 0 0 0
3.96 0 0 0 0 0
3.98 0 0 0 0 0
4 0 0 -0.0500000007450581 0 90.000207410181
4.02 0 0 -0.0500000007450581 0 90.000207410181
4.04 0 0 -0.0500000007450581 0 90.000207410181
4.06 0 0 -0.0500000007450581 0 90.000207410181
4.08 0 0 -0.0500000007450581 0 90.000207410181
4.1 0 0 -0.0500000007450581 0 90.000207410181
4.12 0 0 -0.0500000007450581 0 90.000207410181
4.14 0 0 -0.0500000007450581 0 90.000207410181
4.16 0 0 -0.0500000007450581 0 90.000207410181
4.18 0 0 -0.0500000007450581 0 90.000207410181
4.2 0 0 -0.0500000007450581 0 90.000207410181
4.22 0 0 -0.0500000007450581 0 90.000207410181
4.24 0 0 -0.0500000007450581 0 90.000207410181
4.26 0 0 -0.0500000007450581 0 90.000207410181
4.28 0 0 -0.0500000007450581 0 90.000207410181
4.3 0 0 -0.0500000007450581 0 90.000207410181
4.32 0 0 -0.0500000007450581 0 90.000207410181
4.34 0 0 -0.0500000007450581 0 90.000207410181
4.36 0 0 -0.0500000007450581 0 90.000207410181
4.38 0 0 -0.0500000007450581 0 90.000207410181
4.4 0 0 -0.0500000007450581 0 90.000207410181
4.42 0 0 -0.0500000007450581 0 90.000207410181
4.44 0 0 -0.0500000007450581 0 90.000207410181
4.46 0 0 -0.0500000007450581 0 90.000207410181
4.48 0 0 -0.0500000007450581 0 90.000207410181
4.5 0 0 -0.0500000007450581 0 90.000207410181
4.52 0 0 -0.0500000007450581 0 90.000207410181
4.54 0 0 -0.0500000007450581 0 90.000207410181
4.56 0 0 -0.0500000007450581 0 90.000207410181
4.58 0 0 -0.0500000007450581 0 90.000207410181
4.6 0 0 -0.0500000007450581 0 90.000207410181
4.62 0 0 -0.0500000007450581 0 90.000207410181
4.64 0 0 -0.0500000007450581 0 90.000207410181
4.66 0 0 -0.0500000007450581 0 90.000207410181
4.68 0 0 -0.0500000007450581 0 90.000207410181
4.7 0 0 -0.0500000007450581 0 90.000207410181
4.72 0 0 -0.0500000007450581 0 90.000207410181
4.74 0 0 -0.0500000007450581 0 90.000207410181
4.76 0 0 -0.0500000007450581 0 90.000207410181
4.78 0 0 -0.0500000007450581 0 90.000207410181
4.8 0 0 -0.0500000007450581 0 90.000207410181
4.82 0 0 -0.0500000007450581 0 90.000207410181
4.84 0 0 -0.0500000007450581 0 90.000207410181
4.86 0 0 -0.0500000007450581 0 90.000207410181
4.88 0 0 -0.0500000007450581 0 90.000207410181
4.9 0 0 -0.0500000007450581 0 90.000207410181
4.92 0 0 -0.0500000007450581 0 90.000207410181
4.94 0 0 -0.0500000007450581 0 90.000207410181
4.96 0 0 -0.0500000007450581 0 90.000207410181
4.98 0 0 -0.0500000007450581 0 90.000207410181
5 0 0 -0.0500000007450581 0 90.000207410181
5.02 0 0 -0.0500000007450581 0 90.000207410181
5.04 0 0 -0.0500000007450581 0 90.000207410181
5.06 0 0 -0.0500000007450581 0 90.000207410181
5.08 0 0 -0.0500000007450581 0 90.000207410181
5.1 0 0 -0.0500000007450581 0 90.000207410181
5.12 0 0 -0.0500000007450581 0 90.000207410181
5.14 0 0 -0.0500000007450581 0 90.000207410181
5.16 0 0 -0.0500000007450581 0 90.000207410181
5.18 0 0 -0.0500000007450581 0 90.000207410181
5.2 0 0 -0.0500000007450581 0 90.000207410181
5.22 0 0 -0.0500000007450581 0 90.000207410181
5.24 0 0 -0.0500000007450581 0 90.000207410181
5.26 0 0 -0.0500000007450581 0 90.000207410181
5.28 0 0 -0.0500000007450581 0 90.000207410181
5.3 0 0 -0.0500000007450581 0 90.000207410181
5.32 0 0 -0.0500000007450581 0 90.000207410181
5.34 0 0 -0.0500000007450581 0 90.000207410181
5.36 0 0 -0.0500000007450581 0 90.000207410181
5.38 0 0 -0.0500000007450581 0 90.000207410181
5.4 0 0 -0.0500000007450581 0 90.000207410181
5.42 0 0 -0.0500000007450581 0 90.000207410181
5.44 0 0 -0.0500000007450581 0 90.000207410181
5.46 0 0 -0.0500000007450581 0 90.000207410181
5.48 0 0 -0.0500000007450581 0 90.000207410181
5.5 0 0 -0.0500000007450581 0 90.000207410181
5.52 0 0 -0.0500000007450581 0 90.000207410181
5.54 0 0 -0.0500000007450581 0 90.000207410181
5.56 -0.0585528984665871 0.101545996963978 -0.049998801201582 0.00203093001618981 89.9331759336665
5.58 -0.186765000224113 0.279716014862061 -0.0499817989766598 0.00762523012235761 89.7188855786465
5.6 0.373528987169266 0.324912995100021 -0.0499741993844509 0.0141235003247857 90.1468857226071
5.62 0.914197027683258 0.315780997276306 -0.0500481016933918 0.0204387009143829 91.1942542506939
5.64 0.416474014520645 0.327713012695313 -0.050212100148201 0.0269908998161554 91.671527379327
5.66 -0.347947001457214 0.328947007656097 -0.050381101667881 0.0335675999522209 91.273320520526
5.68 -0.629998028278351 0.323908001184464 -0.0504841990768909 0.0400450006127357 90.5513968460121
5.7 -0.337072014808655 0.333281010389328 -0.0505258999764919 0.0467104986310005 90.1646510446383
5.72 -0.278057008981705 0.339264005422592 -0.05052649974823 0.0534957014024258 89.8460841915597
5.74 -0.499523997306824 0.289871990680695 -0.0504820011556149 0.0592929981648922 89.2737006787341
5.76 -0.56181800365448 0.291960000991821 -0.0503752008080482 0.065131202340126 88.630269538162
5.78 -0.36914199590683 0.329257011413574 -0.0501934997737408 0.0717139020562172 88.2068524511344
5.8 -0.568421006202698 0.306607007980347 -0.0499668009579182 0.0778418034315109 87.5554026684767
5.82 -0.585460007190704 0.299001008272171 -0.049676701426506 0.083814799785614 86.8850400920073
5.84 -0.475535005331039 0.320401012897491 -0.0492981001734734 0.0902116000652313 86.3395811848899
5.86 -0.508805990219116 0.318785011768341 -0.0488586984574795 0.0965721979737282 85.7568840864176
5.88 -0.590771019458771 0.30247500538826 -0.0483754985034466 0.102601997554302 85.0796503396431
5.9 -0.573661983013153 0.305076003074646 -0.047817301005125 0.108677998185158 84.4224631980826
5.92 -0.527531027793884 0.313376009464264 -0.0471751987934113 0.114913001656532 83.8179982867255
5.94 -0.527785003185272 0.318980991840363 -0.0464547984302044 0.121252000331879 83.2129528092889
5.96 -0.580449998378754 0.310303002595901 -0.045685600489378 0.127409994602203 82.5477470256428
5.98 -0.545147001743317 0.315196990966797 -0.0448338985443115 0.133655995130539 81.9232218486933
6 -0.512592017650604 0.321478009223938 -0.0438980013132095 0.140017002820969 81.3359416932879
6.02 -0.55426698923111 0.316727995872498 -0.042909000068903 0.146274000406265 80.7005291948015
6.04 -0.576894998550415 0.314070999622345 -0.0418583005666733 0.152466997504234 80.0399132982776
6.06 -0.536974012851715 0.322340995073318 -0.040709100663662 0.158810004591942 79.4245542351943
6.08 -0.525430023670197 0.317824989557266 -0.0395096987485886 0.165052995085716 78.8223774372091
6.1 -0.503934025764465 0.313473999500275 -0.0382632985711098 0.17119699716568 78.2448371315602
6.12 -0.555768013000488 0.319618999958038 -0.0369262993335724 0.177448004484177 77.6077034254028
6.14 -0.547387003898621 0.320266991853714 -0.0355173982679844 0.183697000145912 76.9808901350814
6.16 -0.542237997055054 0.316554009914398 -0.0340577997267246 0.189857006072998 76.3592336375833
6.18 -0.58213597536087 0.320778995752335 -0.0325084999203682 0.19608299434185 75.6923066462664
6.2 -0.486364006996155 0.322667986154556 -0.0308832991868258 0.202327996492386 75.1348197760206
6.22 -0.564195990562439 0.322719007730484 -0.0291923005133867 0.208556994795799 74.4885267861863
6.24 -0.592432975769043 0.319234997034073 -0.0274484008550644 0.214699000120163 73.809571831741
6.26 -0.551243007183075 0.324371993541718 -0.0256051998585463 0.220918998122215 73.177594918407
6.28 -0.52471399307251 0.325224012136459 -0.0236901007592678 0.227135002613068 72.5765655922024
6.3 -0.562601983547211 0.322218000888824 -0.0217259004712105 0.23327299952507 71.9319869798497
6.32 -0.595849990844727 0.322537004947662 -0.0196886993944645 0.239393994212151 71.2490227043616
6.34 -0.560894012451172 0.328801989555359 -0.0175400003790855 0.245609000325203 70.6061652996798
6.36 -0.497238010168076 0.325464993715286 -0.0153480004519224 0.251738011837006 70.0366436361165
6.38 -0.513678014278412 0.325264990329742 -0.0130955995991826 0.257840991020203 69.4482160089305
6.4 -0.595550000667572 0.324409991502762 -0.0107816997915506 0.263902008533478 68.7652517334424
6.42 -0.60171502828598 0.326591014862061 -0.00837936997413635 0.269975990056992 68.0759831933503
6.44 -0.520627021789551 0.326586991548538 -0.00590906012803316 0.276023000478745 67.4795300938896
6.46 -0.507928013801575 0.332152992486954 -0.0033335299231112 0.282146006822586 66.8974067313076
6.48 -0.55655300617218 0.324286013841629 -0.000755502027459443 0.288098007440567 66.2597061194492
6.5 -0.541522979736328 0.329248994588852 0.00192816997878253 0.294111013412476 65.6391902635425
6.52 -0.547040998935699 0.331160008907318 0.00469310022890568 0.300128996372223 65.0123769732211
6.54 -0.54798698425293 0.334096014499664 0.00754885980859399 0.306169986724854 64.384416211119
6.56 -0.578994989395142 0.329181998968124 0.0104294996708632 0.312090009450912 63.7209316351438
6.58 -0.56188702583313 0.326310992240906 0.0133517999202013 0.317925989627838 63.0769267586814
6.6 -0.540507018566132 0.331546008586884 0.0163861997425556 0.323821991682053 62.4575583745553
6.62 -0.512408018112183 0.338324010372162 0.0195457004010677 0.329804986715317 61.8702713889608
6.64 -0.544501006603241 0.330563008785248 0.0226943995803595 0.335617989301682 61.2463267780907
6.66 -0.528801023960114 0.332659006118774 0.025925699621439 0.341434001922607 60.6401338288736
6.68 -0.5485879778862 0.331308990716934 0.0292061008512974 0.347191005945206 60.0115993308813
6.7 -0.577494978904724 0.331023007631302 0.0325482003390789 0.352905988693237 59.3498359625769
6.72 -0.543531000614166 0.33083701133728 0.0359521992504597 0.358579993247986 58.7270251631091
6.74 -0.533394992351532 0.332322001457214 0.0394328013062477 0.364243000745773 58.1156822512578
6.76 -0.577078998088837 0.33474200963974 0.0430017001926899 0.3699069917202 57.4544857886545
6.78 -0.550087988376617 0.331984996795654 0.04660439863801 0.375483989715576 56.8242915546939
6.8 -0.531778991222382 0.331799000501633 0.0502650998532772 0.381018996238709 56.2149533033639
6.82 -0.528546988964081 0.336845993995667 0.0540409982204437 0.386597990989685 55.6092794485237
6.84 -0.549996018409729 0.333999991416931 0.0578442998230457 0.392089992761612 54.9790237428606
6.86 -0.559392988681793 0.337141007184982 0.0617447011172771 0.397590011358261 54.3380002439709
6.88 -0.584466993808746 0.336760997772217 0.0657031983137131 0.403039008378983 53.6682694599997
6.9 -0.514186024665833 0.337002009153366 0.0697242990136147 0.40844801068306 53.0790392855863
6.92 -0.534341990947723 0.336827993392944 0.0737997964024544 0.413812011480331 52.4667196566836
6.94 -0.554428994655609 0.340535014867783 0.0779789015650749 0.419189989566803 51.8313652148051
6.96 -0.5433229804039 0.33567801117897 0.0821563005447388 0.424445986747742 51.2087900568636
6.98 -0.548009991645813 0.334621012210846 0.0863775014877319 0.429639011621475 50.5808292947616
7 -0.566343009471893 0.339648008346558 0.0907206013798714 0.434861987829208 49.9318383802052
7.02 -0.52995502948761 0.339316993951797 0.0951165035367012 0.440032005310059 49.3245628460046
7.04 -0.509890973567963 0.33660900592804 0.0995303019881248 0.445116013288498 48.7402606530773
7.06 -0.555028975009918 0.336414992809296 0.103995002806187 0.45014899969101 48.1042197771872
7.08 -0.569414019584656 0.337462991476059 0.10853099822998 0.455146998167038 47.4517352208702
7.1 -0.559554994106293 0.339345008134842 0.113147996366024 0.460121005773544 46.8105375521568
7.12 -0.53956001996994 0.340232014656067 0.117831997573376 0.465056985616684 46.1922585832032
7.14 -0.532725989818573 0.339156985282898 0.122553996741772 0.46992701292038 45.5817728600927
7.16 -0.570499002933502 0.340216010808945 0.127343997359276 0.474759995937347 44.9280281338739
7.18 -0.538843989372253 0.341230988502502 0.132201001048088 0.479553997516632 44.3105517121479
7.2 -0.513978004455566 0.341666996479034 0.137116000056267 0.484302014112473 43.7216084056796
7.22 -0.53422600030899 0.341219007968903 0.142073005437851 0.488992005586624 43.1094014748983
7.24 -0.565303981304169 0.338779002428055 0.147045001387596 0.493595004081726 42.4616160887303
7.26 -0.512453973293304 0.340191006660461 0.15208800137043 0.498162001371384 41.8743905748383
7.28 -0.518110990524292 0.338407009840012 0.157150998711586 0.502654016017914 41.2806934567077
7.3 -0.513054013252258 0.346619993448257 0.162384003400803 0.507200002670288 40.692781508804
7.32 -0.547918021678925 0.347171008586884 0.167673006653786 0.511699020862579 40.0649334448234
7.34 -0.538959980010986 0.339738011360168 0.17289699614048 0.516044020652771 39.4472862683681
7.36 -0.546163022518158 0.340620011091232 0.178180992603302 0.520344018936157 38.8214428649088
7.38 -0.543946981430054 0.344065010547638 0.183566004037857 0.524627983570099 38.1981232163478
7.4 -0.563480019569397 0.339859992265701 0.188931003212929 0.528801023960114 37.5524551888226
7.42 -0.525914013385773 0.34425100684166 0.194411993026733 0.532968997955322 36.949762711555
7.44 -0.540183007717133 0.346486985683441 0.199972003698349 0.53710401058197 36.3307938934954
7.46 -0.530116975307465 0.345288991928101 0.205557003617287 0.541166007518768 35.7232895479576
7.48 -0.52522200345993 0.343115001916885 0.211149007081985 0.545144021511078 35.1214542594309
7.5 -0.553044021129608 0.342660009860992 0.216775998473167 0.549054980278015 34.4877049120073
7.52 -0.543299973011017 0.344830006361008 0.222481995820999 0.552928984165192 33.8651297540658
7.54 -0.541429996490479 0.345723003149033 0.228244006633759 0.556751012802124 33.2446719547671
7.56 -0.522405028343201 0.348791986703873 0.234098002314568 0.560545027256012 32.6460468551503
7.58 -0.508875012397766 0.349056988954544 0.239996001124382 0.564280986785889 32.062946775517
7.6 -0.507466971874237 0.344837993383408 0.245858997106552 0.567911982536316 31.4813937337307
7.62 -0.552236020565033 0.343012988567352 0.251729011535645 0.571462988853455 30.8486211033584
7.64 -0.544477999210358 0.348296999931335 0.25772899389267 0.575002014636993 30.2246696622992
7.66 -0.508158981800079 0.349848002195358 0.263792008161545 0.578492999076843 29.6423721298933
7.68 -0.546532988548279 0.347342997789383 0.269849002361298 0.581896007061005 29.0160711037597
7.7 -0.54392397403717 0.345571011304855 0.275911003351212 0.585215985774994 28.3928095118066
7.72 -0.509105980396271 0.347725003957748 0.282045990228653 0.588491022586823 27.8094225642281
7.74 -0.529654979705811 0.349123001098633 0.288239002227783 0.59171599149704 27.202488539486
7.76 -0.525498986244202 0.345077008008957 0.294393002986908 0.594838976860046 26.6003100339536
7.78 -0.539605975151062 0.345463007688522 0.300588011741638 0.59789901971817 25.9819166593315
7.8 -0.519749999046326 0.348618000745773 0.306870996952057 0.600920975208282 25.3863275788007
7.82 -0.549072027206421 0.343059986829758 0.313086003065109 0.603829026222229 24.7571629958575
7.84 -0.475766003131866 0.34790500998497 0.319418996572495 0.606711983680725 24.2119926642326
7.86 -0.519241988658905 0.348866999149323 0.325796991586685 0.609540998935699 23.6169773195922
7.88 -0.566457986831665 0.347618997097015 0.332183003425598 0.612290024757385 22.9678719993671
7.9 -0.555745005607605 0.346859008073807 0.338584989309311 0.61496102809906 22.3310302837968
7.92 -0.509522020816803 0.353915989398956 0.345146000385284 0.617617011070251 21.7471293644833
7.94 -0.506681978702545 0.355446994304657 0.351761996746063 0.620217978954315 21.1665513322009
7.96 -0.534896016120911 0.34757998585701 0.358258008956909 0.622693002223969 20.5535999108001
7.98 -0.517163991928101 0.349198013544083 0.364809989929199 0.625110983848572 19.9609905002948
8 -0.481260985136032 0.356916010379791 0.371531009674072 0.627515971660614 19.4094612625525
8.02 -0.538636982440948 0.350558996200562 0.378156006336212 0.629809975624084 18.7922700012244
8.04 -0.518617987632751 0.347589999437332 0.384748995304108 0.632014989852905 18.1979410905955
8.06 -0.498762011528015 0.353540986776352 0.391476988792419 0.634190022945404 17.6264164740581
8.08 -0.548910975456238 0.350262999534607 0.398164987564087 0.636274993419647 16.9974226458441
8.1 -0.529654979705811 0.350668013095856 0.404882997274399 0.638288974761963 16.390488621102
8.12 -0.506658017635345 0.353630006313324 0.411677986383438 0.640250980854034 15.809854239759
8.14 -0.490934997797012 0.352961987257004 0.418480008840561 0.642140984535217 15.2473232748112
8.16 -0.543299973011017 0.346933990716934 0.425184011459351 0.643929004669189 14.6247481168697
8.18 -0.501810014247894 0.352293998003006 0.432009994983673 0.645673990249634 14.0497272972509
8.2 -0.540484011173248 0.354413002729416 0.438896000385284 0.647356986999512 13.4303597668984
8.22 -0.526814997196198 0.349774986505508 0.445708006620407 0.648945987224579 12.8266914263532
8.24 -0.465561002492905 0.35343399643898 0.452607989311218 0.650483012199402 12.2931529068848
8.26 -0.495968014001846 0.351262003183365 0.459479004144669 0.651944994926453 11.72483677171
8.28 -0.542123019695282 0.348686009645462 0.466315001249313 0.653325021266937 11.1036353355653
8.3 -0.521273970603943 0.35282701253891 0.473246991634369 0.654648005962372 10.5062695520768
8.32 -0.492204993963242 0.357585996389389 0.480284988880157 0.65591698884964 9.94225045966353
8.34 -0.48717200756073 0.350692003965378 0.487199008464813 0.657095015048981 9.38401739125092
8.36 -0.462051004171371 0.354009985923767 0.494190007448196 0.658217012882233 8.8545471032069
8.38 -0.54133802652359 0.349335014820099 0.501098990440369 0.659255027770996 8.23420541712405
8.4 -0.522982001304626 0.349440008401871 0.508020997047424 0.66022002696991 7.63489217594839
8.42 -0.509706020355225 0.352117985486984 0.515006005764008 0.661119997501373 7.05081879435832
8.44 -0.475304007530212 0.359474003314972 0.522144973278046 0.661967992782593 6.50616499578935
8.46 -0.532055974006653 0.353361010551453 0.529170989990234 0.662732005119324 5.89648053924585
8.48 -0.499339997768402 0.354584991931915 0.536228001117706 0.663425028324127 5.32426778114951
8.5 -0.542423009872437 0.35215300321579 0.543244004249573 0.664040982723236 4.70270007611065
8.52 -0.503679990768433 0.353976011276245 0.550302982330322 0.664584994316101 4.1255251855823
8.54 -0.466230005025864 0.356236010789871 0.557411015033722 0.665064990520477 3.5912652273828
8.56 -0.502318024635315 0.351767003536224 0.564435005187988 0.665470004081726 3.01564868720227
8.58 -0.508343994617462 0.353803992271423 0.571502983570099 0.665807008743286 2.43312831987474
8.6 -0.51894199848175 0.350520014762878 0.578508973121643 0.666068017482758 1.83846686441068
8.62 -0.485347986221313 0.357849985361099 0.585663020610809 0.666262984275818 1.28229672657083
8.64 -0.498600989580154 0.355062991380692 0.592763006687164 0.666386008262634 0.710943238288592
8.66 -0.520973980426788 0.35165199637413 0.599795997142792 0.666436970233917 0.113952714997986
8.68 -0.475535005331039 0.353372991085052 0.606863975524902 0.666417002677917 -0.430970262393393
8.7 -0.456371009349823 0.356682986021042 0.613996982574463 0.666330993175507 -0.953934635170423
8.72 -0.452145993709564 0.358193010091782 0.621159017086029 0.666180014610291 -1.47205464291777
8.74 -0.525798976421356 0.354732006788254 0.628250002861023 0.665960013866425 -2.07457711250798
8.76 -0.536835014820099 0.354110985994339 0.635326027870178 0.665665984153748 -2.68974471685113
8.78 -0.46110400557518 0.357910990715027 0.642475008964539 0.665296971797943 -3.21813199302489
8.8 -0.520304024219513 0.353477001190186 0.649531006813049 0.664862990379334 -3.81435756180888
8.82 -0.476482003927231 0.354400992393494 0.656601011753082 0.664358019828796 -4.36036331094669
8.84 -0.481445997953415 0.356613993644714 0.663709998130798 0.663780987262726 -4.91205903454995
8.86 -0.502318024635315 0.353042006492615 0.670741975307465 0.663142025470734 -5.48767536128706
8.88 -0.452677011489868 0.354386001825333 0.677793979644775 0.662432014942169 -6.00637401412316
8.9 -0.501186013221741 0.354669988155365 0.684844970703125 0.661653995513916 -6.58070669218313
8.92 -0.476550996303558 0.35403499007225 0.691874980926514 0.660808980464935 -7.12679269604369
8.94 -0.483061999082565 0.352764010429382 0.69887101650238 0.659900009632111 -7.68032744808098
8.96 -0.46934700012207 0.357459992170334 0.705951988697052 0.658910989761353 -8.21816301031098
8.98 -0.513400018215179 0.356368988752365 0.713001012802124 0.657855987548828 -8.80647623182833
9 -0.470963001251221 0.354456007480621 0.720000982284546 0.656737983226776 -9.34620204891114
9.02 -0.447342991828918 0.357082009315491 0.727042973041534 0.655547022819519 -9.85882738291462
9.04 -0.495321989059448 0.356023013591766 0.734052002429962 0.65429300069809 -10.4263998812436
9.06 -0.468192994594574 0.356090992689133 0.741050004959106 0.652971029281616 -10.9629172169638
9.08 -0.521389007568359 0.355542987585068 0.748023986816406 0.651583015918732 -11.5603974061209
9.1 -0.453669995069504 0.360231995582581 0.755075991153717 0.650107026100159 -12.0802422500771
9.12 -0.466692000627518 0.354106992483139 0.761994004249573 0.648591995239258 -12.6150409394474
9.14 -0.46135801076889 0.354214996099472 0.768899977207184 0.647013008594513 -13.1437095340376
9.16 -0.514438986778259 0.357077986001968 0.775846004486084 0.645353972911835 -13.7332257226225
9.18 -0.482300013303757 0.358590006828308 0.782805025577545 0.64361697435379 -14.285900724598
9.2 -0.482784986495972 0.354586988687515 0.78966897726059 0.641834020614624 -14.8391477549165
9.22 -0.460480988025665 0.357618987560272 0.796573996543884 0.639971017837524 -15.366784990942
9.24 -0.451568990945816 0.35971999168396 0.803502023220062 0.638032972812653 -15.8842811035974
9.26 -0.483408004045486 0.350060999393463 0.81022697687149 0.636084020137787 -16.4382162754748
9.28 -0.473919004201889 0.354746013879776 0.817022025585175 0.634043991565704 -16.9812658333624
9.3 -0.483570009469986 0.357120007276535 0.823843002319336 0.631924986839294 -17.5353734675163
9.32 -0.428180009126663 0.360940009355545 0.830717027187347 0.629720985889435 -18.0260542574902
9.34 -0.459396004676819 0.353780001401901 0.837435007095337 0.627499997615814 -18.5524876726745
9.36 -0.470524996519089 0.358904004096985 0.844228982925415 0.625183999538422 -19.0916406076407
9.38 -0.499224007129669 0.354268014431 0.850912988185883 0.622834026813507 -19.6637389600684
9.4 -0.396295011043549 0.357836008071899 0.857643008232117 0.620398998260498 -20.1178662851517
9.42 -0.458842009305954 0.354258000850677 0.864284992218018 0.617931008338928 -20.643669615385
9.44 -0.430004000663757 0.359176009893417 0.870995998382568 0.615369975566864 -21.1364131224883
9.46 -0.490518987178802 0.351785004138947 0.877546012401581 0.612801015377045 -21.6984847572144
9.48 -0.482392013072968 0.353040009737015 0.884093999862671 0.610158026218414 -22.2512741648585
9.5 -0.46145099401474 0.352061003446579 0.890597999095917 0.607461988925934 -22.7800571651173
9.52 -0.43418300151825 0.358895987272263 0.897203981876373 0.604654014110565 -23.2776142480381
9.54 -0.468077003955841 0.355536997318268 0.903723001480103 0.601813018321991 -23.8139599752554
9.56 -0.475073009729385 0.359421014785767 0.910284996032715 0.598879992961884 -24.3583841087135
9.58 -0.467177003622055 0.356649994850159 0.916769981384277 0.595907986164093 -24.8936984773661
9.6 -0.431690007448196 0.358752995729446 0.923264980316162 0.592859029769897 -25.3883902959301
9.62 -0.493243992328644 0.354662001132965 0.929657995700836 0.589785993099213 -25.9536123554109
9.64 -0.440533012151718 0.3610720038414 0.936137020587921 0.58659702539444 -26.4584452973451
9.66 -0.450253009796143 0.357270002365112 0.942520022392273 0.583384990692139 -26.9743943721534
9.68 -0.43104299902916 0.359771013259888 0.948917984962463 0.58009397983551 -27.4682836434899
9.7 -0.462698012590408 0.357160985469818 0.955241024494171 0.576770007610321 -27.9984992759271
9.72 -0.4324049949646 0.361963003873825 0.961618006229401 0.573342978954315 -28.4940499907792
9.74 -0.482784986495972 0.357035011053085 0.967876970767975 0.569907009601593 -29.047240672037
9.76 -0.431136012077332 0.359643995761871 0.974150002002716 0.566386997699738 -29.54130240565
9.78 -0.463851988315582 0.355392009019852 0.980318009853363 0.562853991985321 -30.0728345570498
9.8 -0.417697995901108 0.35732701420784 0.986486971378326 0.559247016906738 -30.5514839688007
9.82 -0.440993994474411 0.362895011901855 0.992721021175385 0.5555300116539 -31.0568325900171
9.84 -0.470894008874893 0.359353989362717 0.998861014842987 0.551793992519379 -31.596444855205
9.86 -0.445728003978729 0.358177006244659 1.00495004653931 0.548012971878052 -32.107179080582
9.88 -0.466668993234634 0.355926990509033 1.01095998287201 0.544202029705048 -32.6419794774996
9.9 -0.411302000284195 0.362771987915039 1.01705002784729 0.540262997150421 -33.1132932660819
9.92 -0.451546013355255 0.360915005207062 1.02307999134064 0.536292016506195 -33.6307313221293
9.94 -0.42704901099205 0.360210001468658 1.02906000614166 0.53227698802948 -34.1200938855933
9.96 -0.479968011379242 0.354366004467011 1.03490996360779 0.528272986412048 -34.6700777930359
9.98 -0.420744985342026 0.359811991453171 1.04080998897552 0.524155020713806 -35.1522208465472
10 -0.391631007194519 0.362915009260178 1.04673004150391 0.519953012466431 -35.6009608599226
10.02 -0.440809994935989 0.35666298866272 1.05251002311707 0.5157750248909 -36.1061387264098
10.04 -0.444249987602234 0.362361997365952 1.05834996700287 0.511478006839752 -36.6152132158185
10.06 -0.45805698633194 0.356460005044937 1.06404995918274 0.507200002670288 -37.1400995931558
10.08 -0.379186004400253 0.362397998571396 1.06981003284454 0.502802014350891 -37.5745713413551
10.1 -0.394979000091553 0.362962007522583 1.07554996013641 0.498351991176605 -38.027207977652
10.12 -0.489156991243362 0.358799993991852 1.08117997646332 0.493903994560242 -38.5877342820784
10.14 -0.485601991415024 0.361721992492676 1.08680999279022 0.489363998174667 -39.1441897937595
10.16 -0.427186995744705 0.361485004425049 1.09239995479584 0.484777003526688 -39.6337265270474
10.18 -0.379485994577408 0.360451012849808 1.09792995452881 0.480156987905502 -40.0686012564077
10.2 -0.425617009401321 0.36557599902153 1.10351002216339 0.475427001714706 -40.5563006688088
10.22 -0.458241999149323 0.361025005578995 1.1089700460434 0.47070699930191 -41.0814192725779
10.24 -0.473064988851547 0.353958994150162 1.11427998542786 0.46603000164032 -41.6234938209615
10.26 -0.407539010047913 0.366456985473633 1.11974000930786 0.461138993501663 -42.0905114205559
10.28 -0.42476299405098 0.365491986274719 1.12514996528625 0.456216990947723 -42.5772375310003
10.3 -0.386319994926453 0.35877200961113 1.13040995597839 0.45134100317955 -43.0199635628115
10.32 -0.407030999660492 0.359304994344711 1.13565003871918 0.44641700387001 -43.4863493699076
10.34 -0.458588004112244 0.360765993595123 1.1408599615097 0.441428005695343 -44.0118675397432
10.36 -0.414604008197784 0.364412993192673 1.14608001708984 0.436342000961304 -44.4869652531256
10.38 -0.383111000061035 0.360967993736267 1.15120995044708 0.431264013051987 -44.9259654167446
10.4 -0.434668004512787 0.361014991998672 1.15629994869232 0.426142990589142 -45.4240945280084
10.42 -0.42349299788475 0.365184009075165 1.16139996051788 0.420917987823486 -45.9093897138217
10.44 -0.41899099946022 0.363375008106232 1.1664400100708 0.415677011013031 -46.3894700502037
10.46 -0.423516005277634 0.360163003206253 1.17139005661011 0.410441011190414 -46.8748232926249
10.48 -0.383134007453918 0.365339010953903 1.17636001110077 0.405088990926743 -47.3138234562439
10.5 -0.410863995552063 0.360363006591797 1.18122005462646 0.399771004915237 -47.7846796221518
10.52 -0.451453000307083 0.359185993671417 1.18603003025055 0.394428998231888 -48.3020049800779
10.54 -0.399758011102676 0.360642999410629 1.19079995155334 0.389023989439011 -48.7600818620487
10.56 -0.41864401102066 0.35911500453949 1.19552004337311 0.383603990077972 -49.2398206889722
10.58 -0.419429004192352 0.363568991422653 1.20024001598358 0.378075987100601 -49.7204167046365
10.6 -0.420284003019333 0.366367012262344 1.20494997501373 0.372465997934341 -50.2020474939601
10.62 -0.449283003807068 0.359876990318298 1.2095400094986 0.366916000843048 -50.7169071535958
10.64 -0.37576898932457 0.364430010318756 1.21413004398346 0.361256986856461 -51.1474856939682
10.66 -0.392715990543365 0.366955012083054 1.21870994567871 0.355522990226746 -51.5974858772454
10.68 -0.420722007751465 0.361387014389038 1.22318005561829 0.349839985370636 -52.0796289307568
10.7 -0.441987007856369 0.363427996635437 1.22762000560761 0.34408700466156 -52.5860669671459
10.72 -0.372027993202209 0.369414985179901 1.23208999633789 0.338201999664307 -53.0124039600436
10.74 -0.360206991434097 0.364212989807129 1.23644995689392 0.332367986440659 -53.4251625368714
10.76 -0.41084098815918 0.359025001525879 1.24070000648499 0.326584011316299 -53.8959640612659
10.78 -0.413749992847443 0.364333003759384 1.2449699640274 0.320679008960724 -54.3700850575971
10.8 -0.40022000670433 0.365801006555557 1.24921000003815 0.314714998006821 -54.8286810339448
10.82 -0.411971986293793 0.360841006040573 1.25334000587463 0.308798998594284 -55.3007973697545
10.84 -0.403082996606827 0.360368996858597 1.25741994380951 0.302857011556625 -55.7626581765255
10.86 -0.381541013717651 0.365871995687485 1.261510014534 0.29679200053215 -56.1998824909603
10.88 -0.405600011348724 0.359575003385544 1.26549005508423 0.290798991918564 -56.664666618696
10.9 -0.434044003486633 0.363341987133026 1.26945996284485 0.284711003303528 -57.1620512393403
10.92 -0.392138987779617 0.371517986059189 1.27346003055573 0.278452008962631 -57.6114776867273
10.94 -0.37738499045372 0.364863008260727 1.27734994888306 0.272275000810623 -58.044060887621
10.96 -0.392715990543365 0.35877799987793 1.2811199426651 0.266171991825104 -58.4938356746556
10.98 -0.392924010753632 0.363406002521515 1.28489995002747 0.259961009025574 -58.9441773673914
11 -0.368750005960464 0.371524006128311 1.2887099981308 0.253580987453461 -59.3664469826384
11.02 -0.369304001331329 0.364093989133835 1.29238998889923 0.247301995754242 -59.7898640696659
11.04 -0.414950013160706 0.361395001411438 1.2960000038147 0.241041004657745 -60.2654228208174
11.06 -0.39460900425911 0.365034013986588 1.29960000514984 0.234687000513077 -60.717485721224
11.08 -0.385765999555588 0.363613992929459 1.30313003063202 0.228330001235008 -61.1598087718742
11.1 -0.34748500585556 0.362637013196945 1.30660998821259 0.221965000033379 -61.5580156306752
11.12 -0.437045991420746 0.364371985197067 1.31005001068115 0.215542003512383 -62.058777779864
11.14 -0.409732013940811 0.366719990968704 1.31345999240875 0.209049001336098 -62.5280322664115
11.16 -0.343098014593124 0.366106986999512 1.31682002544403 0.202540993690491 -62.9210823323892
11.18 -0.355127990245819 0.366881996393204 1.3201299905777 0.195996001362801 -63.3284553050564
11.2 -0.419937014579773 0.364199012517929 1.32337999343872 0.189473003149033 -63.8097377547323
11.22 -0.416220009326935 0.361535996198654 1.32653999328613 0.182971000671387 -64.2864371474752
11.24 -0.355058014392853 0.367390006780624 1.32969999313354 0.176339998841286 -64.6932363842521
11.26 -0.36140701174736 0.367935985326767 1.33282995223999 0.169676005840302 -65.1074873574135
11.28 -0.389252007007599 0.363579005002975 1.33586001396179 0.163067996501923 -65.5532459932162
11.3 -0.406845986843109 0.361057996749878 1.33881998062134 0.156481996178627 -66.0196318003123
11.32 -0.365031987428665 0.368129998445511 1.34178996086121 0.149744004011154 -66.4378920945165
11.34 -0.356373995542526 0.368474990129471 1.34470999240875 0.142978996038437 -66.8464125389643
11.36 -0.372489988803864 0.36369800567627 1.34755003452301 0.136280000209808 -67.2732652111443
11.38 -0.388236999511719 0.366688996553421 1.35035002231598 0.12950499355793 -67.7178832053556
11.4 -0.345061004161835 0.3680340051651 1.35311996936798 0.122684001922607 -68.1137951205955
11.42 -0.358451992273331 0.365635007619858 1.35581994056702 0.115888997912407 -68.5240367727141
11.44 -0.348569989204407 0.367523014545441 1.35848999023438 0.109039001166821 -68.9239580089969
11.46 -0.421507000923157 0.365723013877869 1.36108994483948 0.102202996611595 -69.4069616663436
11.48 -0.396086990833282 0.366187006235123 1.36363995075226 0.0953371971845627 -69.8607457744211
11.5 -0.339958012104034 0.363294988870621 1.36611998081207 0.0885069966316223 -70.2503534250571
11.52 -0.355358004570007 0.367657989263535 1.36857998371124 0.0815775990486145 -70.657152661834
11.54 -0.348524004220963 0.367579996585846 1.37099003791809 0.074632503092289 -71.0565069924156
11.56 -0.377061992883682 0.367159008979797 1.37335002422333 0.0676781013607979 -71.4890901933093
11.58 -0.403798013925552 0.361874997615814 1.37562000751495 0.0608058013021946 -71.9514666793626
11.6 -0.367294996976852 0.366557002067566 1.37785995006561 0.0538270995020866 -72.3725888228291
11.62 -0.296898007392883 0.366492986679077 1.38005995750427 0.0468349009752274 -72.7129303189817
11.64 -0.361292004585266 0.368052005767822 1.38223004341125 0.0397984981536865 -73.1266007260637
11.66 -0.349631994962692 0.369387000799179 1.3843400478363 0.0327214002609253 -73.5271025284258
11.68 -0.384149998426437 0.366409987211227 1.38639998435974 0.0256859995424747 -73.9677043714052
11.7 -0.353904008865356 0.316992998123169 1.3881299495697 0.0195866003632545 -74.3727892307004
11.72 -0.324535012245178 0.248353004455566 1.3894499540329 0.0147988004609942 -74.7452121253846
11.74 -0.257277011871338 0.211377993226051 1.39055001735687 0.0107174003496766 -75.0397093918282
11.76 -0.237975001335144 0.172153994441032 1.39143002033234 0.0073888897895813 -75.3124388453869
11.78 -0.184224992990494 0.132083997130394 1.39209997653961 0.00483229989185929 -75.5238605209555
11.8 -0.129435002803802 0.0992577970027924 1.39259004592896 0.00290952995419502 -75.671679474973
11.82 -0.0994430035352707 0.0755733028054237 1.39295995235443 0.00144470995292068 -75.7857026529772
11.84 -0.0691737979650497 0.0486685000360012 1.39320003986359 0.000500970985740423 -75.8653426586996
11.86 -0.0154694002121687 0.0334456004202366 1.39336001873016 -0.000147712999023497 -75.8831011505416
11.88 -0.0283068008720875 0.0150226997211576 1.39344000816345 -0.000439113995525986 -75.9151893792623
11.9 -0.0168316997587681 0.0089968703687191 1.39347994327545 -0.000613649026490748 -75.9346690787752
11.92 -0.0512107983231544 0.00453214999288321 1.3934999704361 -0.000701586017385125 -75.9931081773139
11.94 -0.0309388991445303 0.00273808999918401 1.39351999759674 -0.000754724023863673 -76.0286319911871
11.96 0 0 1.39351999759674 -0.000754724023863673 -76.0286319911871
11.98 0 0 1.39351999759674 -0.000754724023863673 -76.0286319911871
12 0 0 1.39351999759674 -0.000754724023863673 -76.0286319911871
12.02 0 0 1.39351999759674 -0.000754724023863673 -76.0286319911871
12.04 0 0 1.39351999759674 -0.000754724023863673 -76.0286319911871
12.06 0 0 1.39351999759674 -0.000754724023863673 -76.0286319911871
12.08 0 0 1.39351999759674 -0.000754724023863673 -76.0286319911871
12.1 0 0 1.39351999759674 -0.000754724023863673 -76.0286319911871
12.12 0 0 1.39351999759674 -0.000754724023863673 -76.0286319911871
12.14 0 0 1.39351999759674 -0.000754724023863673 -76.0286319911871
12.16 0 0 1.39351999759674 -0.000754724023863673 -76.0286319911871
12.18 0 0 1.39351999759674 -0.000754724023863673 -76.0286319911871
12.2 0 0 1.39351999759674 -0.000754724023863673 -76.0286319911871
12.22 0 0 1.39351999759674 -0.000754724023863673 -76.0286319911871
12.24 0 0 1.39351999759674 -0.000754724023863673 -76.0286319911871
12.26 0 0 1.39351999759674 -0.000754724023863673 -76.0286319911871
12.28 0 0 1.39351999759674 -0.000754724023863673 -76.0286319911871
12.3 0 0 1.39351999759674 -0.000754724023863673 -76.0286319911871
12.32 0 0 1.39351999759674 -0.000754724023863673 -76.0286319911871
12.34 0 0 1.39351999759674 -0.000754724023863673 -76.0286319911871
12.36 0 0 1.39351999759674 -0.000754724023863673 -76.0286319911871
12.38 0 0 1.39351999759674 -0.000754724023863673 -76.0286319911871
12.4 0 0 1.39351999759674 -0.000754724023863673 -76.0286319911871
12.42 0 0 1.39351999759674 -0.000754724023863673 -76.0286319911871
12.44 0 0 1.39351999759674 -0.000754724023863673 -76.0286319911871
12.46 0 0 1.39351999759674 -0.000754724023863673 -76.0286319911871
12.48 0 0 1.39351999759674 -0.000754724023863673 -76.0286319911871
12.5 0 0 1.39351999759674 -0.000754724023863673 -76.0286319911871
12.52 0 0 1.39351999759674 -0.000754724023863673 -76.0286319911871
12.54 0 0 1.39351999759674 -0.000754724023863673 -76.0286319911871
12.56 0 0 1.39351999759674 -0.000754724023863673 -76.0286319911871
12.58 0 0 1.39351999759674 -0.000754724023863673 -76.0286319911871
12.6 0 0 1.39351999759674 -0.000754724023863673 -76.0286319911871
12.62 0 0 1.39351999759674 -0.000754724023863673 -76.0286319911871
12.64 0 0 1.39351999759674 -0.000754724023863673 -76.0286319911871
12.66 0 0 1.39351999759674 -0.000754724023863673 -76.0286319911871
12.68 0 0 1.39351999759674 -0.000754724023863673 -76.0286319911871
12.7 0 0 1.39351999759674 -0.000754724023863673 -76.0286319911871
12.72 0 0 1.39351999759674 -0.000754724023863673 -76.0286319911871
12.74 0 0 1.39351999759674 -0.000754724023863673 -76.0286319911871
12.76 0 0 1.39351999759674 -0.000754724023863673 -76.0286319911871
12.78 0 0 1.39351999759674 -0.000754724023863673 -76.0286319911871
12.8 0 0 1.39351999759674 -0.000754724023863673 -76.0286319911871
12.82 0 0 1.39351999759674 -0.000754724023863673 -76.0286319911871
12.84 0 0 1.39351999759674 -0.000754724023863673 -76.0286319911871
12.86 0 0 1.39351999759674 -0.000754724023863673 -76.0286319911871
12.88 0 0 1.39351999759674 -0.000754724023863673 -76.0286319911871
12.9 0 0 1.39351999759674 -0.000754724023863673 -76.0286319911871
12.92 0 0 1.39351999759674 -0.000754724023863673 -76.0286319911871
12.94 0 0 1.39351999759674 -0.000754724023863673 -76.0286319911871
12.96 0 0 1.39351999759674 -0.000754724023863673 -76.0286319911871
12.98 0 0 1.39351999759674 -0.000754724023863673 -76.0286319911871
13 0 0 1.39351999759674 -0.000754724023863673 -76.0286319911871
13.02 0 0 1.39351999759674 -0.000754724023863673 -76.0286319911871
13.04 0 0 1.39351999759674 -0.000754724023863673 -76.0286319911871
13.06 0 0 1.39351999759674 -0.000754724023863673 -76.0286319911871
