0 0 0 -0.0486687012016773 0.00161015999037772 51.0639456502297
0.02 0 0 -0.0486687012016773 0.00161015999037772 51.0639456502297
0.04 0 0 -0.0486687012016773 0.00161015999037772 51.0639456502297
0.06 0 0 -0.0486687012016773 0.00161015999037772 51.0639456502297
0.08 0 0 -0.0486687012016773 0.00161015999037772 51.0639456502297
0.1 0 0 -0.0486687012016773 0.00161015999037772 51.0639456502297
0.12 0 0 -0.0486687012016773 0.00161015999037772 51.0639456502297
0.14 0 0 -0.0486687012016773 0.00161015999037772 51.0639456502297
0.16 0 0 -0.0486687012016773 0.00161015999037772 51.0639456502297
0.18 0 0 -0.0486687012016773 0.00161015999037772 51.0639456502297
0.2 0 0 -0.0486687012016773 0.00161015999037772 51.0639456502297
0.22 0 0 -0.0486687012016773 0.00161015999037772 51.0639456502297
0.24 0 0 -0.0486687012016773 0.00161015999037772 51.0639456502297
0.26 0 0 -0.0486687012016773 0.00161015999037772 51.0639456502297
0.28 0 0 -0.0486687012016773 0.00161015999037772 51.0639456502297
0.3 0 0 -0.0486687012016773 0.00161015999037772 51.0639456502297
0.32 0 0 -0.0486687012016773 0.00161015999037772 51.0639456502297
0.34 0 0 -0.0486687012016773 0.00161015999037772 51.0639456502297
0.36 0 0 -0.0486687012016773 0.00161015999037772 51.0639456502297
0.38 0 0 -0.0486687012016773 0.00161015999037772 51.0639456502297
0.4 0 0 -0.0486687012016773 0.00161015999037772 51.0639456502297
0.42 0 0 -0.0486687012016773 0.00161015999037772 51.0639456502297
0.44 0 0 -0.0486687012016773 0.00161015999037772 51.0639456502297
0.46 0 0 -0.0486687012016773 0.00161015999037772 51.0639456502297
0.48 0 0 -0.0486687012016773 0.00161015999037772 51.0639456502297
0.5 0 0 -0.0486687012016773 0.00161015999037772 51.0639456502297
0.52 0 0 -0.0486687012016773 0.00161015999037772 51.0639456502297
0.54 0 0 -0.0486687012016773 0.00161015999037772 51.0639456502297
0.56 0 0 -0.0486687012016773 0.00161015999037772 51.0639456502297
0.58 0 0 -0.0486687012016773 0.00161015999037772 51.0639456502297
0.6 0 0 -0.0486687012016773 0.00161015999037772 51.0639456502297
0.62 0 0 -0.0486687012016773 0.00161015999037772 51.0639456502297
0.64 0 0 -0.0486687012016773 0.00161015999037772 51.0639456502297
0.66 0 0 -0.0486687012016773 0.00161015999037772 51.0639456502297
0.68 0 0 -0.0486687012016773 0.00161015999037772 51.0639456502297
0.7 0 0 -0.0486687012016773 0.00161015999037772 51.0639456502297
0.72 0 0 -0.0486687012016773 0.00161015999037772 51.0639456502297
0.74 0 0 -0.0486687012016773 0.00161015999037772 51.0639456502297
0.76 0 0 -0.0486687012016773 0.00161015999037772 51.0639456502297
0.78 0 0 -0.0486687012016773 0.00161015999037772 51.0639456502297
0.8 0 0 -0.0486687012016773 0.00161015999037772 51.0639456502297
0.82 0 0 -0.0486687012016773 0.00161015999037772 51.0639456502297
0.84 0 0 -0.0486687012016773 0.00161015999037772 51.0639456502297
0.86 0 0 -0.0486687012016773 0.00161015999037772 51.0639456502297
0.88 0 0 -0.0486687012016773 0.00161015999037772 51.0639456502297
0.9 0 0 -0.0486687012016773 0.00161015999037772 51.0639456502297
0.92 0 0 -0.0486687012016773 0.00161015999037772 51.0639456502297
0.94 0 0 -0.0486687012016773 0.00161015999037772 51.0639456502297
0.96 0 0 -0.0486687012016773 0.00161015999037772 51.0639456502297
0.98 0 0 -0.0486687012016773 0.00161015999037772 51.0639456502297
1 0 0 -0.0486687012016773 0.00161015999037772 51.0639456502297
1.02 0 0 -0.0486687012016773 0.00161015999037772 51.0639456502297
1.04 0 0 -0.0486687012016773 0.00161015999037772 51.0639456502297
1.06 0 0 -0.0486687012016773 0.00161015999037772 51.0639456502297
1.08 0 0 -0.0486687012016773 0.00161015999037772 51.0639456502297
1.1 0 0 -0.0486687012016773 0.00161015999037772 51.0639456502297
1.12 0 0 -0.0486687012016773 0.00161015999037772 51.0639456502297
1.14 0 0 -0.0486687012016773 0.00161015999037772 51.0639456502297
1.16 0 0 -0.0486687012016773 0.00161015999037772 51.0639456502297
1.18 0 0 -0.0486687012016773 0.00161015999037772 51.0639456502297
1.2 0 0 -0.0486687012016773 0.00161015999037772 51.0639456502297
1.22 0 0 -0.0486687012016773 0.00161015999037772 51.0639456502297
1.24 0 0 -0.0486687012016773 0.00161015999037772 51.0639456502297
1.26 0 0 -0.0486687012016773 0.00161015999037772 51.0639456502297
1.28 0 0 -0.0486687012016773 0.00161015999037772 51.0639456502297
1.3 0 0 -0.0486687012016773 0.00161015999037772 51.0639456502297
1.32 0 0 -0.0486687012016773 0.00161015999037772 51.0639456502297
1.34 0 0 -0.0486687012016773 0.00161015999037772 51.0639456502297
1.36 0 0 -0.0486687012016773 0.00161015999037772 51.0639456502297
1.38 0 0 -0.0486687012016773 0.00161015999037772 51.0639456502297
1.4 0 0 -0.0486687012016773 0.00161015999037772 51.0639456502297
1.42 0 0 -0.0486687012016773 0.00161015999037772 51.0639456502297
1.44 0 0 -0.0486687012016773 0.00161015999037772 51.0639456502297
1.46 0 0 -0.0486687012016773 0.00161015999037772 51.0639456502297
1.48 0 0 -0.0486687012016773 0.00161015999037772 51.0639456502297
1.5 0 0 -0.0486687012016773 0.00161015999037772 51.0639456502297
1.52 0 0 -0.0486687012016773 0.00161015999037772 51.0639456502297
1.54 0 0 -0.0486687012016773 0.00161015999037772 51.0639456502297
1.56 0 0 -0.0486687012016773 0.00161015999037772 51.0639456502297
1.58 0 0 -0.0486687012016773 0.00161015999037772 51.0639456502297
1.6 0 0 -0.0486687012016773 0.00161015999037772 51.0639456502297
1.62 0 0 -0.0486687012016773 0.00161015999037772 51.0639456502297
1.64 0 0 -0.0486687012016773 0.00161015999037772 51.0639456502297
1.66 0 0 -0.0486687012016773 0.00161015999037772 51.0639456502297
1.68 0 0 -0.0486687012016773 0.00161015999037772 51.0639456502297
1.7 0 0 -0.0486687012016773 0.00161015999037772 51.0639456502297
1.72 0 0 -0.0486687012016773 0.00161015999037772 51.0639456502297
1.74 0 0 -0.0486687012016773 0.00161015999037772 51.0639456502297
1.76 0 0 -0.0486687012016773 0.00161015999037772 51.0639456502297
1.78 0 0 -0.0486687012016773 0.00161015999037772 51.0639456502297
1.8 0 0 -0.0486687012016773 0.00161015999037772 51.0639456502297
1.82 0 0 -0.0486687012016773 0.00161015999037772 51.0639456502297
1.84 0 0 -0.0486687012016773 0.00161015999037772 51.0639456502297
1.86 0 0 -0.0486687012016773 0.00161015999037772 51.0639456502297
1.88 0 0 -0.0486687012016773 0.00161015999037772 51.0639456502297
1.9 0 0 -0.0486687012016773 0.00161015999037772 51.0639456502297
1.92 0 0 -0.0486687012016773 0.00161015999037772 51.0639456502297
1.94 0 0 -0.0486687012016773 0.00161015999037772 51.0639456502297
1.96 0 0 -0.0486687012016773 0.00161015999037772 51.0639456502297
1.98 0 0 -0.0486687012016773 0.00161015999037772 51.0639456502297
2 0 0 -0.0486687012016773 0.00161015999037772 51.0639456502297
2.02 0 0 -0.0486687012016773 0.00161015999037772 51.0639456502297
2.04 0 0 -0.0486687012016773 0.00161015999037772 51.0639456502297
2.06 0 0 -0.0486687012016773 0.00161015999037772 51.0639456502297
2.08 0 0 -0.0486687012016773 0.00161015999037772 51.0639456502297
2.1 0 0 -0.0486687012016773 0.00161015999037772 51.0639456502297
2.12 0 0 -0.0486687012016773 0.00161015999037772 51.0639456502297
2.14 0 0 -0.0486687012016773 0.00161015999037772 51.0639456502297
2.16 0 0 -0.0486687012016773 0.00161015999037772 51.0639456502297
2.18 0 0 -0.0486687012016773 0.00161015999037772 51.0639456502297
2.2 0 0 -0.0486687012016773 0.00161015999037772 51.0639456502297
2.22 0 0 -0.0486687012016773 0.00161015999037772 51.0639456502297
2.24 0 0 -0.0486687012016773 0.00161015999037772 51.0639456502297
2.26 0 0 -0.0486687012016773 0.00161015999037772 51.0639456502297
2.28 0 0 -0.0486687012016773 0.00161015999037772 51.0639456502297
2.3 0 0 -0.0486687012016773 0.00161015999037772 51.0639456502297
2.32 0 0 -0.0486687012016773 0.00161015999037772 51.0639456502297
2.34 0 0 -0.0486687012016773 0.00161015999037772 51.0639456502297
2.36 0 0 -0.0486687012016773 0.00161015999037772 51.0639456502297
2.38 0 0 -0.0486687012016773 0.00161015999037772 51.0639456502297
2.4 0 0 -0.0486687012016773 0.00161015999037772 51.0639456502297
2.42 0 0 -0.0486687012016773 0.00161015999037772 51.0639456502297
2.44 0 0 -0.0486687012016773 0.00161015999037772 51.0639456502297
2.46 0 0 -0.0486687012016773 0.00161015999037772 51.0639456502297
2.48 0 0 -0.0486687012016773 0.00161015999037772 51.0639456502297
2.5 0 0 -0.0486687012016773 0.00161015999037772 51.0639456502297
2.52 0 0 -0.0486687012016773 0.00161015999037772 51.0639456502297
2.54 0 0 -0.0486687012016773 0.00161015999037772 51.0639456502297
2.56 0 0 -0.0486687012016773 0.00161015999037772 51.0639456502297
2.58 0 0 -0.0486687012016773 0.00161015999037772 51.0639456502297
2.6 0 0 -0.0486687012016773 0.00161015999037772 51.0639456502297
2.62 0 0 -0.0486687012016773 0.00161015999037772 51.0639456502297
2.64 0 0 -0.0486687012016773 0.00161015999037772 51.0639456502297
2.66 0 0 -0.0486687012016773 0.00161015999037772 51.0639456502297
2.68 0 0 -0.0486687012016773 0.00161015999037772 51.0639456502297
2.7 0 0 -0.0486687012016773 0.00161015999037772 51.0639456502297
2.72 0 0 -0.0486687012016773 0.00161015999037772 51.0639456502297
2.74 0 0 -0.0486687012016773 0.00161015999037772 51.0639456502297
2.76 0 0 -0.0486687012016773 0.00161015999037772 51.0639456502297
2.78 0 0 -0.0486687012016773 0.00161015999037772 51.0639456502297
2.8 0 0 -0.0486687012016773 0.00161015999037772 51.0639456502297
2.82 0 0 -0.0486687012016773 0.00161015999037772 51.0639456502297
2.84 0 0 -0.0486687012016773 0.00161015999037772 51.0639456502297
2.86 0 0 -0.0486687012016773 0.00161015999037772 51.0639456502297
2.88 -0.365817010402679 0.0908268988132477 -0.0475219003856182 0.00301895989105105 50.6447120540688
2.9 -1.08752000331879 0.230727002024651 -0.0445570982992649 0.00655501987785101 49.3985303796212
2.92 -1.36243999004364 0.286231011152267 -0.0407726988196373 0.0108503000810742 47.8372789089501
2.94 -1.13039994239807 0.325087010860443 -0.0363542996346951 0.0156199997290969 46.5419335328567
2.96 -0.826206028461456 0.351132988929749 -0.0314818993210793 0.0206774994730949 45.5951805214335
2.98 -0.670565009117126 0.390428990125656 -0.0259808003902435 0.0262193009257317 44.8267295982934
3 -0.562717974185944 0.415012985467911 -0.0200610999017954 0.0320375002920628 44.1819221746036
3.02 -0.376392006874084 0.447154998779297 -0.0136243002489209 0.0382460989058018 43.7505991436118
3.04 -0.20830599963665 0.462945997714996 -0.00692274980247021 0.0446349009871483 43.5119045226872
3.06 -0.0970186963677406 0.454192012548447 -0.000328805996105075 0.0508828014135361 43.4007500241344
3.08 -0.0152155002579093 0.45244899392128 0.00624682009220123 0.0570993013679981 43.3832749851429
3.1 0.0439607985317707 0.456970989704132 0.012886400334537 0.0633798018097878 43.433695441596
3.12 0.109995000064373 0.45491498708725 0.0194863993674517 0.0696422979235649 43.5597465827286
3.14 0.122693002223969 0.443636000156403 0.025908600538969 0.075764499604702 43.7002948003746
3.16 0.161066994071007 0.442748993635178 0.0323004983365536 0.0818926021456718 43.8849011532618
3.18 0.193091005086899 0.442775994539261 0.0386710986495018 0.088043600320816 44.1061753767081
3.2 0.128211006522179 0.437316000461578 0.0449436008930206 0.094139002263546 44.2530825004714
3.22 0.128974005579948 0.428698986768723 0.051077101379633 0.100129999220371 44.4008502280701
3.24 0.109532997012138 0.429827004671097 0.0572125017642975 0.10615199804306 44.5263822748258
3.26 0.0257207993417978 0.427073001861572 0.063300296664238 0.112143002450466 44.5558340505269
3.28 0.0383041016757488 0.422600001096725 0.0693207010626793 0.118074998259544 44.5997214310388
3.3 0.0124909002333879 0.417602002620697 0.0752668008208275 0.123939998447895 44.6140477528229
3.32 -0.00288610998541117 0.418157011270523 0.0812204033136368 0.129813998937607 44.6107795073051
3.34 -0.029161000624299 0.413522988557816 0.087109699845314 0.13561999797821 44.5773184105612
3.36 -0.00281673995777965 0.40862101316452 0.0929310992360115 0.141356006264687 44.5741116367459
3.38 -0.0211494006216526 0.409601986408234 0.0987678989768028 0.147103995084763 44.5498747104761
3.4 0.0083119897171855 0.410459995269775 0.10461799800396 0.152863994240761 44.5593857488953
3.42 -0.0265753008425236 0.408648014068604 0.110443003475666 0.158597007393837 44.5289606712375
3.44 -0.0358337014913559 0.407460004091263 0.11625400185585 0.164308995008469 44.4878804984744
3.46 -0.0308232996612787 0.405999004840851 0.122048996388912 0.169998005032539 44.4525854959384
3.48 -0.0398513004183769 0.407267987728119 0.127865001559258 0.17569999396801 44.4068642096343
3.5 -0.0347254015505314 0.404698014259338 0.133650004863739 0.181361004710197 44.367102263381
3.52 -0.0428524985909462 0.408266007900238 0.139488995075226 0.187068998813629 44.3180000334378
3.54 -0.0232503991574049 0.403023988008499 0.145257994532585 0.192699000239372 44.2913554654856
3.56 -0.0210107993334532 0.400341004133224 0.1509899944067 0.198289006948471 44.2672927090396
3.58 -0.0148229999467731 0.400505006313324 0.156727001070976 0.203878998756409 44.2502752927225
3.6 -0.00429455982521176 0.404345989227295 0.162520006299019 0.209521993994713 44.2453473112364
3.62 -0.0277525000274181 0.396299988031387 0.168199002742767 0.215049996972084 44.2135493655554
3.64 0.00584142003208399 0.40004500746727 0.173932999372482 0.220630005002022 44.2202531962257
3.66 0.0138071002438664 0.401939004659653 0.179693996906281 0.226236999034882 44.2360650841543
3.68 0.0112212002277374 0.396609991788864 0.18537600338459 0.231771007180214 44.2489570662127
3.7 0.0251668002456427 0.398575991392136 0.191084995865822 0.237334996461868 44.2777770494156
3.72 0.0193715002387762 0.400368005037308 0.196816995739937 0.242926999926567 44.2999512585561
3.74 0.0206875000149012 0.403905004262924 0.202597007155418 0.248569995164871 44.3236725055435
3.76 0.0319546982645988 0.399659007787704 0.208314001560211 0.254155993461609 44.3602823194948
3.78 -0.00875077024102211 0.396288990974426 0.213981002569199 0.259696990251541 44.3502556017932
3.8 -0.0160466004163027 0.400200009346008 0.219705000519753 0.26529198884964 44.3318653174529
3.82 -0.0196946002542973 0.401446998119354 0.225448995828629 0.270900994539261 44.3093461837594
3.84 -0.024312499910593 0.39606499671936 0.231119006872177 0.276432991027832 44.2814448609999
3.86 0.00537974014878273 0.38867199420929 0.236683994531631 0.281861007213593 44.2876330123879
3.88 0.00708823977038264 0.391090989112854 0.242283001542091 0.287322998046875 44.2957677676894
3.9 -0.0102514997124672 0.389315009117126 0.247856006026268 0.292760014533997 44.2840232574116
3.92 -0.00219341996125877 0.390861988067627 0.253452986478806 0.298218011856079 44.2815029176078
3.94 0.0065339501015842 0.393572002649307 0.259088009595871 0.303714007139206 44.2889512388977
3.96 0.0181016009300947 0.399450987577438 0.264804989099503 0.309293985366821 44.3096911083125
3.98 -0.00170849997084588 0.39486101269722 0.270456999540329 0.314810007810593 44.307744504399
4 0.0155616998672485 0.39496698975563 0.276109009981155 0.320329010486603 44.325561052849
4.02 -0.0195562001317739 0.394098997116089 0.281747996807098 0.325834989547729 44.3031580323714
4.04 -0.0285376999527216 0.396394014358521 0.287423014640808 0.331371009349823 44.2704994828549
4.06 -0.0309388991445303 0.396876007318497 0.293108999729156 0.336910009384155 44.2350337255896
4.08 -0.0452537015080452 0.395168006420136 0.298774003982544 0.342420011758804 44.1831823445055
4.1 -0.024889700114727 0.39785298705101 0.304480999708176 0.347965002059937 44.1546492292477
4.12 -0.0470549985766411 0.394165992736816 0.310140013694763 0.353453010320663 44.1007317159396
4.14 -0.0682962983846664 0.392870992422104 0.315786004066467 0.358918011188507 44.022467993335
4.16 -0.0338479988276958 0.393860012292862 0.321451991796494 0.364389985799789 43.9836793490385
4.18 -0.0172010008245707 0.396539002656937 0.327160000801086 0.3698970079422 43.9639674230938
4.2 -0.00434069987386465 0.398380011320114 0.332895010709763 0.37542799115181 43.9589848000943
4.22 0.00498725986108184 0.402339994907379 0.338687002658844 0.381013005971909 43.9647119137134
4.24 -0.0148000000044703 0.400507003068924 0.344453006982803 0.386572986841202 43.9477525540042
4.26 -0.00791949965059757 0.402072012424469 0.350243002176285 0.392154008150101 43.938644496746
4.28 0.00219341996125877 0.402954995632172 0.356045991182327 0.397745996713638 43.9411648365498
4.3 -0.0172933991998434 0.402263998985291 0.361840009689331 0.403328001499176 43.9213402124838
4.32 -0.0211724005639553 0.399255990982056 0.367592990398407 0.408865004777908 43.897103286214
4.34 -0.028745599091053 0.399690002202988 0.373355001211166 0.414406001567841 43.8641578687524
4.36 -0.0326936990022659 0.400528997182846 0.379132002592087 0.419954985380173 43.8266874509657
4.38 -0.00877366960048676 0.399066001176834 0.384891003370285 0.425482004880905 43.8166607332641
4.4 -0.0195562001317739 0.398680001497269 0.390644997358322 0.431001007556915 43.7942577127865
4.42 0.00251669995486736 0.401425987482071 0.396441012620926 0.43655800819397 43.7971229771433
4.44 0.0268984008580446 0.403342992067337 0.402262002229691 0.442142009735107 43.8279476208676
4.46 0.0216111000627279 0.402303010225296 0.408064991235733 0.447715997695923 43.8527002264197
4.48 -0.00318631995469332 0.406471014022827 0.413928002119064 0.453346997499466 43.8490324148354
4.5 -0.00445620017126203 0.406715005636215 0.419793993234634 0.458981990814209 43.84393367862
4.52 0.00475641991943121 0.407341986894608 0.425669014453888 0.464626014232636 43.8493773393885
4.54 -0.0179399996995926 0.410477995872498 0.431591004133224 0.470311999320984 43.828866281311
4.56 -0.0220266003161669 0.410888999700546 0.437521010637283 0.476002007722855 43.8035979964765
4.58 -0.0211490001529455 0.407554000616074 0.443403989076614 0.481642991304398 43.7793610702067
4.6 -0.0327858999371529 0.406405985355377 0.449274986982346 0.487264007329941 43.7417745392041
4.62 -0.0181245002895594 0.405811011791229 0.455139994621277 0.492875009775162 43.7210346697893
4.64 -0.0447227992117405 0.404814004898071 0.460992991924286 0.498468011617661 43.6697536095009
4.66 -0.00881997030228376 0.402049988508224 0.466809988021851 0.504019975662231 43.6596688351913
4.68 -0.0163004994392395 0.402907997369766 0.472640991210938 0.509581983089447 43.6409916829059
4.7 -0.00487159006297588 0.404406011104584 0.478493988513947 0.515164017677307 43.6354353240161
4.72 -0.0378424003720284 0.399096995592117 0.484272986650467 0.520669996738434 43.592060207692
4.74 -0.0213338993489742 0.400186002254486 0.490070998668671 0.526187002658844 43.567594470085
4.76 -0.00133925001136959 0.401764005422592 0.495893001556396 0.531724989414215 43.5660508473325
4.78 0.00170849997084588 0.402653992176056 0.501727998256683 0.537275016307831 43.567997451246
4.8 0.00016147100541275 0.402987986803055 0.507568001747131 0.542829990386963 43.5682262625832
4.82 -0.00912002008408308 0.406805008649826 0.513463973999023 0.548436999320984 43.5577419222072
4.84 -0.022257499396801 0.403434991836548 0.519312024116516 0.553996026515961 43.5322448260356
4.86 -0.00660332012921572 0.401362985372543 0.52513200044632 0.55952399969101 43.5246803915298
4.88 -0.00235506007447839 0.403827011585236 0.530988991260529 0.565086007118225 43.5219892969968
4.9 -0.052665401250124 0.399652987718582 0.53678697347641 0.570586979389191 43.4616548209634
4.92 -0.0171317998319864 0.398936003446579 0.542578995227814 0.57607501745224 43.4420043667213
4.94 -0.00632617017254233 0.398568004369736 0.548367977142334 0.581556022167206 43.4347848567686
4.96 0.00789626967161894 0.399482995271683 0.554168999195099 0.587049007415771 43.4437802159055
4.98 0.00126987998373806 0.394825994968414 0.559902012348175 0.59247899055481 43.4452691971446
5 0.0317238010466099 0.399307012557983 0.565698027610779 0.597972989082336 43.4815955582453
5.02 0.00978964008390903 0.401277005672455 0.571520984172821 0.603496015071869 43.4928243892408
5.04 0.00759621988981962 0.404339998960495 0.577386975288391 0.609062016010284 43.5015328804326
5.06 -0.0153540996834636 0.397294998168945 0.583151996135712 0.614530980587006 43.4839451433198
5.08 -0.0120294000953436 0.402227014303207 0.588989019393921 0.620065987110138 43.470134500818
5.1 -0.0163235999643803 0.404372990131378 0.594860017299652 0.625629007816315 43.4514573485326
5.12 -0.0311005003750324 0.402206987142563 0.600700974464417 0.631160020828247 43.4158208365381
5.14 -0.0167853999882936 0.40081799030304 0.606525003910065 0.636668026447296 43.3965699483624
5.16 -0.0463851988315582 0.402375012636185 0.612375020980835 0.642194986343384 43.3434549822818
5.18 -0.0227655991911888 0.404329985380173 0.618256986141205 0.647743999958038 43.3173295087065
5.2 -0.0376809015870094 0.397056013345718 0.624037027359009 0.65318900346756 43.2741832037195
5.22 -0.013183600269258 0.39877000451088 0.629844009876251 0.658656001091003 43.2590577498025
5.24 -0.0542352981865406 0.398364990949631 0.635649979114532 0.664111971855164 43.1968927830716
5.26 -0.0205259006470442 0.396342992782593 0.641430020332336 0.669537007808685 43.1734003474213
5.28 0.0115443002432585 0.397798985242844 0.647230982780457 0.674980998039246 43.1866372540328
5.3 0.028260700404644 0.397015005350113 0.65301901102066 0.680417001247406 43.2190089356041
5.32 -0.00417905999347568 0.398434996604919 0.658825993537903 0.685873985290527 43.2141970673338
5.34 0.0162544008344412 0.401665985584259 0.664680004119873 0.691375017166138 43.2328161630113
5.36 -0.00632617017254233 0.401374995708466 0.670529007911682 0.696874022483826 43.2255966530586
5.38 -0.0184016991406679 0.396685987710953 0.676311016082764 0.702305972576141 43.2045118590907
5.4 -0.000923704006709158 0.397873014211655 0.682111978530884 0.707754015922546 43.2034258590127
5.42 -0.000231009995331988 0.400411009788513 0.687949001789093 0.713235974311829 43.2031936325809
5.44 -0.0341943986713886 0.393792003393173 0.693692028522491 0.718626022338867 43.164005422218
5.46 -0.00812727957963943 0.394113004207611 0.699442028999329 0.724017977714539 43.154665138528
5.48 -0.0087044695392251 0.396448999643326 0.705226004123688 0.729439973831177 43.1446964774343
5.5 -0.0460618995130062 0.395072013139725 0.710994005203247 0.734840989112854 43.0919264359068
5.52 0.00884304009377956 0.395422995090485 0.716768980026245 0.740243971347809 43.1020692668243
5.54 -0.0180783998221159 0.399819999933243 0.722607970237732 0.745706975460052 43.0813259823149
5.56 -0.0246123000979424 0.404085010290146 0.728511989116669 0.751226007938385 43.0531377916103
5.58 -0.0150768999010324 0.402657002210617 0.734398007392883 0.756722986698151 43.035833507348
5.6 0.000762064009904861 0.400274008512497 0.74024897813797 0.762185990810394 43.0367521677914
5.62 -0.0185861997306347 0.405301004648209 0.746174991130829 0.767717003822327 43.0154351473918
5.64 -0.0351179018616676 0.405844002962112 0.752111971378326 0.773252010345459 42.9752155784642
5.66 -0.0240815002471209 0.402828007936478 0.758006989955902 0.778743028640747 42.9475977085552
5.68 -0.0433375015854836 0.404850989580154 0.763936996459961 0.784256994724274 42.8979217427217
5.7 -0.0229270998388529 0.405602991580963 0.769881010055542 0.789776980876923 42.8716801559305
5.72 -0.0385350994765759 0.398393988609314 0.775722026824951 0.795195996761322 42.8275059074734
5.74 -0.00706516997888684 0.403389990329742 0.781639993190765 0.800679981708527 42.8194292087799
5.76 -0.0535426996648312 0.402612000703812 0.787549018859863 0.806150019168854 42.7580633741819
5.78 -0.041882898658514 0.400406986474991 0.793430984020233 0.811583995819092 42.7100505594113
5.8 -0.0192328002303839 0.398593991994858 0.799290001392365 0.816990971565247 42.6879924634867
5.82 -0.0164854004979134 0.399565011262894 0.805164992809296 0.822408020496368 42.6691411413775
5.84 -0.0277987997978926 0.396699994802475 0.810999989509583 0.827782988548279 42.6372851390885
5.86 0.0123062003403902 0.401345014572144 0.816904008388519 0.833221018314362 42.6513792344408
5.88 -0.00253960001282394 0.403169006109238 0.822835028171539 0.838684022426605 42.6484559134761
5.9 0.00293225003406405 0.400519013404846 0.828727006912231 0.844111979007721 42.6518368571152
5.92 0.0118675995618105 0.397951006889343 0.83458000421524 0.849505007266998 42.6654152731852
5.94 -0.0155386002734303 0.40029901266098 0.840466976165771 0.854929983615875 42.6475987247352
5.96 -0.00288610998541117 0.400707006454468 0.846361994743347 0.860359013080597 42.6443304792174
5.98 -0.0168548002839088 0.399282991886139 0.852236986160278 0.865768015384674 42.6249668929204
6 -0.0205260999500752 0.398728996515274 0.858106017112732 0.871167004108429 42.6014744572701
6.02 -0.0151231996715069 0.399129986763 0.863982975482941 0.876569986343384 42.5841155314945
6.04 -0.025374399498105 0.398328989744186 0.869849979877472 0.881959021091461 42.5550667369545
6.06 -0.0248665995895863 0.395361989736557 0.875675976276398 0.887305021286011 42.5265882632101
6.08 -0.0201334003359079 0.398685991764069 0.881552994251251 0.892692983150482 42.5034988087208
6.1 -0.045831099152565 0.400947988033295 0.88746702671051 0.898109018802643 42.4509575785305
6.12 -0.0180783998221159 0.399800002574921 0.893368005752563 0.903505027294159 42.4302757657237
6.14 -0.0116135999560356 0.40132799744606 0.899293005466461 0.908918976783752 42.4169261609909
6.16 -0.0286532007157803 0.403506994247437 0.905252993106842 0.914361000061035 42.3840934416506
6.18 -0.0320239998400211 0.403093993663788 0.911208987236023 0.919794023036957 42.3474255710914
6.2 -0.0145690003409982 0.401811003684998 0.917149007320404 0.925206005573273 42.3307530793274
6.22 -0.0316082984209061 0.402464002370834 0.923102021217346 0.930625021457672 42.2944847748346
6.24 -0.0574216991662979 0.401062995195389 0.929037988185883 0.936019003391266 42.2287100531274
6.26 -0.0585759989917278 0.39818999171257 0.934938013553619 0.941367983818054 42.1615590483024
6.28 -0.0493405014276505 0.401345014572144 0.940891027450562 0.946753025054932 42.1050631385826
6.3 -0.0463851988315582 0.401582002639771 0.946852028369904 0.952135026454926 42.0518935309886
6.32 -0.0208027008920908 0.39910900592804 0.95278000831604 0.957481026649475 42.0280595858799
6.34 -0.00140844995621592 0.400543987751007 0.95873099565506 0.962844014167786 42.0264544914249
6.36 -0.00295514008030295 0.399185001850128 0.96466201543808 0.968189001083374 42.0230735477857
6.38 0.0275448001921177 0.399668991565704 0.970597982406616 0.973541021347046 42.0545880406162
6.4 0.0274985004216433 0.403391987085342 0.976586997509003 0.97894698381424 42.0860991183521
6.42 0.0197407994419336 0.402987986803055 0.982568025588989 0.984350025653839 42.1087309501669
6.44 -0.0206873994320631 0.399459004402161 0.988496005535126 0.989705979824066 42.0850097031794
6.46 -0.0100439004600048 0.34757599234581 0.993655025959015 0.994364976882935 42.0735520608467
6.48 -0.118537001311779 0.271712988615036 0.997693002223969 0.998000979423523 41.9377030133497
6.5 -0.0786402001976967 0.221483007073402 1.00099003314972 1.00095999240875 41.8475752521568
6.52 -0.050772100687027 0.186425000429153 1.00376999378204 1.00345003604889 41.7894230215633
6.54 -0.0700972974300385 0.145236998796463 1.00593996047974 1.00538003444672 41.7090931667347
6.56 -0.0218880996108055 0.109298996627331 1.00757002830505 1.00682997703552 41.6839990517241
6.58 -0.0105283996090293 0.0772631987929344 1.00872004032135 1.00785994529724 41.6719096168932
6.6 -0.0106669999659061 0.0537769012153149 1.00952994823456 1.00857996940613 41.6597040688464
6.62 -0.0040867100469768 0.0353030003607273 1.01005005836487 1.00905001163483 41.6550048986974
6.64 -0.00514878984540701 0.0146856000646949 1.01026999950409 1.00924003124237 41.6491036152545
6.66 -0.0277756992727518 0.010513000190258 1.01042997837067 1.0093799829483 41.6173056695735
6.68 -0.0432450994849205 0.00382720003835857 1.01048994064331 1.00943005084991 41.5677458169559
6.7 -0.0281220003962517 0.00248880009166896 1.01051998138428 1.00945997238159 41.5354868335059
6.72 0 0 1.01051998138428 1.00945997238159 41.5354868335059
6.74 0 0 1.01051998138428 1.00945997238159 41.5354868335059
6.76 0 0 1.01051998138428 1.00945997238159 41.5354868335059
6.78 0 0 1.01051998138428 1.00945997238159 41.5354868335059
6.8 0 0 1.01051998138428 1.00945997238159 41.5354868335059
6.82 0 0 1.01051998138428 1.00945997238159 41.5354868335059
6.84 0 0 1.01051998138428 1.00945997238159 41.5354868335059
6.86 0 0 1.01051998138428 1.00945997238159 41.5354868335059
6.88 0 0 1.01051998138428 1.00945997238159 41.5354868335059
6.9 0 0 1.01051998138428 1.00945997238159 41.5354868335059
6.92 0 0 1.01051998138428 1.00945997238159 41.5354868335059
6.94 0 0 1.01051998138428 1.00945997238159 41.5354868335059
