0 0 0 -0.0500000007450581 0 40.0000159118569
0.02 0 0 -0.0500000007450581 0 40.0000159118569
0.04 0 0 -0.0500000007450581 0 40.0000159118569
0.06 0 0 -0.0500000007450581 0 40.0000159118569
0.08 0 0 -0.0500000007450581 0 40.0000159118569
0.1 0 0 -0.0500000007450581 0 40.0000159118569
0.12 0 0 -0.0500000007450581 0 40.0000159118569
0.14 0 0 -0.0500000007450581 0 40.0000159118569
0.16 0 0 -0.0500000007450581 0 40.0000159118569
0.18 0 0 -0.0500000007450581 0 40.0000159118569
0.2 0 0 -0.0500000007450581 0 40.0000159118569
0.22 0 0 -0.0500000007450581 0 40.0000159118569
0.24 0 0 -0.0500000007450581 0 40.0000159118569
0.26 0 0 -0.0500000007450581 0 40.0000159118569
0.28 0 0 -0.0500000007450581 0 40.0000159118569
0.3 0 0 -0.0500000007450581 0 40.0000159118569
0.32 0 0 -0.0500000007450581 0 40.0000159118569
0.34 0 0 -0.0500000007450581 0 40.0000159118569
0.36 0 0 -0.0500000007450581 0 40.0000159118569
0.38 0 0 -0.0500000007450581 0 40.0000159118569
0.4 0 0 -0.0500000007450581 0 40.0000159118569
0.42 0 0 -0.0500000007450581 0 40.0000159118569
0.44 0 0 -0.0500000007450581 0 40.0000159118569
0.46 0 0 -0.0500000007450581 0 40.0000159118569
0.48 0 0 -0.0500000007450581 0 40.0000159118569
0.5 0 0 -0.0500000007450581 0 40.0000159118569
0.52 0 0 -0.0500000007450581 0 40.0000159118569
0.54 0 0 -0.0500000007450581 0 40.0000159118569
0.56 0 0 -0.0500000007450581 0 40.0000159118569
0.58 0 0 -0.0500000007450581 0 40.0000159118569
0.6 0 0 -0.0500000007450581 0 40.0000159118569
0.62 0 0 -0.0500000007450581 0 40.0000159118569
0.64 0 0 -0.0500000007450581 0 40.0000159118569
0.66 0 0 -0.0500000007450581 0 40.0000159118569
0.68 0 0 -0.0500000007450581 0 40.0000159118569
0.7 0 0 -0.0500000007450581 0 40.0000159118569
0.72 0 0 -0.0500000007450581 0 40.0000159118569
0.74 0 0 -0.0500000007450581 0 40.0000159118569
0.76 0 0 -0.0500000007450581 0 40.0000159118569
0.78 0 0 -0.0500000007450581 0 40.0000159118569
0.8 0 0 -0.0500000007450581 0 40.0000159118569
0.82 0 0 -0.0500000007450581 0 40.0000159118569
0.84 0 0 -0.0500000007450581 0 40.0000159118569
0.86 0 0 -0.0500000007450581 0 40.0000159118569
0.88 0 0 -0.0500000007450581 0 40.0000159118569
0.9 0 0 -0.0500000007450581 0 40.0000159118569
0.92 0 0 -0.0500000007450581 0 40.0000159118569
0.94 0 0 -0.0500000007450581 0 40.0000159118569
0.96 0 0 -0.0500000007450581 0 40.0000159118569
0.98 0 0 -0.0500000007450581 0 40.0000159118569
1 0 0 -0.0500000007450581 0 40.0000159118569
1.02 0 0 -0.0500000007450581 0 40.0000159118569
1.04 0 0 -0.0500000007450581 0 40.0000159118569
1.06 0 0 -0.0500000007450581 0 40.0000159118569
1.08 0 0 -0.0500000007450581 0 40.0000159118569
1.1 0 0 -0.0500000007450581 0 40.0000159118569
1.12 0 0 -0.0500000007450581 0 40.0000159118569
1.14 0 0 -0.0500000007450581 0 40.0000159118569
1.16 0 0 -0.0500000007450581 0 40.0000159118569
1.18 0 0 -0.0500000007450581 0 40.0000159118569
1.2 0 0 -0.0500000007450581 0 40.0000159118569
1.22 0 0 -0.0500000007450581 0 40.0000159118569
1.24 0 0 -0.0500000007450581 0 40.0000159118569
1.26 0 0 -0.0500000007450581 0 40.0000159118569
1.28 0 0 -0.0500000007450581 0 40.0000159118569
1.3 0 0 -0.0500000007450581 0 40.0000159118569
1.32 0 0 -0.0500000007450581 0 40.0000159118569
1.34 0 0 -0.0500000007450581 0 40.0000159118569
1.36 0 0 -0.0500000007450581 0 40.0000159118569
1.38 0 0 -0.0500000007450581 0 40.0000159118569
1.4 0 0 -0.0500000007450581 0 40.0000159118569
1.42 0 0 -0.0500000007450581 0 40.0000159118569
1.44 0 0 -0.0500000007450581 0 40.0000159118569
1.46 0 0 -0.0500000007450581 0 40.0000159118569
1.48 0 0 -0.0500000007450581 0 40.0000159118569
1.5 0 0 -0.0500000007450581 0 40.0000159118569
1.52 0 0 -0.0500000007450581 0 40.0000159118569
1.54 0 0 -0.0500000007450581 0 40.0000159118569
1.56 0 0 -0.0500000007450581 0 40.0000159118569
1.58 0 0 -0.0500000007450581 0 40.0000159118569
1.6 0 0 -0.0500000007450581 0 40.0000159118569
1.62 0 0 -0.0500000007450581 0 40.0000159118569
1.64 0 0 -0.0500000007450581 0 40.0000159118569
1.66 0 0 -0.0500000007450581 0 40.0000159118569
1.68 0 0 -0.0500000007450581 0 40.0000159118569
1.7 0 0 -0.0500000007450581 0 40.0000159118569
1.72 0 0 -0.0500000007450581 0 40.0000159118569
1.74 0 0 -0.0500000007450581 0 40.0000159118569
1.76 0 0 -0.0500000007450581 0 40.0000159118569
1.78 0 0 -0.0500000007450581 0 40.0000159118569
1.8 0 0 -0.0500000007450581 0 40.0000159118569
1.82 0 0 -0.0500000007450581 0 40.0000159118569
1.84 0 0 -0.0500000007450581 0 40.0000159118569
1.86 0 0 -0.0500000007450581 0 40.0000159118569
1.88 0 0 -0.0500000007450581 0 40.0000159118569
1.9 0 0 -0.0500000007450581 0 40.0000159118569
1.92 0 0 -0.0500000007450581 0 40.0000159118569
1.94 0 0 -0.0500000007450581 0 40.0000159118569
1.96 0 0 -0.0500000007450581 0 40.0000159118569
1.98 0 0 -0.0500000007450581 0 40.0000159118569
2 0 0 -0.0500000007450581 0 40.0000159118569
2.02 0 0 -0.0500000007450581 0 40.0000159118569
2.04 0 0 -0.0500000007450581 0 40.0000159118569
2.06 0 0 -0.0500000007450581 0 40.0000159118569
2.08 0 0 -0.0500000007450581 0 40.0000159118569
2.1 0 0 -0.0500000007450581 0 40.0000159118569
2.12 0 0 -0.0500000007450581 0 40.0000159118569
2.14 0 0 -0.0500000007450581 0 40.0000159118569
2.16 0 0 -0.0500000007450581 0 40.0000159118569
2.18 0 0 -0.0500000007450581 0 40.0000159118569
2.2 0 0 -0.0500000007450581 0 40.0000159118569
2.22 0 0 -0.0500000007450581 0 40.0000159118569
2.24 0 0 -0.0500000007450581 0 40.0000159118569
2.26 0 0 -0.0500000007450581 0 40.0000159118569
2.28 0 0 -0.0500000007450581 0 40.0000159118569
2.3 0 0 -0.0500000007450581 0 40.0000159118569
2.32 0 0 -0.0500000007450581 0 40.0000159118569
2.34 0 0 -0.0500000007450581 0 40.0000159118569
2.36 0 0 -0.0500000007450581 0 40.0000159118569
2.38 0 0 -0.0500000007450581 0 40.0000159118569
2.4 0 0 -0.0500000007450581 0 40.0000159118569
2.42 0 0 -0.0500000007450581 0 40.0000159118569
2.44 0 0 -0.0500000007450581 0 40.0000159118569
2.46 0 0 -0.0500000007450581 0 40.0000159118569
2.48 0 0 -0.0500000007450581 0 40.0000159118569
2.5 -0.0329244993627071 0.02518630027771 -0.0496140010654926 0.000323662010487169 39.9622586261251
2.52 0.174919992685318 0.0645740032196045 -0.0486255995929241 0.00115489005111158 40.1627383386434
2.54 0.456578999757767 0.0960190966725349 -0.0471636988222599 0.0024001500569284 40.6859035083098
2.56 0.583589971065521 0.131521999835968 -0.0451790988445282 0.00412657996639609 41.3546609903243
2.58 0.652671992778778 0.163815006613731 -0.0427339002490044 0.00630730018019676 42.1025427987789
2.6 0.618385016918182 0.188297003507614 -0.0399555005133152 0.00884944014251232 42.8111783402625
2.62 0.626465976238251 0.218399003148079 -0.036769799888134 0.011837899684906 43.5290346371256
2.64 0.541176021099091 0.23981000483036 -0.0333103984594345 0.0151599003002048 44.1492055684792
2.66 0.462489992380142 0.258477985858917 -0.0296177994459867 0.0187777001410723 44.679190682032
2.68 0.400243014097214 0.279164999723434 -0.0256635006517172 0.0227194000035524 45.1378447149876
2.7 0.255106985569 0.291379988193512 -0.0215632002800703 0.0268604997545481 45.4301665661805
2.72 0.210383996367455 0.306567996740341 -0.0172696001827717 0.0312374997884035 45.6712107721795
2.74 0.0618313997983933 0.316677987575531 -0.0128466002643108 0.0357709005475044 45.7420842301022
2.76 0.00704210018739104 0.326103985309601 -0.00829526036977768 0.0404423996806145 45.7501643438903
2.78 -0.0647407025098801 0.33542001247406 -0.00361109990626574 0.0452446006238461 45.6759645838418
2.8 -0.156403005123138 0.342474013566971 0.0011823900276795 0.0501371994614601 45.4967438351152
2.82 -0.23285000026226 0.344788998365402 0.00602742005139589 0.05504409968853 45.229919080094
2.84 -0.223175004124641 0.360103994607925 0.0111109996214509 0.0601457990705967 44.9742070428524
2.86 -0.209160998463631 0.36183899641037 0.0162410996854305 0.065250001847744 44.7344810633632
2.88 -0.219111993908882 0.362641990184784 0.0214044991880655 0.0703433975577354 44.4834135547572
2.9 -0.235065996646881 0.376509994268417 0.0267894007265568 0.0756072029471397 44.2140650448377
2.92 -0.184178993105888 0.37423300743103 0.0321635007858276 0.0808165967464447 44.0029882938221
2.94 -0.144351005554199 0.381244003772736 0.0376558005809784 0.0861056968569756 43.8375747725027
2.96 -0.162543997168541 0.387252002954483 0.0432510003447533 0.0914608985185623 43.6513052685527
2.98 -0.0778089985251427 0.384672999382019 0.0488217994570732 0.0967670977115631 43.562154224411
3 -0.10232900083065 0.378154993057251 0.0543075986206532 0.101974003016949 43.4449242725915
3.02 -0.0579756014049053 0.396346986293793 0.0600659996271133 0.10742100328207 43.3784631168727
3.04 -0.0217032991349697 0.396459013223648 0.065830297768116 0.112865999341011 43.3535978131992
3.06 -0.00311711989343166 0.388341009616852 0.0714780017733574 0.118197999894619 43.3500426997362
3.08 -0.00995144993066788 0.397805988788605 0.0772640034556389 0.123658999800682 43.3386431140115
3.1 0.01281419955194 0.391434013843536 0.0829572007060051 0.129032000899315 43.3533109452541
3.12 0.0476552993059158 0.390484005212784 0.0886332988739014 0.134396001696587 43.4079114774792
3.14 0.0580218993127346 0.396625012159348 0.0943930000066757 0.139851003885269 43.4743760482926
3.16 0.0785017013549805 0.390365988016129 0.100054003298283 0.145227000117302 43.5643876962696
3.18 0.107409000396729 0.391620010137558 0.10572399944067 0.150630995631218 43.6874574598296
3.2 0.108147002756596 0.398436993360519 0.111479997634888 0.156140998005867 43.8113912423195
3.22 0.114174000918865 0.394854992628098 0.117173001170158 0.161614999175072 43.9421961951144
3.24 0.0962337031960487 0.399233996868134 0.122916996479034 0.167161002755165 44.0524900898318
3.26 0.0840890035033226 0.400700986385345 0.128672003746033 0.172738000750542 44.1488606439261
3.28 0.0841123014688492 0.398889005184174 0.134390994906425 0.178299993276596 44.2452346131151
3.3 0.0841123014688492 0.398889005184174 0.134390994906425 0.178299993276596 44.2452346131151
3.32 0.0294844005256891 0.39953801035881 0.140113994479179 0.183877006173134 44.2789791627095
3.34 -0.0160466004163027 0.39792400598526 0.145813003182411 0.189431995153427 44.2606469349772
3.36 -0.00884304009377956 0.396028012037277 0.151485994458199 0.194959998130798 44.2505041040597
3.38 -0.0490173995494843 0.401300013065338 0.157236993312836 0.200556993484497 44.1942984773797
3.4 -0.0535426996648312 0.398634999990463 0.16295699775219 0.206111997365952 44.1329326427817
3.42 -0.0416981987655163 0.399311989545822 0.168690994381905 0.211670994758606 44.0851486393483
3.44 -0.0639555975794792 0.400692999362946 0.174450993537903 0.217242002487183 44.0118675397432
3.46 -0.0544892996549606 0.399352014064789 0.18019799888134 0.222789004445076 43.9494737616751
3.48 -0.0413288995623589 0.401378989219666 0.185980007052422 0.228358000516891 43.9020893243081
3.5 -0.0289763007313013 0.404749006032944 0.191814005374908 0.233969002962112 43.8688570389014
3.52 -0.0235505998134613 0.403218001127243 0.197629004716873 0.23955599963665 43.8418709614907
3.54 0.0101359998807311 0.401847004890442 0.203426003456116 0.245123997330666 43.8535027736472
3.56 0.00778093002736568 0.405203014612198 0.209269002079964 0.250739008188248 43.8624400761762
3.58 -0.0227886997163296 0.400891005992889 0.215050995349884 0.256294012069702 43.8363146026009
3.6 -0.0299460999667645 0.399881988763809 0.220822006464005 0.261830985546112 43.8019929020215
3.62 -0.0283758994191885 0.400822013616562 0.226609006524086 0.267378002405167 43.7695051072344
3.64 -0.02989980019629 0.397657990455627 0.232354000210762 0.272877991199493 43.7352448783576
3.66 0.00117744004819542 0.401147991418839 0.238150998950005 0.278425008058548 43.7365631048674
3.68 -0.0134375998750329 0.399262994527817 0.243920996785164 0.283944010734558 43.7211473679107
3.7 0.0106209004297853 0.399102985858917 0.249688997864723 0.289462000131607 43.7333529159575
3.72 0.0390890017151833 0.399996012449265 0.255468010902405 0.294993996620178 43.7781589569128
3.74 0.0214956998825073 0.399522006511688 0.261236011981964 0.300523996353149 43.8027373926411
3.76 0.0392507985234261 0.398106008768082 0.266979992389679 0.306037992238998 43.8477141883256
3.78 0.04566939920187 0.401477992534637 0.27276799082756 0.311603009700775 43.9000846637867
3.8 0.0401513017714024 0.400225013494492 0.27853399515152 0.317155003547668 43.9460928180359
3.82 0.00992805045098066 0.400456011295319 0.284299999475479 0.322714000940323 43.9574377622473
3.84 0.00207790988497436 0.401089012622833 0.290073990821838 0.328281998634338 43.9598419888352
3.86 0.0227882992476225 0.400968998670578 0.295845001935959 0.333849996328354 43.9859708775051
3.88 -0.0268521998077631 0.4011569917202 0.301618993282318 0.339421004056931 43.9552008752941
3.9 -0.02447409927845 0.400566011667252 0.307388007640839 0.344980001449585 43.9271287978054
3.92 -0.0248434003442526 0.401890009641647 0.31317800283432 0.350555002689362 43.898650324061
3.94 -0.0357411988079548 0.39936900138855 0.318935990333557 0.356090992689133 43.8577409060272
3.96 -0.0433835983276367 0.399612009525299 0.324701011180878 0.361625999212265 43.8080102986803
3.98 -0.0313545987010002 0.396973997354507 0.330431997776031 0.367119997739792 43.772083503646
4 -0.0342173986136913 0.399004995822906 0.33619698882103 0.372639000415802 43.7328372366751
4.02 -0.010967300273478 0.400225013494492 0.341980993747711 0.378172010183334 43.7202901791698
4.04 -0.0416520014405251 0.399462997913361 0.347757995128632 0.383691012859344 43.6725608172498
4.06 0.0243817009031773 0.400321006774902 0.353547006845474 0.389221012592316 43.7005236117118
4.08 0.0132528003305197 0.40216800570488 0.359360992908478 0.394778996706009 43.7157071222367
4.1 0.0161390993744135 0.401728987693787 0.365168005228043 0.400332003831863 43.7341554631849
4.12 -0.0153769999742508 0.401032000780106 0.370963990688324 0.405876010656357 43.7165643109776
4.14 -0.0164622999727726 0.400572001934052 0.376754999160767 0.411412000656128 43.6977164039629
4.16 0.000600086990743876 0.398743987083435 0.382521003484726 0.416920989751816 43.6984028379745
4.18 -0.0160697996616364 0.398452997207642 0.388283997774124 0.422425985336304 43.6799544970263
4.2 -0.0174550991505384 0.397534012794495 0.394035011529922 0.427915990352631 43.6599557031365
4.22 -0.000761894974857569 0.398299992084503 0.399798005819321 0.43341600894928 43.6590985143957
4.24 0.00551813980564475 0.397159993648529 0.405544012784958 0.438899993896484 43.665399363905
4.26 0.00616469979286194 0.397514998912811 0.411294996738434 0.44438898563385 43.6725061757364
4.28 0.0216573998332024 0.398910999298096 0.417064011096954 0.44990000128746 43.6973134228019
4.3 0.0298536997288466 0.398806989192963 0.422829002141953 0.455412000417709 43.7315190101653
4.32 0.0232733990997076 0.401445001363754 0.434415012598038 0.466509014368057 43.796549241253
4.34 -0.00196258001960814 0.402007013559341 0.440219014883041 0.472074002027512 43.7943157693944
4.36 0.0152155002579093 0.402292996644974 0.446025013923645 0.477643013000488 43.811732751778
4.38 0.00909695029258728 0.402200996875763 0.451829999685287 0.483211994171143 43.8221624506406
4.4 -0.0489942990243435 0.400918006896973 0.457617998123169 0.488761991262436 43.7660114654739
4.42 -0.0435682982206345 0.399134010076523 0.463384985923767 0.494280993938446 43.7161066883032
4.44 -0.0431066006422043 0.400335013866425 0.46917399764061 0.499812006950378 43.6667175904148
4.46 -0.0373344011604786 0.400756001472473 0.474974006414413 0.505343973636627 43.6239162099809
4.48 -0.0620393007993698 0.39631000161171 0.48071500658989 0.510809004306793 43.5528139407211
4.5 -0.0160696990787983 0.398175001144409 0.48648801445961 0.51629501581192 43.5344202412862
4.52 -0.0330399982631207 0.400204002857208 0.492291986942291 0.521806001663208 43.4965502574331
4.54 -0.0128833996132016 0.397345989942551 0.498057991266251 0.527275025844574 43.4818243695825
4.56 0.0419520996510983 0.404594004154205 0.503926992416382 0.532845973968506 43.5298952409611
4.58 0.0545125007629395 0.403526991605759 0.50977498292923 0.538407027721405 43.5923470756371
4.6 0.015446400269866 0.395054996013641 0.515497028827667 0.543856024742126 43.6100509259658
4.62 -0.00840425025671721 0.398936003446579 0.521273970603943 0.549359023571014 43.6004271894252
4.64 0.0103666996583343 0.402047991752625 0.527095973491669 0.554904997348785 43.612287812919
4.66 -0.0201795008033514 0.398151010274887 0.532863020896912 0.560397028923035 43.5891403018218
4.68 -0.0236195996403694 0.397058010101318 0.538616001605988 0.565869987010956 43.5620961678031
4.7 -0.027106299996376 0.398595988750458 0.544394016265869 0.571362972259521 43.5310427127416
4.72 -0.015607999637723 0.402130991220474 0.550225973129272 0.576901018619537 43.5131646925891
4.74 -0.0407747998833656 0.398384004831314 0.556007027626038 0.582385003566742 43.4664120477204
4.76 0.00235523004084826 0.399659007787704 0.561807990074158 0.58788400888443 43.4691031422533
4.78 0.00297855003736913 0.401140004396439 0.567629992961884 0.593402981758118 43.4725421425005
4.8 0.0187943000346422 0.399307012557983 0.573424994945526 0.598899006843567 43.4940845591427
4.82 0.044191800057888 0.398633003234863 0.579205989837646 0.604389011859894 43.5447338269329
4.84 0.0291380994021893 0.400581985712051 0.585011005401611 0.609910011291504 43.5780822255555
4.86 0.00337085989303887 0.403218001127243 0.590852975845337 0.615468978881836 43.581978848477
4.88 0.0211028996855021 0.398640990257263 0.59662801027298 0.620966970920563 43.6061577181389
4.9 0.000646558997686952 0.401787996292114 0.602446019649506 0.626509010791779 43.6069022087584
4.92 -0.0176398009061813 0.402981013059616 0.60828298330307 0.632067024707794 43.5866746035314
4.94 -0.0207103993743658 0.402222990989685 0.614111006259918 0.637611985206604 43.5629567716385
4.96 0.00339409988373518 0.404675006866455 0.619975984096527 0.643190026283264 43.5668499794654
4.98 -0.0274985991418362 0.399816006422043 0.62577098608017 0.64869898557663 43.5353389017296
5 -0.0477245002985001 0.399412006139755 0.631564974784851 0.654199004173279 43.4806222562886
5.02 -0.044353399425745 0.406208008527756 0.637462019920349 0.659785985946655 43.4297988186745
5.04 -0.01897899992764 0.40081998705864 0.643284976482391 0.665296018123627 43.4080275906951
5.06 -0.0570522993803024 0.399865001440048 0.649097979068756 0.670789003372192 43.3426524350543
5.08 -0.0272908005863428 0.404709994792938 0.654986023902893 0.676343023777008 43.3114282252636
5.1 0.00718068005517125 0.402530014514923 0.660843014717102 0.681865990161896 43.319621037173
5.12 -0.0149154998362064 0.401122003793716 0.666680991649628 0.687368988990784 43.302545564248
5.14 0.0271522998809814 0.40242999792099 0.67253702878952 0.692889988422394 43.3336570759174
5.16 0.00965107046067715 0.399794012308121 0.678351998329163 0.698378026485443 43.3447151521836
5.18 -0.00339392991736531 0.403245002031326 0.684216976165771 0.703912973403931 43.3408185292621
5.2 -0.00512582994997501 0.401309996843338 0.690055012702942 0.709421992301941 43.3349753024272
5.22 -0.00279383989982307 0.397332012653351 0.695834994316101 0.714874982833862 43.3317651135173
5.24 -0.0104823000729084 0.400954008102417 0.701668977737427 0.720377027988434 43.3197337352943
5.26 -0.019140500575304 0.402015000581741 0.707518994808197 0.725892007350922 43.2977917525856
5.28 -0.0396894998848438 0.395660012960434 0.713280975818634 0.731316983699799 43.2522958625242
5.3 0.0201565008610487 0.400846004486084 0.719119012355804 0.736810982227325 43.2754433736213
5.32 -0.00905080977827311 0.396389991044998 0.724891006946564 0.742245018482208 43.2650751464613
5.34 0.0209414009004831 0.398570001125336 0.730695009231567 0.747709989547729 43.2890252047859
5.36 0.031054399907589 0.399138003587723 0.736504018306732 0.753184974193573 43.3246036601725
5.38 0.0270598009228706 0.399163991212845 0.742309987545013 0.758665025234222 43.3556605303286
5.4 0.0208027008920908 0.401888012886047 0.7481529712677 0.76418399810791 43.3794944754373
5.42 0.0231812000274658 0.401951998472214 0.753995001316071 0.769707024097443 43.4060229301737
5.44 0.00870430003851652 0.401856005191803 0.759832978248596 0.77522999048233 43.4159915912673
5.46 -0.0186557006090879 0.401652991771698 0.765670001506805 0.780749976634979 43.3946199293543
5.48 -0.0232274997979403 0.402242004871368 0.771516978740692 0.78627598285675 43.3680334180101
5.5 -0.0422061011195183 0.399316012859344 0.777324974536896 0.791756987571716 43.3196756786863
5.52 -0.0292074996978045 0.403571993112564 0.783199012279511 0.79729300737381 43.2861599404291
5.54 -0.0655950978398323 0.396432012319565 0.788973987102509 0.80272501707077 43.2110449350318
5.56 -0.00858878996223211 0.397942990064621 0.794775009155273 0.808174014091492 43.2011889720595
5.58 -0.0570981986820698 0.40039199590683 0.800615012645721 0.813652992248535 43.1357591749054
5.6 -0.0386504009366035 0.39674898982048 0.806407988071442 0.819076001644135 43.0914688132324
5.62 -0.00293208006769419 0.39817801117897 0.812223970890045 0.824515998363495 43.0880878695932
5.64 0.0274756997823715 0.405146986246109 0.818139970302582 0.830052971839905 43.1195989473291
5.66 0.00932778976857662 0.398813009262085 0.823961019515991 0.835506021976471 43.1302574575289
5.68 0.044191800057888 0.397778987884521 0.829765021800995 0.840946972370148 43.1809067253192
5.7 0.00724988011643291 0.403930008411407 0.835654973983765 0.846476018428802 43.1892156504445
5.72 -0.0129990000277758 0.402141988277435 0.841520011425018 0.851979970932007 43.1743190078647
5.74 -0.00798870995640755 0.398992985486984 0.847339987754822 0.857438981533051 43.1651494789039
5.76 -0.0129990000277758 0.400213003158569 0.853178977966309 0.862914025783539 43.1502528363241
5.78 -0.02447409927845 0.400166004896164 0.859018981456757 0.868385970592499 43.1222354003487
5.8 -0.0149152996018529 0.401526987552643 0.864880979061127 0.873875021934509 43.1051052859103
5.82 -0.0153539003804326 0.400678992271423 0.870733022689819 0.879350006580353 43.087514133703
5.84 -0.0163004007190466 0.398685991764069 0.876556992530823 0.884796023368835 43.0688369814176
5.86 0.0146383000537753 0.398609012365341 0.88238000869751 0.890241026878357 43.0856255863974
5.88 0.0477706007659435 0.403910994529724 0.888278007507324 0.895762026309967 43.1404002884464
5.9 0.0230426006019115 0.397280007600784 0.894074022769928 0.901196002960205 43.1667545733589
5.92 -0.0179399996995926 0.400020986795425 0.899909973144531 0.90666800737381 43.1462435152813
5.94 0.036133699119091 0.403335005044937 0.905794024467468 0.912186980247498 43.1876105559895
5.96 0.014291999861598 0.399403989315033 0.911616981029511 0.917654991149902 43.2039961798084
5.98 -0.0148921003565192 0.401042014360428 0.917464971542358 0.923144996166229 43.1869241219779
6 -0.0219573993235826 0.403077006340027 0.923344016075134 0.928660988807678 43.1617685352648
6.02 -0.017247099429369 0.399121999740601 0.929166972637177 0.934119999408722 43.1420019678067
6.04 -0.0581373982131481 0.400508999824524 0.935015022754669 0.939593970775604 43.0753666422641
6.06 -0.0513723008334637 0.402525991201401 0.940899014472961 0.945088982582092 43.0165245625644
6.08 -0.0461773984134197 0.397832006216049 0.946718990802765 0.95051497220993 42.9635837663076
6.1 -0.0500103011727333 0.398146986961365 0.952548027038574 0.955938994884491 42.906288724455
6.12 -0.0448382012546062 0.402604997158051 0.958449006080627 0.961417973041534 42.8548949660452
6.14 -0.0227423999458551 0.397552013397217 0.964278995990753 0.966825008392334 42.8288821905912
6.16 -0.0160006005316973 0.400135010480881 0.970148980617523 0.972263991832733 42.8105465477643
6.18 -0.010967300273478 0.401475012302399 0.976040005683899 0.977720022201538 42.797941433651
6.2 0.0114059001207352 0.400398999452591 0.98191499710083 0.983161985874176 42.8110041704387
6.22 0.0627090036869049 0.401562988758087 0.987802982330322 0.988623023033142 42.8829124020206
6.24 -0.0483709014952183 0.344368010759354 0.992851972579956 0.993308007717133 42.8274478508655
6.26 -0.0336632989346981 0.264548003673553 0.996734023094177 0.996903002262115 42.7888880179062
6.28 -0.0834887996315956 0.208708003163338 0.999800026416779 0.99973601102829 42.6932038978234
6.3 -0.0597073994576931 0.177191004157066 1.00241005420685 1.00214004516602 42.6247927230965
6.32 -0.0966954976320267 0.140275999903679 1.00446999073029 1.00404000282288 42.5139831490968
6.34 -0.0638402998447418 0.108933001756668 1.00608003139496 1.00550997257233 42.4408181627076
6.36 -0.0640712007880211 0.0703136995434761 1.007120013237 1.00645005702972 42.3674209498866
6.38 -0.0912235006690025 0.0488012991845608 1.00784003734589 1.00710999965668 42.2628575838829
6.4 -0.0561979003250599 0.0314307995140553 1.00829994678497 1.00752997398376 42.1984557301988
6.42 -0.0729371979832649 0.0172929000109434 1.00855994224548 1.00776994228363 42.1149191015549
6.44 0.00108516996260732 0.0107418997213244 1.00872004032135 1.00791001319885 42.1161212148489
6.46 0.0144074000418186 0.00725797982886434 1.00882995128632 1.00801002979279 42.1326229518836
6.48 0 0 1.00882995128632 1.00801002979279 42.1326229518836
6.5 0 0 1.00882995128632 1.00801002979279 42.1326229518836
6.52 0 0 1.00882995128632 1.00801002979279 42.1326229518836
6.54 0 0 1.00882995128632 1.00801002979279 42.1326229518836
6.56 0 0 1.00882995128632 1.00801002979279 42.1326229518836
6.58 0 0 1.00882995128632 1.00801002979279 42.1326229518836
6.6 0 0 1.00882995128632 1.00801002979279 42.1326229518836
6.62 0 0 1.00882995128632 1.00801002979279 42.1326229518836
6.64 0 0 1.00882995128632 1.00801002979279 42.1326229518836
6.66 0 0 1.00882995128632 1.00801002979279 42.1326229518836
6.68 0 0 1.00882995128632 1.00801002979279 42.1326229518836
6.7 0 0 1.00882995128632 1.00801002979279 42.1326229518836
6.72 0 0 1.00882995128632 1.00801002979279 42.1326229518836
6.74 0 0 1.00882995128632 1.00801002979279 42.1326229518836
6.76 0 0 1.00882995128632 1.00801002979279 42.1326229518836
6.78 0 0 1.00882995128632 1.00801002979279 42.1326229518836
6.8 0 0 1.00882995128632 1.00801002979279 42.1326229518836
6.82 0 0 1.00882995128632 1.00801002979279 42.1326229518836
