0 0 0 1.00837004184723 1.00651001930237 66.4155505457414
0.02 0 0 1.00837004184723 1.00651001930237 66.4155505457414
0.04 0 0 1.00837004184723 1.00651001930237 66.4155505457414
0.06 0 0 1.00837004184723 1.00651001930237 66.4155505457414
0.08 0 0 1.00837004184723 1.00651001930237 66.4155505457414
0.1 0 0 1.00837004184723 1.00651001930237 66.4155505457414
0.12 0 0 1.00837004184723 1.00651001930237 66.4155505457414
0.14 0 0 1.00837004184723 1.00651001930237 66.4155505457414
0.16 0 0 1.00837004184723 1.00651001930237 66.4155505457414
0.18 0 0 1.00837004184723 1.00651001930237 66.4155505457414
0.2 0 0 1.00837004184723 1.00651001930237 66.4155505457414
0.22 0 0 1.00837004184723 1.00651001930237 66.4155505457414
0.24 0 0 1.00837004184723 1.00651001930237 66.4155505457414
0.26 0 0 1.00837004184723 1.00651001930237 66.4155505457414
0.28 0 0 1.00837004184723 1.00651001930237 66.4155505457414
0.3 0 0 1.00837004184723 1.00651001930237 66.4155505457414
0.32 0 0 1.00837004184723 1.00651001930237 66.4155505457414
0.34 0 0 1.00837004184723 1.00651001930237 66.4155505457414
0.36 0 0 1.00837004184723 1.00651001930237 66.4155505457414
0.38 0 0 1.00837004184723 1.00651001930237 66.4155505457414
0.4 0 0 1.00837004184723 1.00651001930237 66.4155505457414
0.42 0 0 1.00837004184723 1.00651001930237 66.4155505457414
0.44 0 0 1.00837004184723 1.00651001930237 66.4155505457414
0.46 0 0 1.00837004184723 1.00651001930237 66.4155505457414
0.48 0 0 1.00837004184723 1.00651001930237 66.4155505457414
0.5 0 0 1.00837004184723 1.00651001930237 66.4155505457414
0.52 0 0 1.00837004184723 1.00651001930237 66.4155505457414
0.54 0 0 1.00837004184723 1.00651001930237 66.4155505457414
0.56 0 0 1.00837004184723 1.00651001930237 66.4155505457414
0.58 0 0 1.00837004184723 1.00651001930237 66.4155505457414
0.6 0 0 1.00837004184723 1.00651001930237 66.4155505457414
0.62 0 0 1.00837004184723 1.00651001930237 66.4155505457414
0.64 0 0 1.00837004184723 1.00651001930237 66.4155505457414
0.66 0 0 1.00837004184723 1.00651001930237 66.4155505457414
0.68 0 0 1.00837004184723 1.00651001930237 66.4155505457414
0.7 0 0 1.00837004184723 1.00651001930237 66.4155505457414
0.72 0 0 1.00837004184723 1.00651001930237 66.4155505457414
0.74 0 0 1.00837004184723 1.00651001930237 66.4155505457414
0.76 0 0 1.00837004184723 1.00651001930237 66.4155505457414
0.78 0 0 1.00837004184723 1.00651001930237 66.4155505457414
0.8 0 0 1.00837004184723 1.00651001930237 66.4155505457414
0.82 0 0 1.00837004184723 1.00651001930237 66.4155505457414
0.84 0 0 1.00837004184723 1.00651001930237 66.4155505457414
0.86 0 0 1.00837004184723 1.00651001930237 66.4155505457414
0.88 0 0 1.00837004184723 1.00651001930237 66.4155505457414
0.9 0 0 1.00837004184723 1.00651001930237 66.4155505457414
0.92 0 0 1.00837004184723 1.00651001930237 66.4155505457414
0.94 0 0 1.00837004184723 1.00651001930237 66.4155505457414
0.96 0 0 1.00837004184723 1.00651001930237 66.4155505457414
0.98 0 0 1.00837004184723 1.00651001930237 66.4155505457414
1 0 0 1.00837004184723 1.00651001930237 66.4155505457414
1.02 0 0 1.00837004184723 1.00651001930237 66.4155505457414
1.04 0 0 1.00837004184723 1.00651001930237 66.4155505457414
1.06 0 0 1.00837004184723 1.00651001930237 66.4155505457414
1.08 0 0 1.00837004184723 1.00651001930237 66.4155505457414
1.1 0 0 1.00837004184723 1.00651001930237 66.4155505457414
1.12 0 0 1.00837004184723 1.00651001930237 66.4155505457414
1.14 0 0 1.00837004184723 1.00651001930237 66.4155505457414
1.16 0 0 1.00837004184723 1.00651001930237 66.4155505457414
1.18 0 0 1.00837004184723 1.00651001930237 66.4155505457414
1.2 0 0 1.00837004184723 1.00651001930237 66.4155505457414
1.22 0 0 1.00837004184723 1.00651001930237 66.4155505457414
1.24 0 0 1.00837004184723 1.00651001930237 66.4155505457414
1.26 0 0 1.00837004184723 1.00651001930237 66.4155505457414
1.28 0 0 1.00837004184723 1.00651001930237 66.4155505457414
1.3 0 0 1.00837004184723 1.00651001930237 66.4155505457414
1.32 0 0 1.00837004184723 1.00651001930237 66.4155505457414
1.34 0 0 1.00837004184723 1.00651001930237 66.4155505457414
1.36 0 0 1.00837004184723 1.00651001930237 66.4155505457414
1.38 0 0 1.00837004184723 1.00651001930237 66.4155505457414
1.4 0 0 1.00837004184723 1.00651001930237 66.4155505457414
1.42 0 0 1.00837004184723 1.00651001930237 66.4155505457414
1.44 0 0 1.00837004184723 1.00651001930237 66.4155505457414
1.46 0 0 1.00837004184723 1.00651001930237 66.4155505457414
1.48 0 0 1.00837004184723 1.00651001930237 66.4155505457414
1.5 0 0 1.00837004184723 1.00651001930237 66.4155505457414
1.52 0 0 1.00837004184723 1.00651001930237 66.4155505457414
1.54 0 0 1.00837004184723 1.00651001930237 66.4155505457414
1.56 0 0 1.00837004184723 1.00651001930237 66.4155505457414
1.58 0 0 1.00837004184723 1.00651001930237 66.4155505457414
1.6 0 0 1.00837004184723 1.00651001930237 66.4155505457414
1.62 0 0 1.00837004184723 1.00651001930237 66.4155505457414
1.64 0 0 1.00837004184723 1.00651001930237 66.4155505457414
1.66 0 0 1.00837004184723 1.00651001930237 66.4155505457414
1.68 0 0 1.00837004184723 1.00651001930237 66.4155505457414
1.7 0 0 1.00837004184723 1.00651001930237 66.4155505457414
1.72 0 0 1.00837004184723 1.00651001930237 66.4155505457414
1.74 0 0 1.00837004184723 1.00651001930237 66.4155505457414
1.76 0 0 1.00837004184723 1.00651001930237 66.4155505457414
1.78 0 0 1.00837004184723 1.00651001930237 66.4155505457414
1.8 0 0 1.00837004184723 1.00651001930237 66.4155505457414
1.82 0 0 1.00837004184723 1.00651001930237 66.4155505457414
1.84 0 0 1.00837004184723 1.00651001930237 66.4155505457414
1.86 0 0 1.00837004184723 1.00651001930237 66.4155505457414
1.88 0 0 1.00837004184723 1.00651001930237 66.4155505457414
1.9 0 0 1.00837004184723 1.00651001930237 66.4155505457414
1.92 0 0 1.00837004184723 1.00651001930237 66.4155505457414
1.94 0 0 1.00837004184723 1.00651001930237 66.4155505457414
1.96 0 0 1.00837004184723 1.00651001930237 66.4155505457414
1.98 0 0 1.00837004184723 1.00651001930237 66.4155505457414
2 0 0 1.00837004184723 1.00651001930237 66.4155505457414
2.02 0 0 1.00837004184723 1.00651001930237 66.4155505457414
2.04 0 0 1.00837004184723 1.00651001930237 66.4155505457414
2.06 0 0 1.00837004184723 1.00651001930237 66.4155505457414
2.08 0 0 1.00837004184723 1.00651001930237 66.4155505457414
2.1 0 0 1.00837004184723 1.00651001930237 66.4155505457414
2.12 0 0 1.00837004184723 1.00651001930237 66.4155505457414
2.14 0 0 1.00837004184723 1.00651001930237 66.4155505457414
2.16 0 0 1.00837004184723 1.00651001930237 66.4155505457414
2.18 0 0 1.00837004184723 1.00651001930237 66.4155505457414
2.2 0 0 1.00837004184723 1.00651001930237 66.4155505457414
2.22 0 0 1.00837004184723 1.00651001930237 66.4155505457414
2.24 0 0 1.00837004184723 1.00651001930237 66.4155505457414
2.26 0 0 1.00837004184723 1.00651001930237 66.4155505457414
2.28 0 0 1.00837004184723 1.00651001930237 66.4155505457414
2.3 0 0 1.00837004184723 1.00651001930237 66.4155505457414
2.32 0 0 1.00837004184723 1.00651001930237 66.4155505457414
2.34 0 0 1.00837004184723 1.00651001930237 66.4155505457414
2.36 0 0 1.00837004184723 1.00651001930237 66.4155505457414
2.38 0 0 1.00837004184723 1.00651001930237 66.4155505457414
2.4 0 0 1.00837004184723 1.00651001930237 66.4155505457414
2.42 0 0 1.00837004184723 1.00651001930237 66.4155505457414
2.44 0 0 1.00837004184723 1.00651001930237 66.4155505457414
2.46 0 0 1.00837004184723 1.00651001930237 66.4155505457414
2.48 0 0 1.00837004184723 1.00651001930237 66.4155505457414
2.5 0 0 1.00837004184723 1.00651001930237 66.4155505457414
2.52 0 0 1.00837004184723 1.00651001930237 66.4155505457414
2.54 0 0 1.00837004184723 1.00651001930237 66.4155505457414
2.56 0 0 1.00837004184723 1.00651001930237 66.4155505457414
2.58 0 0 1.00837004184723 1.00651001930237 66.4155505457414
2.6 0 0 1.00837004184723 1.00651001930237 66.4155505457414
2.62 0 0 1.00837004184723 1.00651001930237 66.4155505457414
2.64 0 0 1.00837004184723 1.00651001930237 66.4155505457414
2.66 0 0 1.00837004184723 1.00651001930237 66.4155505457414
2.68 0 0 1.00837004184723 1.00651001930237 66.4155505457414
2.7 0 0 1.00837004184723 1.00651001930237 66.4155505457414
2.72 0 0 1.00837004184723 1.00651001930237 66.4155505457414
2.74 0 0 1.00837004184723 1.00651001930237 66.4155505457414
2.76 0 0 1.00837004184723 1.00651001930237 66.4155505457414
2.78 0 0 1.00837004184723 1.00651001930237 66.4155505457414
2.8 0 0 1.00837004184723 1.00651001930237 66.4155505457414
2.82 0 0 1.00837004184723 1.00651001930237 66.4155505457414
2.84 0 0 1.00837004184723 1.00651001930237 66.4155505457414
2.86 0 0 1.00837004184723 1.00651001930237 66.4155505457414
2.88 0 0 1.00837004184723 1.00651001930237 66.4155505457414
2.9 0 0 1.00837004184723 1.00651001930237 66.4155505457414
2.92 0 0 1.00837004184723 1.00651001930237 66.4155505457414
2.94 0 0 1.00837004184723 1.00651001930237 66.4155505457414
2.96 0 0 1.00837004184723 1.00651001930237 66.4155505457414
2.98 0 0 1.00837004184723 1.00651001930237 66.4155505457414
3 0 0 1.00837004184723 1.00651001930237 66.4155505457414
3.02 0 0 1.00837004184723 1.00651001930237 66.4155505457414
3.04 0 0 1.00837004184723 1.00651001930237 66.4155505457414
3.06 0 0 1.00837004184723 1.00651001930237 66.4155505457414
3.08 0 0 1.00837004184723 1.00651001930237 66.4155505457414
3.1 0 0 1.00837004184723 1.00651001930237 66.4155505457414
3.12 0 0 1.00837004184723 1.00651001930237 66.4155505457414
3.14 0 0 1.00837004184723 1.00651001930237 66.4155505457414
3.16 0 0 1.00837004184723 1.00651001930237 66.4155505457414
3.18 0 0 1.00837004184723 1.00651001930237 66.4155505457414
3.2 0 0 1.00837004184723 1.00651001930237 66.4155505457414
3.22 0 0 1.00837004184723 1.00651001930237 66.4155505457414
3.24 0 0 1.00837004184723 1.00651001930237 66.4155505457414
3.26 0 0 1.00837004184723 1.00651001930237 66.4155505457414
3.28 0 0 1.00837004184723 1.00651001930237 66.4155505457414
3.3 0 0 1.00837004184723 1.00651001930237 66.4155505457414
3.32 0 0 1.00837004184723 1.00651001930237 66.4155505457414
3.34 0 0 1.00837004184723 1.00651001930237 66.4155505457414
3.36 0 0 1.00837004184723 1.00651001930237 66.4155505457414
3.38 0 0 1.00837004184723 1.00651001930237 66.4155505457414
3.4 0 0 1.00837004184723 1.00651001930237 66.4155505457414
3.42 0 0 1.00837004184723 1.00651001930237 66.4155505457414
3.44 0 0 1.00837004184723 1.00651001930237 66.4155505457414
3.46 0 0 1.00837004184723 1.00651001930237 66.4155505457414
3.48 0 0 1.00837004184723 1.00651001930237 66.4155505457414
3.5 0 0 1.00837004184723 1.00651001930237 66.4155505457414
3.52 0 0 1.00837004184723 1.00651001930237 66.4155505457414
3.54 0 0 1.00837004184723 1.00651001930237 66.4155505457414
3.56 0 0 1.00837004184723 1.00651001930237 66.4155505457414
3.58 0 0 1.00837004184723 1.00651001930237 66.4155505457414
3.6 0 0 1.00837004184723 1.00651001930237 66.4155505457414
3.62 0 0 1.00837004184723 1.00651001930237 66.4155505457414
3.64 0 0 1.00837004184723 1.00651001930237 66.4155505457414
3.66 0 0 1.00837004184723 1.00651001930237 66.4155505457414
3.68 0 0 1.00837004184723 1.00651001930237 66.4155505457414
3.7 0 0 1.00837004184723 1.00651001930237 66.4155505457414
3.72 0 0 1.00837004184723 1.00651001930237 66.4155505457414
3.74 0 0 1.00837004184723 1.00651001930237 66.4155505457414
3.76 0 0 1.00837004184723 1.00651001930237 66.4155505457414
3.78 0 0 1.00837004184723 1.00651001930237 66.4155505457414
3.8 0 0 1.00837004184723 1.00651001930237 66.4155505457414
3.82 0 0 1.00837004184723 1.00651001930237 66.4155505457414
3.84 0 0 1.00837004184723 1.00651001930237 66.4155505457414
3.86 0 0 1.00837004184723 1.00651001930237 66.4155505457414
3.88 0 0 1.00837004184723 1.00651001930237 66.4155505457414
3.9 0 0 1.00837004184723 1.00651001930237 66.4155505457414
3.92 0 0 1.00837004184723 1.00651001930237 66.4155505457414
3.94 0 0 1.00837004184723 1.00651001930237 66.4155505457414
3.96 0 0 1.00837004184723 1.00651001930237 66.4155505457414
3.98 0 0 1.00837004184723 1.00651001930237 66.4155505457414
4 0 0 1.00837004184723 1.00651001930237 66.4155505457414
4.02 0 0 1.00837004184723 1.00651001930237 66.4155505457414
4.04 0 0 1.00837004184723 1.00651001930237 66.4155505457414
4.06 0 0 1.00837004184723 1.00651001930237 66.4155505457414
4.08 0 0 1.00837004184723 1.00651001930237 66.4155505457414
4.1 0 0 1.00837004184723 1.00651001930237 66.4155505457414
4.12 0 0 1.00837004184723 1.00651001930237 66.4155505457414
4.14 0 0 1.00837004184723 1.00651001930237 66.4155505457414
4.16 0 0 1.00837004184723 1.00651001930237 66.4155505457414
4.18 0 0 1.00837004184723 1.00651001930237 66.4155505457414
4.2 0 0 1.00837004184723 1.00651001930237 66.4155505457414
4.22 0 0 1.00837004184723 1.00651001930237 66.4155505457414
4.24 0 0 1.00837004184723 1.00651001930237 66.4155505457414
4.26 0 0 1.00837004184723 1.00651001930237 66.4155505457414
4.28 0 0 1.00837004184723 1.00651001930237 66.4155505457414
4.3 0 0 1.00837004184723 1.00651001930237 66.4155505457414
4.32 0 0 1.00837004184723 1.00651001930237 66.4155505457414
4.34 0 0 1.00837004184723 1.00651001930237 66.4155505457414
4.36 0 0 1.00837004184723 1.00651001930237 66.4155505457414
4.38 0 0 1.00837004184723 1.00651001930237 66.4155505457414
4.4 0 0 1.00837004184723 1.00651001930237 66.4155505457414
4.42 0 0 1.00837004184723 1.00651001930237 66.4155505457414
4.44 0 0 1.00837004184723 1.00651001930237 66.4155505457414
4.46 0 0 1.00837004184723 1.00651001930237 66.4155505457414
4.48 0 0 1.00837004184723 1.00651001930237 66.4155505457414
4.5 0 0 1.00837004184723 1.00651001930237 66.4155505457414
4.52 0 0 1.00837004184723 1.00651001930237 66.4155505457414
4.54 0 0 1.00837004184723 1.00651001930237 66.4155505457414
4.56 0 0 1.00837004184723 1.00651001930237 66.4155505457414
4.58 0 0 1.00837004184723 1.00651001930237 66.4155505457414
4.6 0 0 1.00837004184723 1.00651001930237 66.4155505457414
4.62 0 0 1.00837004184723 1.00651001930237 66.4155505457414
4.64 0 0 1.00837004184723 1.00651001930237 66.4155505457414
4.66 0 0 1.00837004184723 1.00651001930237 66.4155505457414
4.68 0 0 1.00837004184723 1.00651001930237 66.4155505457414
4.7 0 0 1.00837004184723 1.00651001930237 66.4155505457414
4.72 0 0 1.00837004184723 1.00651001930237 66.4155505457414
4.74 0 0 1.00837004184723 1.00651001930237 66.4155505457414
4.76 0 0 1.00837004184723 1.00651001930237 66.4155505457414
4.78 0 0 1.00837004184723 1.00651001930237 66.4155505457414
4.8 0 0 1.00837004184723 1.00651001930237 66.4155505457414
4.82 0 0 1.00837004184723 1.00651001930237 66.4155505457414
4.84 0 0 1.00837004184723 1.00651001930237 66.4155505457414
4.86 0 0 1.00837004184723 1.00651001930237 66.4155505457414
4.88 0 0 1.00837004184723 1.00651001930237 66.4155505457414
4.9 0 0 1.00837004184723 1.00651001930237 66.4155505457414
4.92 0 0 1.00837004184723 1.00651001930237 66.4155505457414
4.94 0 0 1.00837004184723 1.00651001930237 66.4155505457414
4.96 0 0 1.00837004184723 1.00651001930237 66.4155505457414
4.98 0 0 1.00837004184723 1.00651001930237 66.4155505457414
5 0 0 1.00837004184723 1.00651001930237 66.4155505457414
5.02 0 0 1.00837004184723 1.00651001930237 66.4155505457414
5.04 0 0 1.00837004184723 1.00651001930237 66.4155505457414
5.06 0 0 1.00837004184723 1.00651001930237 66.4155505457414
5.08 0 0 1.00837004184723 1.00651001930237 66.4155505457414
5.1 0 0 1.00837004184723 1.00651001930237 66.4155505457414
5.12 0 0 1.00837004184723 1.00651001930237 66.4155505457414
5.14 0 0 1.00837004184723 1.00651001930237 66.4155505457414
5.16 0 0 1.00837004184723 1.00651001930237 66.4155505457414
5.18 0 0 1.00837004184723 1.00651001930237 66.4155505457414
5.2 0 0 1.00837004184723 1.00651001930237 66.4155505457414
5.22 0 0 1.00837004184723 1.00651001930237 66.4155505457414
5.24 0 0 1.00837004184723 1.00651001930237 66.4155505457414
5.26 0 0 1.00837004184723 1.00651001930237 66.4155505457414
5.28 0 0 1.00837004184723 1.00651001930237 66.4155505457414
5.3 0 0 1.00837004184723 1.00651001930237 66.4155505457414
5.32 0 0 1.00837004184723 1.00651001930237 66.4155505457414
5.34 0 0 1.00837004184723 1.00651001930237 66.4155505457414
5.36 0 0 1.00837004184723 1.00651001930237 66.4155505457414
5.38 0 0 1.00837004184723 1.00651001930237 66.4155505457414
5.4 0 0 1.00837004184723 1.00651001930237 66.4155505457414
5.42 0 0 1.00837004184723 1.00651001930237 66.4155505457414
5.44 0 0 1.00837004184723 1.00651001930237 66.4155505457414
5.46 0 0 1.00837004184723 1.00651001930237 66.4155505457414
5.48 0 0 1.00837004184723 1.00651001930237 66.4155505457414
5.5 0 0 1.00837004184723 1.00651001930237 66.4155505457414
5.52 0 0 1.00837004184723 1.00651001930237 66.4155505457414
5.54 0 0 1.00837004184723 1.00651001930237 66.4155505457414
5.56 0 0 1.00837004184723 1.00651001930237 66.4155505457414
5.58 0 0 1.00837004184723 1.00651001930237 66.4155505457414
5.6 0 0 1.00837004184723 1.00651001930237 66.4155505457414
5.62 0 0 1.00837004184723 1.00651001930237 66.4155505457414
5.64 0 0 1.00837004184723 1.00651001930237 66.4155505457414
5.66 0 0 1.00837004184723 1.00651001930237 66.4155505457414
5.68 0 0 1.00837004184723 1.00651001930237 66.4155505457414
5.7 0 0 1.00837004184723 1.00651001930237 66.4155505457414
5.72 0 0 1.00837004184723 1.00651001930237 66.4155505457414
5.74 0 0 1.00837004184723 1.00651001930237 66.4155505457414
5.76 0 0 1.00837004184723 1.00651001930237 66.4155505457414
5.78 0 0 1.00837004184723 1.00651001930237 66.4155505457414
5.8 0 0 1.00837004184723 1.00651001930237 66.4155505457414
5.82 0 0 1.00837004184723 1.00651001930237 66.4155505457414
5.84 0 0 1.00837004184723 1.00651001930237 66.4155505457414
5.86 0 0 1.00837004184723 1.00651001930237 66.4155505457414
5.88 0 0 1.00837004184723 1.00651001930237 66.4155505457414
5.9 0 0 1.00837004184723 1.00651001930237 66.4155505457414
5.92 0 0 1.00837004184723 1.00651001930237 66.4155505457414
5.94 0 0 1.00837004184723 1.00651001930237 66.4155505457414
5.96 0 0 1.00837004184723 1.00651001930237 66.4155505457414
5.98 0 0 1.00837004184723 1.00651001930237 66.4155505457414
6 0 0 1.00837004184723 1.00651001930237 66.4155505457414
6.02 0 0 1.00837004184723 1.00651001930237 66.4155505457414
6.04 0 0 1.00837004184723 1.00651001930237 66.4155505457414
6.06 0 0 1.00837004184723 1.00651001930237 66.4155505457414
6.08 0 0 1.00837004184723 1.00651001930237 66.4155505457414
6.1 0 0 1.00837004184723 1.00651001930237 66.4155505457414
6.12 0 0 1.00837004184723 1.00651001930237 66.4155505457414
6.14 0 0 1.00837004184723 1.00651001930237 66.4155505457414
6.16 0 0 1.00837004184723 1.00651001930237 66.4155505457414
6.18 0 0 1.00837004184723 1.00651001930237 66.4155505457414
6.2 0 0 1.00837004184723 1.00651001930237 66.4155505457414
6.22 0 0 1.00837004184723 1.00651001930237 66.4155505457414
6.24 0 0 1.00837004184723 1.00651001930237 66.4155505457414
6.26 0 0 1.00837004184723 1.00651001930237 66.4155505457414
6.28 0 0 1.00837004184723 1.00651001930237 66.4155505457414
6.3 0 0 1.00837004184723 1.00651001930237 66.4155505457414
6.32 0 0 1.00837004184723 1.00651001930237 66.4155505457414
6.34 0 0 1.00837004184723 1.00651001930237 66.4155505457414
6.36 0 0 1.00837004184723 1.00651001930237 66.4155505457414
6.38 0 0 1.00837004184723 1.00651001930237 66.4155505457414
6.4 0 0 1.00837004184723 1.00651001930237 66.4155505457414
6.42 0 0 1.00837004184723 1.00651001930237 66.4155505457414
6.44 0 0 1.00837004184723 1.00651001930237 66.4155505457414
6.46 0 0 1.00837004184723 1.00651001930237 66.4155505457414
6.48 0 0 1.00837004184723 1.00651001930237 66.4155505457414
6.5 0 0 1.00837004184723 1.00651001930237 66.4155505457414
6.52 0 0 1.00837004184723 1.00651001930237 66.4155505457414
6.54 0 0 1.00837004184723 1.00651001930237 66.4155505457414
6.56 0 0 1.00837004184723 1.00651001930237 66.4155505457414
6.58 0 0 1.00837004184723 1.00651001930237 66.4155505457414
6.6 0 0 1.00837004184723 1.00651001930237 66.4155505457414
6.62 0 0 1.00837004184723 1.00651001930237 66.4155505457414
6.64 0 0 1.00837004184723 1.00651001930237 66.4155505457414
6.66 0 0 1.00837004184723 1.00651001930237 66.4155505457414
6.68 0 0 1.00837004184723 1.00651001930237 66.4155505457414
6.7 0 0 1.00837004184723 1.00651001930237 66.4155505457414
6.72 0 0 1.00837004184723 1.00651001930237 66.4155505457414
6.74 0 0 1.00837004184723 1.00651001930237 66.4155505457414
6.76 0 0 1.00837004184723 1.00651001930237 66.4155505457414
6.78 0 0 1.00837004184723 1.00651001930237 66.4155505457414
6.8 0 0 1.00837004184723 1.00651001930237 66.4155505457414
6.82 0 0 1.00837004184723 1.00651001930237 66.4155505457414
6.84 0 0 1.00837004184723 1.00651001930237 66.4155505457414
6.86 0 0 1.00837004184723 1.00651001930237 66.4155505457414
6.88 0 0 1.00837004184723 1.00651001930237 66.4155505457414
6.9 0 0 1.00837004184723 1.00651001930237 66.4155505457414
6.92 0 0 1.00837004184723 1.00651001930237 66.4155505457414
6.94 0 0 1.00837004184723 1.00651001930237 66.4155505457414
6.96 0 0 1.00837004184723 1.00651001930237 66.4155505457414
6.98 0 0 1.00837004184723 1.00651001930237 66.4155505457414
7 0 0 1.00837004184723 1.00651001930237 66.4155505457414
7.02 0 0 1.00837004184723 1.00651001930237 66.4155505457414
7.04 0 0 1.00837004184723 1.00651001930237 66.4155505457414
7.06 0 0 1.00837004184723 1.00651001930237 66.4155505457414
7.08 0 0 1.00837004184723 1.00651001930237 66.4155505457414
7.1 0 0 1.00837004184723 1.00651001930237 66.4155505457414
7.12 0 0 1.00837004184723 1.00651001930237 66.4155505457414
7.14 0 0 1.00837004184723 1.00651001930237 66.4155505457414
7.16 0 0 1.00837004184723 1.00651001930237 66.4155505457414
7.18 0 0 1.00837004184723 1.00651001930237 66.4155505457414
7.2 0 0 1.00837004184723 1.00651001930237 66.4155505457414
7.22 0 0 1.00837004184723 1.00651001930237 66.4155505457414
7.24 0 0 1.00837004184723 1.00651001930237 66.4155505457414
7.26 0 0 1.00837004184723 1.00651001930237 66.4155505457414
7.28 0 0 1.00837004184723 1.00651001930237 66.4155505457414
7.3 0 0 1.00837004184723 1.00651001930237 66.4155505457414
7.32 0 0 1.00837004184723 1.00651001930237 66.4155505457414
7.34 0 0 1.00837004184723 1.00651001930237 66.4155505457414
7.36 0 0 1.00837004184723 1.00651001930237 66.4155505457414
7.38 0 0 1.00837004184723 1.00651001930237 66.4155505457414
7.4 0 0 1.00837004184723 1.00651001930237 66.4155505457414
7.42 0 0 1.00837004184723 1.00651001930237 66.4155505457414
7.44 0 0 1.00837004184723 1.00651001930237 66.4155505457414
7.46 0 0 1.00837004184723 1.00651001930237 66.4155505457414
7.48 0 0 1.00837004184723 1.00651001930237 66.4155505457414
7.5 0 0 1.00837004184723 1.00651001930237 66.4155505457414
7.52 0 0 1.00837004184723 1.00651001930237 66.4155505457414
7.54 0 0 1.00837004184723 1.00651001930237 66.4155505457414
7.56 0 0 1.00837004184723 1.00651001930237 66.4155505457414
7.58 0 0 1.00837004184723 1.00651001930237 66.4155505457414
7.6 0 0 1.00837004184723 1.00651001930237 66.4155505457414
7.62 0 0 1.00837004184723 1.00651001930237 66.4155505457414
7.64 0 0 1.00837004184723 1.00651001930237 66.4155505457414
7.66 0 0 1.00837004184723 1.00651001930237 66.4155505457414
7.68 0 0 1.00837004184723 1.00651001930237 66.4155505457414
7.7 0 0 1.00837004184723 1.00651001930237 66.4155505457414
7.72 0 0 1.00837004184723 1.00651001930237 66.4155505457414
7.74 0 0 1.00837004184723 1.00651001930237 66.4155505457414
7.76 0 0 1.00837004184723 1.00651001930237 66.4155505457414
7.78 0 0 1.00837004184723 1.00651001930237 66.4155505457414
7.8 0 0 1.00837004184723 1.00651001930237 66.4155505457414
7.82 0 0 1.00837004184723 1.00651001930237 66.4155505457414
7.84 0 0 1.00837004184723 1.00651001930237 66.4155505457414
7.86 0 0 1.00837004184723 1.00651001930237 66.4155505457414
7.88 0 0 1.00837004184723 1.00651001930237 66.4155505457414
7.9 0 0 1.00837004184723 1.00651001930237 66.4155505457414
7.92 0 0 1.00837004184723 1.00651001930237 66.4155505457414
7.94 0 0 1.00837004184723 1.00651001930237 66.4155505457414
7.96 0 0 1.00837004184723 1.00651001930237 66.4155505457414
7.98 0 0 1.00837004184723 1.00651001930237 66.4155505457414
8 0 0 1.00837004184723 1.00651001930237 66.4155505457414
8.02 0 0 1.00837004184723 1.00651001930237 66.4155505457414
8.04 0 0 1.00837004184723 1.00651001930237 66.4155505457414
8.06 0 0 1.00837004184723 1.00651001930237 66.4155505457414
8.08 0 0 1.00837004184723 1.00651001930237 66.4155505457414
8.1 0 0 1.00837004184723 1.00651001930237 66.4155505457414
8.12 0 0 1.00837004184723 1.00651001930237 66.4155505457414
8.14 0 0 1.00837004184723 1.00651001930237 66.4155505457414
8.16 0 0 1.00837004184723 1.00651001930237 66.4155505457414
8.18 0 0 1.00837004184723 1.00651001930237 66.4155505457414
8.2 0 0 1.00837004184723 1.00651001930237 66.4155505457414
8.22 0 0 1.00837004184723 1.00651001930237 66.4155505457414
8.24 0 0 1.00837004184723 1.00651001930237 66.4155505457414
8.26 0 0 1.00837004184723 1.00651001930237 66.4155505457414
8.28 0 0 1.00837004184723 1.00651001930237 66.4155505457414
8.3 0 0 1.00837004184723 1.00651001930237 66.4155505457414
8.32 0 0 1.00837004184723 1.00651001930237 66.4155505457414
8.34 0 0 1.00837004184723 1.00651001930237 66.4155505457414
8.36 0 0 1.00837004184723 1.00651001930237 66.4155505457414
8.38 0 0 1.00837004184723 1.00651001930237 66.4155505457414
8.4 0 0 1.00837004184723 1.00651001930237 66.4155505457414
8.42 0 0 1.00837004184723 1.00651001930237 66.4155505457414
8.44 0 0 1.00837004184723 1.00651001930237 66.4155505457414
8.46 0 0 1.00837004184723 1.00651001930237 66.4155505457414
8.48 0 0 1.00837004184723 1.00651001930237 66.4155505457414
8.5 0 0 1.00837004184723 1.00651001930237 66.4155505457414
8.52 0 0 1.00837004184723 1.00651001930237 66.4155505457414
8.54 0 0 1.00837004184723 1.00651001930237 66.4155505457414
8.56 0 0 1.00837004184723 1.00651001930237 66.4155505457414
8.58 0 0 1.00837004184723 1.00651001930237 66.4155505457414
8.6 0 0 1.00837004184723 1.00651001930237 66.4155505457414
8.62 0 0 1.00837004184723 1.00651001930237 66.4155505457414
8.64 0 0 1.00837004184723 1.00651001930237 66.4155505457414
8.66 0 0 1.00837004184723 1.00651001930237 66.4155505457414
8.68 0 0 1.00837004184723 1.00651001930237 66.4155505457414
8.7 0 0 1.00837004184723 1.00651001930237 66.4155505457414
8.72 0 0 1.00837004184723 1.00651001930237 66.4155505457414
8.74 0 0 1.00837004184723 1.00651001930237 66.4155505457414
8.76 0 0 1.00837004184723 1.00651001930237 66.4155505457414
8.78 0 0 1.00837004184723 1.00651001930237 66.4155505457414
8.8 0 0 1.00837004184723 1.00651001930237 66.4155505457414
8.82 0 0 1.00837004184723 1.00651001930237 66.4155505457414
8.84 0 0 1.00837004184723 1.00651001930237 66.4155505457414
8.86 0 0 1.00837004184723 1.00651001930237 66.4155505457414
8.88 0 0 1.00837004184723 1.00651001930237 66.4155505457414
8.9 0 0 1.00837004184723 1.00651001930237 66.4155505457414
8.92 0 0 1.00837004184723 1.00651001930237 66.4155505457414
8.94 0 0 1.00837004184723 1.00651001930237 66.4155505457414
8.96 0 0 1.00837004184723 1.00651001930237 66.4155505457414
8.98 0 0 1.00837004184723 1.00651001930237 66.4155505457414
9 0 0 1.00837004184723 1.00651001930237 66.4155505457414
9.02 0 0 1.00837004184723 1.00651001930237 66.4155505457414
9.04 0 0 1.00837004184723 1.00651001930237 66.4155505457414
9.06 0 0 1.00837004184723 1.00651001930237 66.4155505457414
9.08 0 0 1.00837004184723 1.00651001930237 66.4155505457414
9.1 0 0 1.00837004184723 1.00651001930237 66.4155505457414
9.12 0 0 1.00837004184723 1.00651001930237 66.4155505457414
9.14 0 0 1.00837004184723 1.00651001930237 66.4155505457414
9.16 0 0 1.00837004184723 1.00651001930237 66.4155505457414
9.18 0 0 1.00837004184723 1.00651001930237 66.4155505457414
9.2 0 0 1.00837004184723 1.00651001930237 66.4155505457414
9.22 0 0 1.00837004184723 1.00651001930237 66.4155505457414
9.24 0 0 1.00837004184723 1.00651001930237 66.4155505457414
9.26 0 0 1.00837004184723 1.00651001930237 66.4155505457414
9.28 0 0 1.00837004184723 1.00651001930237 66.4155505457414
9.3 0 0 1.00837004184723 1.00651001930237 66.4155505457414
9.32 0 0 1.00837004184723 1.00651001930237 66.4155505457414
9.34 0 0 1.00837004184723 1.00651001930237 66.4155505457414
9.36 0 0 1.00837004184723 1.00651001930237 66.4155505457414
9.38 0 0 1.00837004184723 1.00651001930237 66.4155505457414
9.4 0 0 1.00837004184723 1.00651001930237 66.4155505457414
9.42 0 0 1.00837004184723 1.00651001930237 66.4155505457414
9.44 0 0 1.00837004184723 1.00651001930237 66.4155505457414
9.46 0 0 1.00837004184723 1.00651001930237 66.4155505457414
9.48 0 0 1.00837004184723 1.00651001930237 66.4155505457414
9.5 0 0 1.00837004184723 1.00651001930237 66.4155505457414
9.52 0 0 1.00837004184723 1.00651001930237 66.4155505457414
9.54 0 0 1.00837004184723 1.00651001930237 66.4155505457414
9.56 0 0 1.00837004184723 1.00651001930237 66.4155505457414
9.58 0 0 1.00837004184723 1.00651001930237 66.4155505457414
9.6 0 0 1.00837004184723 1.00651001930237 66.4155505457414
9.62 0 0 1.00837004184723 1.00651001930237 66.4155505457414
9.64 0 0 1.00837004184723 1.00651001930237 66.4155505457414
9.66 0 0 1.00837004184723 1.00651001930237 66.4155505457414
9.68 0 0 1.00837004184723 1.00651001930237 66.4155505457414
9.7 0 0 1.00837004184723 1.00651001930237 66.4155505457414
9.72 0 0 1.00837004184723 1.00651001930237 66.4155505457414
9.74 0 0 1.00837004184723 1.00651001930237 66.4155505457414
9.76 0 0 1.00837004184723 1.00651001930237 66.4155505457414
9.78 0 0 1.00837004184723 1.00651001930237 66.4155505457414
9.8 0 0 1.00837004184723 1.00651001930237 66.4155505457414
9.82 0 0 1.00837004184723 1.00651001930237 66.4155505457414
9.84 0 0 1.00837004184723 1.00651001930237 66.4155505457414
9.86 0 0 1.00837004184723 1.00651001930237 66.4155505457414
9.88 0 0 1.00837004184723 1.00651001930237 66.4155505457414
9.9 0 0 1.00837004184723 1.00651001930237 66.4155505457414
9.92 0 0 1.00837004184723 1.00651001930237 66.4155505457414
9.94 0 0 1.00837004184723 1.00651001930237 66.4155505457414
9.96 0 0 1.00837004184723 1.00651001930237 66.4155505457414
9.98 0 0 1.00837004184723 1.00651001930237 66.4155505457414
10 0 0 1.00837004184723 1.00651001930237 66.4155505457414
10.02 0 0 1.00837004184723 1.00651001930237 66.4155505457414
10.04 0 0 1.00837004184723 1.00651001930237 66.4155505457414
10.06 0 0 1.00837004184723 1.00651001930237 66.4155505457414
10.08 0 0 1.00837004184723 1.00651001930237 66.4155505457414
10.1 0 0 1.00837004184723 1.00651001930237 66.4155505457414
10.12 0 0 1.00837004184723 1.00651001930237 66.4155505457414
10.14 0 0 1.00837004184723 1.00651001930237 66.4155505457414
10.16 0 0 1.00837004184723 1.00651001930237 66.4155505457414
10.18 0 0 1.00837004184723 1.00651001930237 66.4155505457414
10.2 0 0 1.00837004184723 1.00651001930237 66.4155505457414
10.22 0 0 1.00837004184723 1.00651001930237 66.4155505457414
10.24 0 0 1.00837004184723 1.00651001930237 66.4155505457414
10.26 0 0 1.00837004184723 1.00651001930237 66.4155505457414
10.28 0 0 1.00837004184723 1.00651001930237 66.4155505457414
10.3 0 0 1.00837004184723 1.00651001930237 66.4155505457414
10.32 0 0 1.00837004184723 1.00651001930237 66.4155505457414
10.34 0 0 1.00837004184723 1.00651001930237 66.4155505457414
10.36 0 0 1.00837004184723 1.00651001930237 66.4155505457414
10.38 0 0 1.00837004184723 1.00651001930237 66.4155505457414
10.4 0 0 1.00837004184723 1.00651001930237 66.4155505457414
10.42 0 0 1.00837004184723 1.00651001930237 66.4155505457414
10.44 0 0 1.00837004184723 1.00651001930237 66.4155505457414
10.46 0 0 1.00837004184723 1.00651001930237 66.4155505457414
10.48 0 0 1.00837004184723 1.00651001930237 66.4155505457414
10.5 0 0 1.00837004184723 1.00651001930237 66.4155505457414
10.52 0 0 1.00837004184723 1.00651001930237 66.4155505457414
10.54 0 0 1.00837004184723 1.00651001930237 66.4155505457414
10.56 0 0 1.00837004184723 1.00651001930237 66.4155505457414
10.58 0 0 1.00837004184723 1.00651001930237 66.4155505457414
10.6 0 0 1.00837004184723 1.00651001930237 66.4155505457414
10.62 0 0 1.00837004184723 1.00651001930237 66.4155505457414
10.64 0 0 1.00837004184723 1.00651001930237 66.4155505457414
10.66 0 0 1.00837004184723 1.00651001930237 66.4155505457414
10.68 0 0 1.00837004184723 1.00651001930237 66.4155505457414
10.7 0 0 1.00837004184723 1.00651001930237 66.4155505457414
10.72 0 0 1.00837004184723 1.00651001930237 66.4155505457414
10.74 0 0 1.00837004184723 1.00651001930237 66.4155505457414
10.76 0 0 1.00837004184723 1.00651001930237 66.4155505457414
10.78 0 0 1.00837004184723 1.00651001930237 66.4155505457414
10.8 0 0 1.00837004184723 1.00651001930237 66.4155505457414
10.82 0 0 1.00837004184723 1.00651001930237 66.4155505457414
10.84 0 0 1.00837004184723 1.00651001930237 66.4155505457414
10.86 0 0 1.00837004184723 1.00651001930237 66.4155505457414
10.88 0 0 1.00837004184723 1.00651001930237 66.4155505457414
10.9 0 0 1.00837004184723 1.00651001930237 66.4155505457414
10.92 0 0 1.00837004184723 1.00651001930237 66.4155505457414
10.94 0 0 1.00837004184723 1.00651001930237 66.4155505457414
10.96 0 0 1.00837004184723 1.00651001930237 66.4155505457414
10.98 0 0 1.00837004184723 1.00651001930237 66.4155505457414
11 0 0 1.00837004184723 1.00651001930237 66.4155505457414
11.02 0 0 1.00837004184723 1.00651001930237 66.4155505457414
11.04 0 0 1.00837004184723 1.00651001930237 66.4155505457414
11.06 0 0 1.00837004184723 1.00651001930237 66.4155505457414
11.08 0 0 1.00837004184723 1.00651001930237 66.4155505457414
11.1 0 0 1.00837004184723 1.00651001930237 66.4155505457414
11.12 0 0 1.00837004184723 1.00651001930237 66.4155505457414
11.14 0 0 1.00837004184723 1.00651001930237 66.4155505457414
11.16 0 0 1.00837004184723 1.00651001930237 66.4155505457414
11.18 0 0 1.00837004184723 1.00651001930237 66.4155505457414
11.2 0 0 1.00837004184723 1.00651001930237 66.4155505457414
11.22 0 0 1.00837004184723 1.00651001930237 66.4155505457414
11.24 0 0 1.00837004184723 1.00651001930237 66.4155505457414
11.26 0 0 1.00837004184723 1.00651001930237 66.4155505457414
11.28 0 0 1.00837004184723 1.00651001930237 66.4155505457414
11.3 0 0 1.00837004184723 1.00651001930237 66.4155505457414
11.32 0 0 1.00837004184723 1.00651001930237 66.4155505457414
11.34 0 0 1.00837004184723 1.00651001930237 66.4155505457414
11.36 0 0 1.00837004184723 1.00651001930237 66.4155505457414
11.38 0 0 1.00837004184723 1.00651001930237 66.4155505457414
11.4 0 0 1.00837004184723 1.00651001930237 66.4155505457414
11.42 0 0 1.00837004184723 1.00651001930237 66.4155505457414
11.44 0 0 1.00837004184723 1.00651001930237 66.4155505457414
11.46 0 0 1.00837004184723 1.00651001930237 66.4155505457414
11.48 0 0 1.00837004184723 1.00651001930237 66.4155505457414
11.5 0 0 1.00837004184723 1.00651001930237 66.4155505457414
11.52 0 0 1.00837004184723 1.00651001930237 66.4155505457414
11.54 0 0 1.00837004184723 1.00651001930237 66.4155505457414
11.56 0 0 1.00837004184723 1.00651001930237 66.4155505457414
11.58 0 0 1.00837004184723 1.00651001930237 66.4155505457414
11.6 0 0 1.00837004184723 1.00651001930237 66.4155505457414
11.62 0 0 1.00837004184723 1.00651001930237 66.4155505457414
11.64 0 0 1.00837004184723 1.00651001930237 66.4155505457414
11.66 0 0 1.00837004184723 1.00651001930237 66.4155505457414
11.68 0 0 1.00837004184723 1.00651001930237 66.4155505457414
11.7 0 0 1.00837004184723 1.00651001930237 66.4155505457414
11.72 0 0 1.00837004184723 1.00651001930237 66.4155505457414
11.74 0 0 1.00837004184723 1.00651001930237 66.4155505457414
11.76 0 0 1.00837004184723 1.00651001930237 66.4155505457414
11.78 0 0 1.00837004184723 1.00651001930237 66.4155505457414
11.8 0 0 1.00837004184723 1.00651001930237 66.4155505457414
11.82 0 0 1.00837004184723 1.00651001930237 66.4155505457414
11.84 0 0 1.00837004184723 1.00651001930237 66.4155505457414
11.86 0 0 1.00837004184723 1.00651001930237 66.4155505457414
11.88 0 0 1.00837004184723 1.00651001930237 66.4155505457414
11.9 0 0 1.00837004184723 1.00651001930237 66.4155505457414
11.92 0 0 1.00837004184723 1.00651001930237 66.4155505457414
11.94 0 0 1.00837004184723 1.00651001930237 66.4155505457414
11.96 0 0 1.00837004184723 1.00651001930237 66.4155505457414
11.98 0 0 1.00837004184723 1.00651001930237 66.4155505457414
12 0 0 1.00837004184723 1.00651001930237 66.4155505457414
12.02 0 0 1.00837004184723 1.00651001930237 66.4155505457414
12.04 0 0 1.00837004184723 1.00651001930237 66.4155505457414
12.06 0 0 1.00837004184723 1.00651001930237 66.4155505457414
12.08 0 0 1.00837004184723 1.00651001930237 66.4155505457414
12.1 0 0 1.00837004184723 1.00651001930237 66.4155505457414
12.12 0 0 1.00837004184723 1.00651001930237 66.4155505457414
12.14 0 0 1.00837004184723 1.00651001930237 66.4155505457414
12.16 0 0 1.00837004184723 1.00651001930237 66.4155505457414
12.18 0 0 1.00837004184723 1.00651001930237 66.4155505457414
12.2 0 0 1.00837004184723 1.00651001930237 66.4155505457414
12.22 0 0 1.00837004184723 1.00651001930237 66.4155505457414
12.24 0 0 1.00837004184723 1.00651001930237 66.4155505457414
12.26 0 0 1.00837004184723 1.00651001930237 66.4155505457414
12.28 0 0 1.00837004184723 1.00651001930237 66.4155505457414
12.3 0 0 1.00837004184723 1.00651001930237 66.4155505457414
12.32 0 0 1.00837004184723 1.00651001930237 66.4155505457414
12.34 0 0 1.00837004184723 1.00651001930237 66.4155505457414
12.36 0 0 1.00837004184723 1.00651001930237 66.4155505457414
12.38 0 0 1.00837004184723 1.00651001930237 66.4155505457414
12.4 0 0 1.00837004184723 1.00651001930237 66.4155505457414
12.42 0 0 1.00837004184723 1.00651001930237 66.4155505457414
12.44 0 0 1.00837004184723 1.00651001930237 66.4155505457414
12.46 0 0 1.00837004184723 1.00651001930237 66.4155505457414
12.48 0 0 1.00837004184723 1.00651001930237 66.4155505457414
12.5 0 0 1.00837004184723 1.00651001930237 66.4155505457414
12.52 0 0 1.00837004184723 1.00651001930237 66.4155505457414
12.54 0 0 1.00837004184723 1.00651001930237 66.4155505457414
12.56 0 0 1.00837004184723 1.00651001930237 66.4155505457414
12.58 0 0 1.00837004184723 1.00651001930237 66.4155505457414
12.6 0 0 1.00837004184723 1.00651001930237 66.4155505457414
12.62 0 0 1.00837004184723 1.00651001930237 66.4155505457414
12.64 0 0 1.00837004184723 1.00651001930237 66.4155505457414
12.66 0 0 1.00837004184723 1.00651001930237 66.4155505457414
12.68 0 0 1.00837004184723 1.00651001930237 66.4155505457414
12.7 0 0 1.00837004184723 1.00651001930237 66.4155505457414
12.72 0 0 1.00837004184723 1.00651001930237 66.4155505457414
12.74 0 0 1.00837004184723 1.00651001930237 66.4155505457414
12.76 0 0 1.00837004184723 1.00651001930237 66.4155505457414
12.78 0 0 1.00837004184723 1.00651001930237 66.4155505457414
12.8 0 0 1.00837004184723 1.00651001930237 66.4155505457414
12.82 0 0 1.00837004184723 1.00651001930237 66.4155505457414
12.84 0 0 1.00837004184723 1.00651001930237 66.4155505457414
12.86 0 0 1.00837004184723 1.00651001930237 66.4155505457414
12.88 0 0 1.00837004184723 1.00651001930237 66.4155505457414
12.9 0 0 1.00837004184723 1.00651001930237 66.4155505457414
12.92 0 0 1.00837004184723 1.00651001930237 66.4155505457414
12.94 0 0 1.00837004184723 1.00651001930237 66.4155505457414
12.96 0 0 1.00837004184723 1.00651001930237 66.4155505457414
12.98 0 0 1.00837004184723 1.00651001930237 66.4155505457414
13 0 0 1.00837004184723 1.00651001930237 66.4155505457414
13.02 0 0 1.00837004184723 1.00651001930237 66.4155505457414
13.04 0 0 1.00837004184723 1.00651001930237 66.4155505457414
13.06 0 0 1.00837004184723 1.00651001930237 66.4155505457414
13.08 0 0 1.00837004184723 1.00651001930237 66.4155505457414
13.1 0 0 1.00837004184723 1.00651001930237 66.4155505457414
13.12 0 0 1.00837004184723 1.00651001930237 66.4155505457414
13.14 0 0 1.00837004184723 1.00651001930237 66.4155505457414
13.16 0 0 1.00837004184723 1.00651001930237 66.4155505457414
13.18 0 0 1.00837004184723 1.00651001930237 66.4155505457414
13.2 0 0 1.00837004184723 1.00651001930237 66.4155505457414
13.22 0 0 1.00837004184723 1.00651001930237 66.4155505457414
13.24 0 0 1.00837004184723 1.00651001930237 66.4155505457414
13.26 0 0 1.00837004184723 1.00651001930237 66.4155505457414
13.28 0 0 1.00837004184723 1.00651001930237 66.4155505457414
13.3 0 0 1.00837004184723 1.00651001930237 66.4155505457414
13.32 0 0 1.00837004184723 1.00651001930237 66.4155505457414
13.34 0 0 1.00837004184723 1.00651001930237 66.4155505457414
13.36 0 0 1.00837004184723 1.00651001930237 66.4155505457414
13.38 0 0 1.00837004184723 1.00651001930237 66.4155505457414
13.4 0 0 1.00837004184723 1.00651001930237 66.4155505457414
13.42 0 0 1.00837004184723 1.00651001930237 66.4155505457414
13.44 0 0 1.00837004184723 1.00651001930237 66.4155505457414
13.46 0 0 1.00837004184723 1.00651001930237 66.4155505457414
13.48 0 0 1.00837004184723 1.00651001930237 66.4155505457414
13.5 0 0 1.00837004184723 1.00651001930237 66.4155505457414
13.52 0 0 1.00837004184723 1.00651001930237 66.4155505457414
13.54 0 0 1.00837004184723 1.00651001930237 66.4155505457414
13.56 0 0 1.00837004184723 1.00651001930237 66.4155505457414
13.58 0 0 1.00837004184723 1.00651001930237 66.4155505457414
13.6 0 0 1.00837004184723 1.00651001930237 66.4155505457414
13.62 0 0 1.00837004184723 1.00651001930237 66.4155505457414
13.64 0 0 1.00837004184723 1.00651001930237 66.4155505457414
13.66 0 0 1.00837004184723 1.00651001930237 66.4155505457414
13.68 0 0 1.00837004184723 1.00651001930237 66.4155505457414
13.7 0 0 1.00837004184723 1.00651001930237 66.4155505457414
13.72 0 0 1.00837004184723 1.00651001930237 66.4155505457414
13.74 0 0 1.00837004184723 1.00651001930237 66.4155505457414
13.76 0 0 1.00837004184723 1.00651001930237 66.4155505457414
13.78 0 0 1.00837004184723 1.00651001930237 66.4155505457414
13.8 0 0 1.00837004184723 1.00651001930237 66.4155505457414
13.82 0 0 1.00837004184723 1.00651001930237 66.4155505457414
13.84 0 0 1.00837004184723 1.00651001930237 66.4155505457414
13.86 0 0 1.00837004184723 1.00651001930237 66.4155505457414
13.88 0 0 1.00837004184723 1.00651001930237 66.4155505457414
13.9 0 0 1.00837004184723 1.00651001930237 66.4155505457414
13.92 0 0 1.00837004184723 1.00651001930237 66.4155505457414
13.94 0 0 1.00837004184723 1.00651001930237 66.4155505457414
13.96 0 0 1.00837004184723 1.00651001930237 66.4155505457414
13.98 0 0 1.00837004184723 1.00651001930237 66.4155505457414
14 0 0 1.00837004184723 1.00651001930237 66.4155505457414
14.02 0 0 -0.0500000007450581 0 50.0000207435948
14.04 0 0 -0.0500000007450581 0 50.0000207435948
14.06 0 0 -0.0500000007450581 0 50.0000207435948
14.08 0 0 -0.0500000007450581 0 50.0000207435948
14.1 0 0 -0.0500000007450581 0 50.0000207435948
14.12 0 0 -0.0500000007450581 0 50.0000207435948
14.14 0 0 -0.0500000007450581 0 50.0000207435948
14.16 0 0 -0.0500000007450581 0 50.0000207435948
14.18 0 0 -0.0500000007450581 0 50.0000207435948
14.2 0 0 -0.0500000007450581 0 50.0000207435948
14.22 0 0 -0.0500000007450581 0 50.0000207435948
14.24 0 0 -0.0500000007450581 0 50.0000207435948
14.26 0 0 -0.0500000007450581 0 50.0000207435948
14.28 0 0 -0.0500000007450581 0 50.0000207435948
14.3 0 0 -0.0500000007450581 0 50.0000207435948
14.32 0 0 -0.0500000007450581 0 50.0000207435948
14.34 0 0 -0.0500000007450581 0 50.0000207435948
14.36 0 0 -0.0500000007450581 0 50.0000207435948
14.38 0 0 -0.0500000007450581 0 50.0000207435948
14.4 0 0 -0.0500000007450581 0 50.0000207435948
14.42 0 0 -0.0500000007450581 0 50.0000207435948
14.44 0 0 -0.0500000007450581 0 50.0000207435948
14.46 0 0 -0.0500000007450581 0 50.0000207435948
14.48 0 0 -0.0500000007450581 0 50.0000207435948
14.5 0 0 -0.0500000007450581 0 50.0000207435948
14.52 0 0 -0.0500000007450581 0 50.0000207435948
14.54 0 0 -0.0500000007450581 0 50.0000207435948
14.56 0 0 -0.0500000007450581 0 50.0000207435948
14.58 0 0 -0.0500000007450581 0 50.0000207435948
14.6 0 0 -0.0500000007450581 0 50.0000207435948
14.62 0 0 -0.0500000007450581 0 50.0000207435948
14.64 0 0 -0.0500000007450581 0 50.0000207435948
14.66 0 0 -0.0500000007450581 0 50.0000207435948
14.68 0 0 -0.0500000007450581 0 50.0000207435948
14.7 0 0 -0.0500000007450581 0 50.0000207435948
14.72 0 0 -0.0500000007450581 0 50.0000207435948
14.74 0 0 -0.0500000007450581 0 50.0000207435948
14.76 0 0 -0.0500000007450581 0 50.0000207435948
14.78 0 0 -0.0500000007450581 0 50.0000207435948
14.8 0 0 -0.0500000007450581 0 50.0000207435948
14.82 0 0 -0.0500000007450581 0 50.0000207435948
14.84 0 0 -0.0500000007450581 0 50.0000207435948
14.86 0 0 -0.0500000007450581 0 50.0000207435948
14.88 0 0 -0.0500000007450581 0 50.0000207435948
14.9 0 0 -0.0500000007450581 0 50.0000207435948
14.92 0 0 -0.0500000007450581 0 50.0000207435948
14.94 0 0 -0.0500000007450581 0 50.0000207435948
14.96 0 0 -0.0500000007450581 0 50.0000207435948
14.98 0 0 -0.0500000007450581 0 50.0000207435948
15 0 0 -0.0500000007450581 0 50.0000207435948
15.02 0 0 -0.0500000007450581 0 50.0000207435948
15.04 0 0 -0.0500000007450581 0 50.0000207435948
15.06 0 0 -0.0500000007450581 0 50.0000207435948
15.08 0 0 -0.0500000007450581 0 50.0000207435948
15.1 0 0 -0.0500000007450581 0 50.0000207435948
15.12 0 0 -0.0500000007450581 0 50.0000207435948
15.14 0 0 -0.0500000007450581 0 50.0000207435948
15.16 0 0 -0.0500000007450581 0 50.0000207435948
15.18 0 0 -0.0500000007450581 0 50.0000207435948
15.2 0 0 -0.0500000007450581 0 50.0000207435948
15.22 0 0 -0.0500000007450581 0 50.0000207435948
15.24 0 0 -0.0500000007450581 0 50.0000207435948
15.26 0 0 -0.0500000007450581 0 50.0000207435948
15.28 0 0 -0.0500000007450581 0 50.0000207435948
15.3 0 0 -0.0500000007450581 0 50.0000207435948
15.32 0 0 -0.0500000007450581 0 50.0000207435948
15.34 0 0 -0.0500000007450581 0 50.0000207435948
15.36 0 0 -0.0500000007450581 0 50.0000207435948
15.38 0 0 -0.0500000007450581 0 50.0000207435948
15.4 0 0 -0.0500000007450581 0 50.0000207435948
15.42 0 0 -0.0500000007450581 0 50.0000207435948
15.44 0 0 -0.0500000007450581 0 50.0000207435948
15.46 0 0 -0.0500000007450581 0 50.0000207435948
15.48 0 0 -0.0500000007450581 0 50.0000207435948
15.5 0 0 -0.0500000007450581 0 50.0000207435948
15.52 0 0 -0.0500000007450581 0 50.0000207435948
15.54 0 0 -0.0500000007450581 0 50.0000207435948
15.56 0 0 -0.0500000007450581 0 50.0000207435948
15.58 0 0 -0.0500000007450581 0 50.0000207435948
15.6 0 0 -0.0500000007450581 0 50.0000207435948
15.62 0 0 -0.0500000007450581 0 50.0000207435948
15.64 0 0 -0.0500000007450581 0 50.0000207435948
15.66 0 0 -0.0500000007450581 0 50.0000207435948
15.68 -0.627251029014587 0.00059052900178358 -0.0499924011528492 8.9996401584358E-6 49.2812457862883
15.7 -1.84660995006561 0.0197163000702858 -0.0497296005487442 0.00030306598637253 47.1651404832964
15.72 -2.1923201084137 0.0159913003444672 -0.049507100135088 0.000532776000909507 44.6529490952408
15.74 -2.34070992469788 0.0310855004936457 -0.0490547008812428 0.000959250028245151 41.9707064874192
15.76 -2.2667601108551 0.0853466987609863 -0.0477600991725922 0.00207170005887747 39.3732026215355
15.78 -1.92720997333527 0.151049003005028 -0.0453882999718189 0.00394276017323136 37.1647360854921
15.8 -1.75859999656677 0.182750999927521 -0.0424371995031834 0.00609923014417291 35.1495843935276
15.82 -1.22167003154755 0.2362439930439 -0.0385410003364086 0.00877199973911047 33.7496210099171
15.84 -0.705129027366638 0.273359000682831 -0.0339738987386227 0.0117771998047829 32.9416369518611
15.86 -0.233104005455971 0.296510994434357 -0.0289896000176668 0.0149903995916247 32.6744638571922
15.88 0.100319996476173 0.300839990377426 -0.0239282008260489 0.0182437002658844 32.7894569220585
15.9 0.421483993530273 0.308057993650436 -0.0187628008425236 0.0216020997613668 33.2724605794053
15.92 0.594950020313263 0.318125009536743 -0.0134642003104091 0.0251243002712727 33.9542227415995
15.94 0.699311017990112 0.318255990743637 -0.00820938963443041 0.0287162996828556 34.7555610255932
15.96 0.769616007804871 0.325634002685547 -0.00288735004141927 0.0324700996279716 35.6374579757526
15.98 0.788872003555298 0.332450985908508 0.00248571997508407 0.0363866984844208 36.5414710784445
16 0.773217976093292 0.34299099445343 0.0079653300344944 0.0405135005712509 37.4274934628626
16.02 0.582736015319824 0.358536005020142 0.0191307999193668 0.0493020005524158 38.9072710220192
16.04 0.467361986637115 0.366605997085571 0.0248147994279861 0.0539336986839771 39.4428739661643
16.06 0.331900000572205 0.373636990785599 0.0305698998272419 0.0587003007531166 39.8232028048128
16.08 0.24668000638485 0.378351002931595 0.0363695994019508 0.0635607019066811 40.1058428628572
16.1 0.161528006196022 0.379781007766724 0.042171198874712 0.0684631988406181 40.2909648950267
16.12 0.0800023972988129 0.38511198759079 0.0480423010885715 0.0734487026929855 40.3826396940666
16.14 0.0833270028233528 0.386400014162064 0.0539247989654541 0.0784604996442795 40.4780915877176
16.16 0.0467545986175537 0.38883900642395 0.0598379001021385 0.0835115984082222 40.5316641764726
16.18 0.0570060983300209 0.391499996185303 0.065786100924015 0.0886034965515137 40.5970393321134
16.2 0.11149500310421 0.397666990756989 0.0718194022774696 0.0937857031822205 40.7248082658222
16.22 0.10521499812603 0.395442992448807 0.0778077021241188 0.0989520028233528 40.8453576895784
16.24 0.0783630982041359 0.393880009651184 0.0837628990411758 0.10410899668932 40.9351405262183
16.26 0.102214001119137 0.396265000104904 0.0897447019815445 0.109307996928692 41.0522543648219
16.28 0.0953793972730637 0.397020995616913 0.0957276970148087 0.114528000354767 41.1615749575826
16.3 0.111217997968197 0.39691099524498 0.101698003709316 0.119759999215603 41.2889989667384
16.32 0.100827999413013 0.399186998605728 0.107692003250122 0.125034004449844 41.4045657674951
16.34 0.119854003190994 0.400191992521286 0.113688997924328 0.130334004759789 41.5419037962311
16.36 0.130590006709099 0.399598002433777 0.119663998484612 0.135642006993294 41.6915600711353
16.38 0.113135002553463 0.397354006767273 0.125591993331909 0.140935003757477 41.8211629106364
16.4 0.123548001050949 0.399571001529694 0.13154099881649 0.146271005272865 41.962742486847
16.42 0.136338993906975 0.399567008018494 0.137475997209549 0.151621997356415 42.1189864792057
16.44 0.127773001790047 0.399302989244461 0.143392994999886 0.156985998153687 42.2654359802946
16.46 0.133568003773689 0.399574995040894 0.149298995733261 0.16236899793148 42.4184731988379
16.48 0.12678000330925 0.400474011898041 0.155205994844437 0.167778998613358 42.5637752281462
16.5 0.145251005887985 0.401740998029709 0.161115005612373 0.173222005367279 42.7302166929357
16.52 0.115005001425743 0.399796009063721 0.166982993483543 0.178654998540878 42.861998362782
16.54 0.0808798000216484 0.401282995939255 0.172860994935036 0.184119001030922 42.9546464637787
16.56 0.0406132005155087 0.399325996637344 0.178703993558884 0.189563006162643 43.0012283539182
16.58 0.0286066997796297 0.399453014135361 0.184544995427132 0.195013999938965 43.0339996015559
16.6 0.00877350009977818 0.397967010736465 0.190363004803658 0.200445994734764 43.0440263192575
16.62 -0.00602613016963005 0.400833994150162 0.196222007274628 0.205917000770569 43.0371517338579
16.64 -0.00274753989651799 0.400940001010895 0.202083006501198 0.211390003561974 43.0339996015559
16.66 -0.0125604001805186 0.400296002626419 0.207936003804207 0.216851994395256 43.0196186382584
16.68 0.0264596994966269 0.402559995651245 0.213820993900299 0.222347006201744 43.0499276027004
16.7 0.051349401473999 0.404799997806549 0.219733998179436 0.227877005934715 43.1087730974946
16.72 0.0520649999380112 0.40395599603653 0.22562900185585 0.233401000499725 43.1684177244218
16.74 0.0938325002789497 0.404819995164871 0.231528997421265 0.238945007324219 43.2759590529037
16.76 0.115327998995781 0.406370997428894 0.237440004944801 0.244524002075195 43.408085647303
16.78 0.0627781972289085 0.40394800901413 0.243305996060371 0.25007900595665 43.4800485203983
16.8 0.073214203119278 0.401798009872437 0.249133005738258 0.255612999200821 43.5639300735953
16.82 0.0823343992233276 0.400357991456985 0.25492998957634 0.261135995388031 43.6582959671682
16.84 0.0848278030753136 0.398196011781693 0.260686993598938 0.266638994216919 43.75546906849
16.86 0.0527575016021729 0.398018002510071 0.266434013843536 0.272146999835968 43.8159162426446
16.88 0.0583221018314362 0.399266988039017 0.272193014621735 0.277678996324539 43.8827803795245
16.9 0.0364340990781784 0.397738009691238 0.277924001216888 0.283194988965988 43.9245504013937
16.92 0.0210570991039276 0.398245006799698 0.283659994602203 0.288722008466721 43.9486712144476
16.94 0.045761700719595 0.400238990783691 0.289420008659363 0.294279992580414 44.001096331422
16.96 0.0402899011969566 0.401210010051727 0.295190006494522 0.299856007099152 44.0472752404005
16.98 0.0361570008099079 0.401048004627228 0.30095300078392 0.305435001850128 44.0887003377167
17 0.0408436991274357 0.397339999675751 0.306659013032913 0.310966998338699 44.1355110391934
17.02 0.050679799169302 0.388462990522385 0.312231987714767 0.316379994153976 44.1935539867601
17.04 0.0528501011431217 0.39826700091362 0.31793999671936 0.321934998035431 44.2541138590361
17.06 0.0389739014208317 0.398604989051819 0.323648005723953 0.327500998973846 44.2988037867755
17.08 0.0344715006649494 0.394282996654511 0.329290002584457 0.333009988069534 44.3382822801782
17.1 -0.00390192004851997 0.392594993114471 0.334906011819839 0.338497012853622 44.3338119213664
17.12 0.00558750983327627 0.397725999355316 0.340595990419388 0.344056993722916 44.3402288840916
17.14 0.00387901999056339 0.395718991756439 0.346255987882614 0.349588006734848 44.3446992429034
17.16 0.0392509996891022 0.392381012439728 0.351866006851196 0.355075985193253 44.389676038588
17.18 0.00812711007893085 0.394032001495361 0.357497006654739 0.360588997602463 44.39895826567
17.2 -0.0135070001706481 0.399239987134933 0.36320298910141 0.3661749958992 44.3834878871999
17.22 -0.0147767001762986 0.400889009237289 0.368932992219925 0.371782004833221 44.3665865840987
17.24 -0.00683433003723621 0.399042010307312 0.374639004468918 0.377362012863159 44.3587352816478
17.26 0.0276373997330666 0.40226799249649 0.380389988422394 0.38298898935318 44.3904205292075
17.28 0.04130569845438 0.405851989984512 0.386188000440598 0.388669013977051 44.4377469099665
17.3 0.0133221000432968 0.404462993144989 0.391963005065918 0.394333988428116 44.4529884770994
17.32 0.00967414025217295 0.403012007474899 0.397715985774994 0.399978995323181 44.4641046099736
17.34 0.0416290014982224 0.404451012611389 0.403486996889114 0.405647993087769 44.5117725001911
17.36 0.0218649990856647 0.402958989143372 0.409233003854752 0.411298990249634 44.5368700302964
17.38 0.0153769999742508 0.403889000415802 0.41499000787735 0.416965007781982 44.5544577674091
17.4 0.00838118977844715 0.403162986040115 0.420735001564026 0.422623008489609 44.5640849190443
17.42 0.00480255018919706 0.401746988296509 0.426459014415741 0.428261011838913 44.5695832213261
17.44 -0.00881979987025261 0.400480002164841 0.432166010141373 0.433881998062134 44.5594438055033
17.46 -0.0109440004453063 0.401764005422592 0.437891989946365 0.439518988132477 44.5468967479979
17.48 0.0240122992545366 0.399989992380142 0.443592011928558 0.445131987333298 44.5744565612989
17.5 0.0443072989583015 0.40345299243927 0.449337005615234 0.450798004865646 44.6252185272105
17.52 0.0429451018571854 0.400112986564636 0.455029994249344 0.456420987844467 44.6744368703696
17.54 0.0443764999508858 0.397718012332916 0.46068400144577 0.462016999721527 44.7252568928891
17.56 0.068942703306675 0.394758999347687 0.46628999710083 0.467575997114182 44.8042685212079
17.58 0.0664262995123863 0.394136011600494 0.471879005432129 0.473134994506836 44.8804148851698
17.6 0.0754076018929482 0.397399008274078 0.477506011724472 0.478747010231018 44.9668167781705
17.62 0.00803500972688198 0.397738009691238 0.483134001493454 0.4843690097332 44.9760409486446
17.64 -0.033501498401165 0.399022996425629 0.488781005144119 0.490007996559143 44.9376518704145
17.66 -0.0393662005662918 0.397103011608124 0.494406014680862 0.495615988969803 44.8925043200007
17.68 -0.0496407002210617 0.399859011173248 0.500074028968811 0.501257002353668 44.8356088442145
17.7 -0.0633554980158806 0.399724006652832 0.505746006965637 0.506889998912811 44.763014178621
17.72 -0.0533578991889954 0.399693995714188 0.511425018310547 0.512516021728516 44.7018805704547
17.74 -0.0151000004261732 0.401203989982605 0.517129004001617 0.518159985542297 44.6845762861925
17.76 -0.0114981001242995 0.405380010604858 0.522894978523254 0.523860991001129 44.6714008512836
17.78 -0.000646558997686952 0.404240012168884 0.528644025325775 0.529543995857239 44.6706529455694
17.8 0.0396203994750977 0.403014004230499 0.534373998641968 0.535212993621826 44.716090779023
17.82 0.0512107014656067 0.406349003314972 0.540145993232727 0.540934026241302 44.7747621039934
17.84 0.00302468007430434 0.402913987636566 0.545866012573242 0.546609997749329 44.7781976891459
17.86 0.0188171993941069 0.398925006389618 0.551528990268707 0.552231013774872 44.7997981623961
17.88 0.0371959991753101 0.402464002370834 0.557237982749939 0.55790501832962 44.8423707314928
17.9 0.0273835007101297 0.400099992752075 0.56291002035141 0.563548982143402 44.8737691111073
17.92 -0.0133686000481248 0.394226014614105 0.568499028682709 0.569110989570618 44.8584694873665
17.94 0.00972044002264738 0.397810012102127 0.574137985706329 0.574724018573761 44.8695856202407
17.96 -0.0151923997327685 0.402972996234894 0.579850971698761 0.580408990383148 44.8521686378572
17.98 -0.0130452997982502 0.400368005037308 0.585528016090393 0.586054980754852 44.8372139386694
18 -0.00420212978497148 0.397305011749268 0.591162979602814 0.591657996177673 44.8324020703991
18.02 0.000738997012376785 0.40276101231575 0.596875011920929 0.597337007522583 44.83325925914
18.04 0.00907371006906033 0.404691994190216 0.602614998817444 0.603043973445892 44.8436889580026
18.06 0.0217495001852512 0.401502013206482 0.608307003974915 0.608708024024963 44.868612318284
18.08 0.0227653998881578 0.403851985931396 0.614030003547668 0.614408016204834 44.8946797352513
18.1 0.0252590999007225 0.401535004377365 0.619718015193939 0.620077013969421 44.9236158316701
18.12 0.0604461990296841 0.400063991546631 0.625379979610443 0.625730991363525 44.9928876102324
18.14 0.0359953008592129 0.398582011461258 0.631015002727509 0.63136899471283 45.0341385377247
18.16 0.00842748954892159 0.399872988462448 0.636665999889374 0.637027978897095 45.0438203308732
18.18 -0.0167624000459909 0.399417996406555 0.642311990261078 0.642679989337921 45.0245694426975
18.2 -0.010389699600637 0.39674898982048 0.647921025753021 0.648293018341064 45.0126541776904
18.22 -0.026205699890852 0.402493000030518 0.653612971305847 0.653984010219574 44.982628666099
18.24 -0.0422753989696503 0.402440011501312 0.659309029579163 0.659672021865845 44.934216285262
18.26 -0.0152153000235558 0.403416991233826 0.665021002292633 0.665368974208832 44.9167958877838
18.28 -0.0529426001012325 0.402480989694595 0.670723974704742 0.671050012111664 44.856119902292
18.3 -0.0483247004449368 0.403874009847641 0.676452994346619 0.676744997501373 44.8007168228394
18.32 0.0108286999166012 0.402705997228622 0.682166993618011 0.682420015335083 44.8131477671289
18.34 0.0184249002486467 0.403385996818542 0.687889993190765 0.688108026981354 44.8342325610967
18.36 0.0124217998236418 0.402025014162064 0.693590998649597 0.693777024745941 44.8485008262729
18.38 -0.000738659990020096 0.39792999625206 0.699232995510101 0.69938999414444 44.8476402224374
18.4 0.0696355998516083 0.39580899477005 0.7048419713974 0.7049760222435 44.9274543979837
18.42 0.0389505997300148 0.394973993301392 0.710433006286621 0.710556983947754 44.9720862691151
18.44 0.0353488996624947 0.397311002016068 0.716051995754242 0.716175019741058 45.0125961210825
18.46 0.0226962007582188 0.396239995956421 0.721652984619141 0.721782028675079 45.0386088965365
18.48 -0.0127216996625066 0.39793199300766 0.727277994155884 0.727411985397339 45.0239991219018
18.5 -0.0308235008269548 0.395586997270584 0.732872009277344 0.73300701379776 44.9887041193658
18.52 -0.00667252019047737 0.39674299955368 0.738484025001526 0.73861700296402 44.9810269867387
18.54 -0.0148460995405912 0.397000998258591 0.744100987911224 0.744228005409241 44.9640095704216
18.56 -0.0329473987221718 0.401895999908447 0.749790012836456 0.74990701675415 44.9262522846897
18.58 0.00353250000625849 0.401315987110138 0.755473017692566 0.755575001239777 44.9303196623405
18.6 0.00983577966690063 0.399479001760483 0.761129021644592 0.761218011379242 44.9416065499439
18.62 0.0214953999966383 0.403277993202209 0.766835987567902 0.766916990280151 44.9662430422802
18.64 0.0165778007358313 0.401980012655258 0.772523999214172 0.7725989818573 44.9852070625107
18.66 0.0323703996837139 0.399381011724472 0.778171002864838 0.778248012065887 45.0223359708389
18.68 0.0173627994954586 0.400256007909775 0.783828973770142 0.783910989761353 45.0422186515128
18.7 0.0108978999778628 0.401203989982605 0.789497971534729 0.789590001106262 45.0547076524102
18.72 -0.0136684998869896 0.399993985891342 0.795149981975555 0.79525101184845 45.0390665192109
18.74 -0.0159543007612228 0.398467987775803 0.800782024860382 0.800889015197754 45.020730876384
18.76 -0.0174320004880428 0.397556006908417 0.806402981281281 0.806513011455536 45.0007935541967
18.78 -0.0593149997293949 0.397662997245789 0.812030017375946 0.812133014202118 44.9328400021442
18.8 -0.0288842003792524 0.398198008537292 0.817669987678528 0.8177570104599 44.8997238299534
18.82 -0.042460098862648 0.398348987102509 0.823315978050232 0.823378026485443 44.8510792226845
18.84 -0.00470995018258691 0.400193989276886 0.82898998260498 0.829021990299225 44.845635561916
18.86 0.0210107993334532 0.400207012891769 0.834663987159729 0.834667980670929 44.86975637497
18.88 0.0388121008872986 0.402922004461288 0.840372979640961 0.8403559923172 44.9142174913722
18.9 0.0383965000510216 0.403118014335632 0.846080005168915 0.846050024032593 44.9582209851
18.92 0.0379807986319065 0.399071991443634 0.851725995540619 0.851692020893097 45.0017087995455
18.94 0.0347716994583607 0.398036986589432 0.85735297203064 0.857322990894318 45.0415868590146
18.96 -0.0080117704346776 0.394679009914398 0.8629310131073 0.862908005714417 45.0324207451484
18.98 0.0221881996840239 0.39478600025177 0.868510007858276 0.868496000766754 45.0578017281042
19 0.010020500048995 0.39486500620842 0.874087989330292 0.874086022377014 45.0693174270449
19.02 -0.00577205000445247 0.397132992744446 0.879697024822235 0.879709005355835 45.0626716529824
19.04 -0.0145690003409982 0.40064600110054 0.885357975959778 0.885380029678345 45.0459991612184
19.06 0.00623389985412359 0.401461005210876 0.89103102684021 0.89106297492981 45.0531606145632
19.08 -0.0223498996347189 0.398936003446579 0.896668016910553 0.896709024906158 45.0275508202702
19.1 -0.00316325994208455 0.401520013809204 0.902343988418579 0.902390003204346 45.0238830086859
19.12 0.000692525005433708 0.402188986539841 0.908029973506927 0.908079981803894 45.0246855559134
19.14 -0.0195330996066332 0.40124499797821 0.91370302438736 0.913756012916565 45.0023405920437
19.16 -0.00256266002543271 0.400258004665375 0.919363021850586 0.919416010379791 44.999359214471
19.18 0.0243123006075621 0.400752007961273 0.92502897977829 0.925085008144379 45.0272639523251
19.2 0.0229272004216909 0.400379985570908 0.9306880235672 0.930751025676727 45.0535055391163
19.22 0.0330631993710995 0.397888988256454 0.936307013034821 0.936384975910187 45.091378938064
19.24 0.008080979809165 0.399114996194839 0.941941976547241 0.942039012908936 45.1006577500515
19.26 -0.00718068005517125 0.399394989013672 0.947580993175507 0.94769698381424 45.0924102966287
19.28 -0.0449769012629986 0.399311989545822 0.95322197675705 0.953351020812988 45.040900425003
19.3 -0.0287913996726274 0.398672014474869 0.958856999874115 0.95899099111557 45.0078969509335
19.32 -0.0367572009563446 0.399143993854523 0.964502990245819 0.964634001255035 44.9657854196058
19.34 -0.0323472991585732 0.399154007434845 0.970153987407684 0.970273971557617 44.9287145678855
19.36 -0.0732373967766762 0.398808985948563 0.97580498456955 0.97590297460556 44.8447749580806
19.38 -0.0333399996161461 0.40616899728775 0.98156601190567 0.981629014015198 44.8065600496744
19.4 -0.0459003001451492 0.403079986572266 0.987289011478424 0.987308025360107 44.7539641779707
19.42 -0.0491098985075951 0.351437985897064 0.992281973361969 0.992254018783569 44.6976970795881
19.44 -0.0189327001571655 0.273662000894547 0.996173977851868 0.99610298871994 44.6759839082166
19.46 -0.0592687018215656 0.222195997834206 0.999334990978241 0.999225974082947 44.6080884127721
19.48 0.0111518995836377 0.186759993433952 1.00198996067047 1.00185000896454 44.6208642816146
19.5 -0.0353026017546654 0.143759995698929 1.00404000282288 1.00387001037598 44.5804124862552
19.52 -0.0181939005851746 0.110063001513481 1.00560998916626 1.00540995597839 44.5595565036246
19.54 -0.0570521987974644 0.0763171017169952 1.00670003890991 1.0064799785614 44.4941847630783
19.56 -0.00861207023262978 0.0561982989311218 1.00750005245209 1.00726997852325 44.484328800106
19.58 -0.0473317988216877 0.0300046000629663 1.0079300403595 1.00768995285034 44.4300697773394
19.6 -0.00572599982842803 0.0140990996733308 1.00812995433807 1.00788998603821 44.4235367013983
19.62 0.00374037004075944 0.0075522200204432 1.00823998451233 1.00799000263214 44.4278363054808
19.64 -0.0270831007510424 0.00239684991538525 1.0082700252533 1.00803005695343 44.3967794353248
19.66 0 0 1.0082700252533 1.00803005695343 44.3967794353248
19.68 0 0 1.0082700252533 1.00803005695343 44.3967794353248
19.7 0 0 1.0082700252533 1.00803005695343 44.3967794353248
19.72 0 0 1.0082700252533 1.00803005695343 44.3967794353248
19.74 0 0 1.0082700252533 1.00803005695343 44.3967794353248
19.76 0 0 1.0082700252533 1.00803005695343 44.3967794353248
19.78 0 0 1.0082700252533 1.00803005695343 44.3967794353248
19.8 0 0 1.0082700252533 1.00803005695343 44.3967794353248
19.82 0 0 1.0082700252533 1.00803005695343 44.3967794353248
19.84 0 0 1.0082700252533 1.00803005695343 44.3967794353248
19.86 0 0 1.0082700252533 1.00803005695343 44.3967794353248
19.88 0 0 1.0082700252533 1.00803005695343 44.3967794353248
19.9 0 0 1.0082700252533 1.00803005695343 44.3967794353248
19.92 0 0 1.0082700252533 1.00803005695343 44.3967794353248
19.94 0 0 1.0082700252533 1.00803005695343 44.3967794353248
19.96 0 0 1.0082700252533 1.00803005695343 44.3967794353248
19.98 0 0 1.0082700252533 1.00803005695343 44.3967794353248
