0 0 0 -0.0500000007450581 0 50.0000207435948
0.02 0 0 -0.0500000007450581 0 50.0000207435948
0.04 0 0 -0.0500000007450581 0 50.0000207435948
0.06 0 0 -0.0500000007450581 0 50.0000207435948
0.08 0 0 -0.0500000007450581 0 50.0000207435948
0.1 0 0 -0.0500000007450581 0 50.0000207435948
0.12 0 0 -0.0500000007450581 0 50.0000207435948
0.14 0 0 -0.0500000007450581 0 50.0000207435948
0.16 0 0 -0.0500000007450581 0 50.0000207435948
0.18 0 0 -0.0500000007450581 0 50.0000207435948
0.2 0 0 -0.0500000007450581 0 50.0000207435948
0.22 0 0 -0.0500000007450581 0 50.0000207435948
0.24 0 0 -0.0500000007450581 0 50.0000207435948
0.26 0 0 -0.0500000007450581 0 50.0000207435948
0.28 0 0 -0.0500000007450581 0 50.0000207435948
0.3 0 0 -0.0500000007450581 0 50.0000207435948
0.32 0 0 -0.0500000007450581 0 50.0000207435948
0.34 0 0 -0.0500000007450581 0 50.0000207435948
0.36 0 0 -0.0500000007450581 0 50.0000207435948
0.38 0 0 -0.0500000007450581 0 50.0000207435948
0.4 0 0 -0.0500000007450581 0 50.0000207435948
0.42 0 0 -0.0500000007450581 0 50.0000207435948
0.44 0 0 -0.0500000007450581 0 50.0000207435948
0.46 0 0 -0.0500000007450581 0 50.0000207435948
0.48 0 0 -0.0500000007450581 0 50.0000207435948
0.5 0 0 -0.0500000007450581 0 50.0000207435948
0.52 0 0 -0.0500000007450581 0 50.0000207435948
0.54 0 0 -0.0500000007450581 0 50.0000207435948
0.56 0 0 -0.0500000007450581 0 50.0000207435948
0.58 0 0 -0.0500000007450581 0 50.0000207435948
0.6 0 0 -0.0500000007450581 0 50.0000207435948
0.62 0 0 -0.0500000007450581 0 50.0000207435948
0.64 0 0 -0.0500000007450581 0 50.0000207435948
0.66 0 0 -0.0500000007450581 0 50.0000207435948
0.68 0 0 -0.0500000007450581 0 50.0000207435948
0.7 0 0 -0.0500000007450581 0 50.0000207435948
0.72 0 0 -0.0500000007450581 0 50.0000207435948
0.74 0 0 -0.0500000007450581 0 50.0000207435948
0.76 0 0 -0.0500000007450581 0 50.0000207435948
0.78 0 0 -0.0500000007450581 0 50.0000207435948
0.8 0 0 -0.0500000007450581 0 50.0000207435948
0.82 0 0 -0.0500000007450581 0 50.0000207435948
0.84 0 0 -0.0500000007450581 0 50.0000207435948
0.86 0 0 -0.0500000007450581 0 50.0000207435948
0.88 0 0 -0.0500000007450581 0 50.0000207435948
0.9 0 0 -0.0500000007450581 0 50.0000207435948
0.92 0 0 -0.0500000007450581 0 50.0000207435948
0.94 0 0 -0.0500000007450581 0 50.0000207435948
0.96 0 0 -0.0500000007450581 0 50.0000207435948
0.98 0 0 -0.0500000007450581 0 50.0000207435948
1 0 0 -0.0500000007450581 0 50.0000207435948
1.02 0 0 -0.0500000007450581 0 50.0000207435948
1.04 0 0 -0.0500000007450581 0 50.0000207435948
1.06 0 0 -0.0500000007450581 0 50.0000207435948
1.08 0 0 -0.0500000007450581 0 50.0000207435948
1.1 -0.887090981006622 0.00569073017686605 -0.0499260984361172 0.0000865346009959467 48.9834802743269
1.12 -2.39357995986938 0.0278856009244919 -0.0495501011610031 0.000498458975926042 46.240616322527
1.14 -2.97546005249023 0.0294467005878687 -0.0491302981972694 0.000911511015146971 42.8310029643285
1.16 -2.84528994560242 0.0305215008556843 -0.0486709997057915 0.00131359999068081 39.5705267866572
1.18 -2.47207999229431 0.0714457035064697 -0.0475473999977112 0.00219635991379619 36.7377092434882
1.2 -1.96256005764008 0.151458993554115 -0.0450846999883652 0.00396028021350503 34.4887943271799
1.22 -1.67314994335175 0.197821006178856 -0.0417867004871368 0.00614571012556553 32.5715055856434
1.24 -1.3158700466156 0.229440003633499 -0.0378874987363815 0.00856500025838614 31.0636525339034
1.26 -0.760726988315582 0.263514995574951 -0.0333524011075497 0.0112500004470348 30.1918949995669
1.28 -0.242408007383347 0.287337988615036 -0.0283781997859478 0.0141279995441437 29.9141248664007
1.3 0.154348000884056 0.292335987091064 -0.0233149006962776 0.017051599919796 30.0909994451474
1.32 0.509983003139496 0.293841987848282 -0.0182451996952295 0.020023999735713 30.675414336196
1.34 0.77995902299881 0.293742001056671 -0.0132160000503063 0.0230605006217957 31.5691719098491
1.36 0.89053201675415 0.293139010667801 -0.00824835989624262 0.0261742006987333 32.5896670586464
1.38 0.939826011657715 0.30401599407196 -0.0031563900411129 0.0294971000403166 33.6666000605556
1.4 1.01102995872498 0.306852012872696 0.00191667000763118 0.0329506993293762 34.8251777287086
1.42 1.00663995742798 0.310943007469177 0.00698571000248194 0.0365533009171486 35.9787113021594
1.44 0.944305002689362 0.317505985498428 0.0120890000835061 0.0403322987258434 37.060801096892
1.46 0.846201002597809 0.331079989671707 0.0173390991985798 0.0443674996495247 38.0304762231698
1.48 0.690236985683441 0.348136007785797 0.0227937009185553 0.0486948005855083 38.8213848083008
1.5 0.530439972877502 0.357969999313354 0.0283477995544672 0.0532125011086464 39.4292374934863
1.52 0.401674002408981 0.367776989936829 0.034010399132967 0.0579070001840591 39.8895512624103
1.54 0.252705991268158 0.374826014041901 0.039750199764967 0.0627290979027748 40.1791239624622
1.56 0.156471997499466 0.381446987390518 0.0455713011324406 0.0676601976156235 40.3584027677968
1.58 0.0836732983589172 0.384308993816376 0.0514240004122257 0.0726424977183342 40.4543156992167
1.6 0.0241739004850388 0.388785988092422 0.0573395006358624 0.0776890963315964 40.4819882106391
1.62 0.0123062999919057 0.3907850086689 0.0632835999131203 0.0827639028429985 40.4960823059914
1.64 0.028999300673604 0.394362986087799 0.0692799985408783 0.0878876000642776 40.5293145913981
1.66 0.0105745997279882 0.392013013362885 0.0752386003732681 0.0929830968379974 40.541462082837
1.68 0.0332015007734299 0.393047004938126 0.0812107026576996 0.0980945974588394 40.5795062365139
1.7 0.0497790984809399 0.39334899187088 0.0871831998229027 0.103215001523495 40.6365144104215
1.72 0.0804409980773926 0.396450996398926 0.0931959971785545 0.108383998274803 40.7287048887437
1.74 0.147305995225906 0.396394014358521 0.0991962030529976 0.113564997911453 40.8974993537023
1.76 0.157303005456924 0.394883990287781 0.105158001184464 0.118744999170303 41.0777514609936
1.78 0.190805003046989 0.402678996324539 0.111218996345997 0.124049000442028 41.2964472880283
1.8 0.256099998950958 0.403026014566422 0.117260999977589 0.129383996129036 41.5899166110017
1.82 0.238691002130508 0.398400008678436 0.123208001255989 0.134687006473541 41.86339055518
1.84 0.186948999762535 0.39817801117897 0.129127994179726 0.140012994408607 42.0776194384975
1.86 0.189373999834061 0.399594008922577 0.135049998760223 0.14538000524044 42.2946555295639
1.88 0.152362003922462 0.402411013841629 0.140994995832443 0.150804996490479 42.4692351647495
1.9 0.111565001308918 0.397819995880127 0.146858006715775 0.156184002757072 42.5970621550663
1.92 0.132391005754471 0.396683990955353 0.152691006660461 0.161560997366905 42.7487811470998
1.94 0.104175999760628 0.399634003639221 0.158555001020432 0.166991993784904 42.86818651417
1.96 0.0875291973352432 0.399607986211777 0.164407998323441 0.172435000538826 42.9684536911858
1.98 0.0953565016388893 0.398077011108398 0.170228004455566 0.177866995334625 43.0777162273386
2 0.10886300355196 0.399645000696182 0.176061004400253 0.183331996202469 43.2025071985693
2.02 0.10105899721384 0.400155007839203 0.181888997554779 0.188816994428635 43.3183028106632
2.04 0.104823000729084 0.396360993385315 0.187650993466377 0.194260999560356 43.438394611745
2.06 0.07674690335989 0.396434992551804 0.193403005599976 0.199717000126839 43.5263435425927
2.08 0.046246599406004 0.40030300617218 0.199205994606018 0.205234006047249 43.5793423954574
2.1 0.0571676008403301 0.399773001670837 0.204995006322861 0.210749000310898 43.6448883058274
2.12 0.0534503981471062 0.396530985832214 0.210730999708176 0.216225996613503 43.7061380272095
2.14 0.0249589998275042 0.39825901389122 0.216487005352974 0.221731007099152 43.7347291990752
2.16 0.0128372004255652 0.399123996496201 0.222253993153572 0.227249994874001 43.7493970303178
2.18 0.0235734991729259 0.399296998977661 0.228021994233131 0.232773005962372 43.7764377492419
2.2 -0.000507985998410732 0.400214999914169 0.233801007270813 0.238310992717743 43.7758674284462
2.22 0.0122600002214313 0.399574995040894 0.239571005105972 0.243841007351875 43.7899034671906
2.24 0.0235734991729259 0.398250997066498 0.245318993926048 0.249354004859924 43.8168895446013
2.26 0.0386043004691601 0.400247007608414 0.251093000173569 0.254898995161057 43.8611799062743
2.28 0.0156541001051664 0.402040988206863 0.256889998912811 0.260470986366272 43.8791125679402
2.3 0.0633322969079018 0.402455985546112 0.262688010931015 0.266054004430771 43.9516491769257
2.32 0.0729139968752861 0.402952998876572 0.268485993146896 0.27165099978447 44.0352438621775
2.34 0.073676198720932 0.40421399474144 0.2742939889431 0.277274996042252 44.1196410946568
2.36 0.0915928035974503 0.405304998159409 0.280108004808426 0.282923996448517 44.2246074418216
2.38 0.0758002996444702 0.401046007871628 0.285851985216141 0.288522005081177 44.3114669574967
2.4 0.0477473996579647 0.405368000268936 0.291649997234344 0.294189006090164 44.3661836029377
2.42 0.0236430000513792 0.403337001800537 0.297416001558304 0.299831002950668 44.3932857935643
2.44 0.0204102005809546 0.402278006076813 0.30316299200058 0.305460005998611 44.4166621159987
2.46 0.0211491994559765 0.402323007583618 0.308910012245178 0.311093002557755 44.4408990422685
2.48 -0.00842748954892159 0.4009929895401 0.314635992050171 0.316707998514175 44.4312138340254
2.5 0.0132758002728224 0.400368005037308 0.320353001356125 0.322313994169235 44.4464554011583
2.52 0.00251669995486736 0.40166300535202 0.326088011264801 0.327939003705978 44.4493206655151
2.54 0.0363879986107349 0.403586000204086 0.331847995519638 0.333593994379044 44.4910326307764
2.56 0.00108501000795513 0.397989988327026 0.337525993585587 0.339172005653381 44.4922928006783
2.58 0.00895837973803282 0.396627008914948 0.343185007572174 0.344731986522675 44.502548329717
2.6 0.0711363032460213 0.404716014862061 0.348953992128372 0.350410014390945 44.5840802978395
2.62 0.0429219007492065 0.403964012861252 0.354705005884171 0.356083005666733 44.6332405843907
2.64 0.0712518021464348 0.400076001882553 0.360395014286041 0.361708998680115 44.7148852506345
2.66 0.0407516993582249 0.401226013898849 0.366095006465912 0.367356985807419 44.7615832539898
2.68 0.0213801003992558 0.399152010679245 0.371762007474899 0.372979998588562 44.7861070482048
2.7 -0.0126758003607392 0.397036999464035 0.377398997545242 0.378573000431061 44.7715519150835
2.72 0.0197870992124081 0.398279994726181 0.383053004741669 0.384184002876282 44.7942418035063
2.74 -0.0311468001455069 0.396227985620499 0.388678014278412 0.389766007661819 44.7585472349038
2.76 -0.0135530000552535 0.396816998720169 0.394313991069794 0.395352989435196 44.7430187998257
2.78 -0.0379347987473011 0.396955996751785 0.399955004453659 0.400940001010895 44.6995309853803
2.8 -0.0226269997656345 0.396104007959366 0.405588001012802 0.406511008739471 44.6736343231421
2.82 0.0139918001368642 0.399740993976593 0.411271989345551 0.412131994962692 44.6896203808946
2.84 0.0395280010998249 0.402274012565613 0.416990011930466 0.41779300570488 44.7349386860376
2.86 0.0413520000874996 0.403176009654999 0.422715991735458 0.423469990491867 44.7823231234046
2.88 0.0362724997103214 0.400110989809036 0.434114992618561 0.434805005788803 44.8833928476479
2.9 0.00658007990568876 0.399596005678177 0.439776986837387 0.440445005893707 44.8908992255457
2.92 0.0139915999025106 0.402581006288528 0.44548100233078 0.446128994226456 44.9069433399061
2.94 -0.0387428998947144 0.401472985744476 0.45116999745369 0.451795011758804 44.8625368650172
2.96 -0.0244510006159544 0.40192899107933 0.456869006156921 0.457464009523392 44.8345194290418
2.98 -0.0178936999291182 0.404642999172211 0.462608993053436 0.463169008493423 44.8140083709643
3 -0.0229733996093273 0.398634999990463 0.468266010284424 0.468787014484406 44.7877087275652
3.02 -0.0083119897171855 0.401719003915787 0.473969012498856 0.474447011947632 44.7781976891459
3.04 -0.00544876977801323 0.400824010372162 0.479660004377365 0.480093002319336 44.7719548962445
3.06 0.0246124994009733 0.399859011173248 0.485336005687714 0.485725998878479 44.8001430869492
3.08 0.063401497900486 0.397839993238449 0.490978002548218 0.4913370013237 44.872792394056
3.1 0.0452999994158745 0.397599011659622 0.496610999107361 0.496950000524521 44.9247052468427
3.12 0.0489479005336761 0.39579701423645 0.502213001251221 0.502542018890381 44.9807981754015
3.14 0.00948943011462688 0.397731989622116 0.507839024066925 0.508166015148163 44.9916820818439
3.16 0.0075039598159492 0.398672014474869 0.513477027416229 0.513804018497467 45.0002778749144
3.18 0.0235041007399559 0.402036994695663 0.519161999225616 0.519491016864777 45.0272058957171
3.2 -0.00464058015495539 0.397976994514465 0.524788022041321 0.525120973587036 45.0218783481645
3.22 -0.0329016000032425 0.397814005613327 0.530412971973419 0.530748009681702 44.984175703946
3.24 -0.0470316000282764 0.401773989200592 0.536099016666412 0.536424994468689 44.9302616057325
3.26 -0.0419289991259575 0.397354006767273 0.541728019714355 0.542034983634949 44.8822487909619
3.28 -0.0466853007674217 0.398449003696442 0.547376990318298 0.547655999660492 44.8287342588148
3.3 -0.0214035008102655 0.400633990764618 0.553061008453369 0.553304016590118 44.8042104645999
3.32 -0.0155156999826431 0.399078994989395 0.558724999427795 0.558926999568939 44.7864485576633
3.34 0.0256051998585463 0.399484992027283 0.564393997192383 0.564557015895844 44.8157842201485
3.36 0.0214262008666992 0.403043001890183 0.570110976696014 0.570240020751953 44.8403080143634
3.38 0.040174201130867 0.402716010808945 0.575820028781891 0.575922012329102 44.8863742252206
3.4 0.0394818000495434 0.400521010160446 0.581493020057678 0.581577003002167 44.9315798322423
3.42 0.0405669994652271 0.398227006196976 0.58712899684906 0.587203979492188 44.9781036657739
3.44 0.0498947985470295 0.401733011007309 0.592809975147247 0.592885971069336 45.0352860095053
3.46 0.00477947993203998 0.398822993040085 0.598447024822235 0.598529994487762 45.0407262551792
3.48 -0.0166932009160519 0.402137994766235 0.604130983352661 0.604220986366272 45.0215914802194
3.5 -0.028260700404644 0.399737000465393 0.609782993793488 0.60987401008606 44.9892197986481
3.52 -0.00374043988995254 0.397704988718033 0.615409016609192 0.61549699306488 44.9849201945656
3.54 -0.0028859400190413 0.399251997470856 0.621056973934174 0.621142029762268 44.9816553641423
3.56 -0.0105747999623418 0.400350004434586 0.626721024513245 0.626801013946533 44.9695078727034
3.58 -0.00473301019519567 0.400530993938446 0.632389008998871 0.632462978363037 44.9641222685429
3.6 -0.00491771986708045 0.399093002080917 0.638036012649536 0.638103008270264 44.9584497964372
3.62 0.0244509000331163 0.400678992271423 0.643706023693085 0.643765985965729 44.9864672324126
3.64 0.0528037995100021 0.405068010091782 0.649432003498077 0.649496972560883 45.0469724631752
3.66 0.0506565012037754 0.401358991861343 0.655101001262665 0.655179977416992 45.1050154107419
3.68 0.0199484992772341 0.399455010890961 0.660739004611969 0.66084098815918 45.127876053894
3.7 -0.00235506007447839 0.404754996299744 0.666450023651123 0.666577994823456 45.1251815442664
3.72 0.00325568998232484 0.400507003068924 0.672101020812988 0.672254025936127 45.1289074124587
3.74 -0.0158619005233049 0.398851990699768 0.677730023860931 0.67790699005127 45.110742524361
3.76 -0.0218187998980284 0.401197999715805 0.683394014835358 0.683589994907379 45.0857611074717
3.78 -0.0649024024605751 0.40031099319458 0.6890509724617 0.689256012439728 45.0113940077886
3.8 -0.0620624013245106 0.396508008241653 0.694661021232605 0.694860994815826 44.9402302668262
3.82 -0.0872061029076576 0.398663997650146 0.700308978557587 0.700487971305847 44.8403080143634
3.84 -0.0281681995838881 0.401338994503021 0.70600301027298 0.706147015094757 44.8080490309135
3.86 -0.0153309004381299 0.399883985519409 0.711678028106689 0.711781978607178 44.7904612938007
3.88 0.00669592991471291 0.400750011205673 0.717365026473999 0.717428982257843 44.7981384264278
3.9 0.0180322993546724 0.405508995056152 0.723119020462036 0.723145008087158 44.8188202392346
3.92 0.0500565990805626 0.402817994356155 0.728830993175507 0.728825986385345 44.8761733376952
3.94 0.0437531992793083 0.401185005903244 0.734513998031616 0.734489977359772 44.9263069262031
3.96 0.037034198641777 0.400169998407364 0.740179002285004 0.740144014358521 44.9687633820839
3.98 0.0517878010869026 0.402709990739822 0.745873987674713 0.74583899974823 45.0281245561605
4 0.00528746983036399 0.400624990463257 0.751537024974823 0.751507997512817 45.0341385377247
4.02 -0.0278450008481741 0.4009909927845 0.75720602273941 0.757180988788605 45.0022244788278
4.04 -0.00912002008408308 0.402337998151779 0.762896001338959 0.762870013713837 44.9917981950598
4.06 -0.000623492000158876 0.399522006511688 0.768546998500824 0.768519997596741 44.9911083459536
4.08 -0.00639554020017385 0.400539994239807 0.774213016033173 0.774182975292206 44.9837761378796
4.1 -0.00330183003097773 0.400077998638153 0.779872000217438 0.779838979244232 44.979995628174
4.12 0.0184480007737875 0.39936700463295 0.785520970821381 0.785485982894897 45.0011350636552
4.14 0.00397128984332085 0.399087011814117 0.791164994239807 0.791130006313324 45.0056634790749
4.16 0.00773480022326112 0.39853298664093 0.796800017356873 0.796766996383667 45.0145427249959
4.18 0.0312389004975557 0.398214012384415 0.802428007125854 0.802402019500732 45.0502953502064
4.2 0.0461311005055904 0.397136986255646 0.808036983013153 0.808026015758514 45.1031815049498
4.22 0.0125601999461651 0.400599002838135 0.813691973686218 0.813701987266541 45.1175624682473
4.24 -0.000923534971661866 0.401102006435394 0.819352984428406 0.819386005401611 45.1165311096826
4.26 -0.00761912018060684 0.397415012121201 0.824962019920349 0.825016975402832 45.1077645618829
4.28 -0.00674189021810889 0.401089012622833 0.830623984336853 0.830699980258942 45.1000874292558
4.3 -0.0375191010534763 0.4011569917202 0.83628898859024 0.836381018161774 45.0570572374847
4.32 -0.044122401624918 0.400409013032913 0.841948986053467 0.842046976089478 45.0065206678157
4.34 -0.0627318993210793 0.398508995771408 0.847586989402771 0.847679972648621 44.9346158513284
4.36 -0.048301700502634 0.398898988962173 0.853237986564636 0.853312015533447 44.8792674133892
4.38 -0.0356259010732174 0.398050993680954 0.858880996704102 0.858927011489868 44.8384741085713
4.4 -0.0138531997799873 0.398241013288498 0.864530026912689 0.864542007446289 44.8226041640348
4.42 -0.00415599020197988 0.398093998432159 0.87017697095871 0.870154976844788 44.8177888806699
4.44 0.0117293000221252 0.400873005390167 0.875864028930664 0.875805974006653 44.8312545986186
4.46 0.0570752993226051 0.399825990200043 0.881531000137329 0.881447017192841 44.8966878108673
4.48 0.0575139001011848 0.400151014328003 0.887197017669678 0.887099027633667 44.9625752306959
4.5 0.0580449998378754 0.399114996194839 0.892841994762421 0.892742991447449 45.0290978581172
4.52 0.0346793010830879 0.399479001760483 0.898486971855164 0.898397982120514 45.0688017477625
4.54 0.0198563002049923 0.401019990444183 0.904150009155273 0.904076993465424 45.0915496927933
4.56 -0.00833505019545555 0.402087986469269 0.909828007221222 0.909771978855133 45.082038654374
4.58 0.00337085989303887 0.399531990289688 0.915470004081726 0.915430009365082 45.0858772206876
4.6 -0.0130682000890374 0.398939996957779 0.92110401391983 0.921079993247986 45.0709225214998
4.62 -0.0325319990515709 0.402125000953674 0.926786005496979 0.926771998405457 45.0336228584424
4.64 -0.00907387956976891 0.399313986301422 0.932430028915405 0.932421982288361 45.0232512161877
4.66 -0.0129297003149986 0.398564010858536 0.938064992427826 0.938059985637665 45.0084126302158
4.68 0.000484582007629797 0.400853991508484 0.943732976913452 0.943729996681213 45.0089863661061
4.7 0.0107821999117732 0.401030004024506 0.949402987957001 0.949402987957001 45.0213046122742
4.72 0.0202485993504524 0.398328989744186 0.955033004283905 0.955039024353027 45.0445101799794
4.74 0.00376350991427898 0.399897992610931 0.96068400144577 0.960699021816254 45.0488644255753
4.76 0.0135299004614353 0.40182501077652 0.966360986232758 0.96638697385788 45.0643348040453
4.78 0.00861203018575907 0.402240008115768 0.97204202413559 0.97208297252655 45.074245408531
4.8 -0.0247974004596472 0.398894995450974 0.977678000926971 0.977729976177216 45.0458284064892
4.82 -0.00581836001947522 0.398241013288498 0.983305990695953 0.983366012573242 45.0391245758188
4.84 -0.0610926002264023 0.397967010736465 0.988933026790619 0.988995015621185 44.969108306637
4.86 -0.0642557963728905 0.348998010158539 0.993875026702881 0.993924021720886 44.8954822824788
4.88 -0.0480014011263847 0.275669991970062 0.997781991958618 0.997813999652863 44.8404787690927
4.9 -0.0522265993058681 0.225664004683495 1.0009800195694 1.00099003314972 44.7806633874363
4.92 -0.0534503981471062 0.187398001551628 1.00364995002747 1.00363004207611 44.7194136660542
4.94 -0.0873676016926765 0.145352005958557 1.00571000576019 1.00567996501923 44.6192591871597
4.96 -0.0670726969838142 0.109015002846718 1.00726997852325 1.00721001625061 44.5424263891862
4.98 -0.0775780975818634 0.0808390006422997 1.00841999053955 1.00834000110626 44.4535041563817
5 -0.0401513017714024 0.0546576008200645 1.00919997692108 1.00910997390747 44.4074960021325
5.02 -0.0334094017744064 0.036582101136446 1.0097199678421 1.00961995124817 44.3692230371183
5.04 0.0269444994628429 0.016941400244832 1.00996005535126 1.009850025177 44.400102322356
5.06 -0.00801177974790335 0.00639363983646035 1.0100599527359 1.00994002819061 44.3909362084898
5.08 -0.00743455998599529 0.00403766008093953 1.01011002063751 1.00999999046326 44.3823984720273
5.1 0 0 1.01011002063751 1.00999999046326 44.3823984720273
5.12 0 0 1.01011002063751 1.00999999046326 44.3823984720273
5.14 0 0 1.01011002063751 1.00999999046326 44.3823984720273
5.16 0 0 1.01011002063751 1.00999999046326 44.3823984720273
5.18 0 0 1.01011002063751 1.00999999046326 44.3823984720273
5.2 0 0 1.01011002063751 1.00999999046326 44.3823984720273
5.22 0 0 1.01011002063751 1.00999999046326 44.3823984720273
5.24 0 0 1.01011002063751 1.00999999046326 44.3823984720273
5.26 0 0 1.01011002063751 1.00999999046326 44.3823984720273
5.28 0 0 1.01011002063751 1.00999999046326 44.3823984720273
5.3 0 0 1.01011002063751 1.00999999046326 44.3823984720273
5.32 0 0 1.01011002063751 1.00999999046326 44.3823984720273
5.34 0 0 1.01011002063751 1.00999999046326 44.3823984720273
5.36 0 0 1.01011002063751 1.00999999046326 44.3823984720273
5.38 0 0 1.01011002063751 1.00999999046326 44.3823984720273
5.4 0 0 1.01011002063751 1.00999999046326 44.3823984720273
5.42 0 0 1.01011002063751 1.00999999046326 44.3823984720273
5.44 0 0 1.01011002063751 1.00999999046326 44.3823984720273
5.46 0 0 1.01011002063751 1.00999999046326 44.3823984720273
5.48 0 0 1.01011002063751 1.00999999046326 44.3823984720273
5.5 0 0 1.01011002063751 1.00999999046326 44.3823984720273
5.52 0 0 1.01011002063751 1.00999999046326 44.3823984720273
5.54 0 0 1.01011002063751 1.00999999046326 44.3823984720273
5.56 0 0 1.01011002063751 1.00999999046326 44.3823984720273
