0 0 0 -0.0500000007450581 0 40.0000159118569
0.02 0 0 -0.0500000007450581 0 40.0000159118569
0.04 0 0 -0.0500000007450581 0 40.0000159118569
0.06 0 0 -0.0500000007450581 0 40.0000159118569
0.08 0 0 -0.0500000007450581 0 40.0000159118569
0.1 0 0 -0.0500000007450581 0 40.0000159118569
0.12 0 0 -0.0500000007450581 0 40.0000159118569
0.14 0 0 -0.0500000007450581 0 40.0000159118569
0.16 0 0 -0.0500000007450581 0 40.0000159118569
0.18 0 0 -0.0500000007450581 0 40.0000159118569
0.2 0 0 -0.0500000007450581 0 40.0000159118569
0.22 0 0 -0.0500000007450581 0 40.0000159118569
0.24 0 0 -0.0500000007450581 0 40.0000159118569
0.26 0 0 -0.0500000007450581 0 40.0000159118569
0.28 0 0 -0.0500000007450581 0 40.0000159118569
0.3 0 0 -0.0500000007450581 0 40.0000159118569
0.32 0 0 -0.0500000007450581 0 40.0000159118569
0.34 0 0 -0.0500000007450581 0 40.0000159118569
0.36 0 0 -0.0500000007450581 0 40.0000159118569
0.38 0 0 -0.0500000007450581 0 40.0000159118569
0.4 0 0 -0.0500000007450581 0 40.0000159118569
0.42 0 0 -0.0500000007450581 0 40.0000159118569
0.44 0 0 -0.0500000007450581 0 40.0000159118569
0.46 0 0 -0.0500000007450581 0 40.0000159118569
0.48 0 0 -0.0500000007450581 0 40.0000159118569
0.5 0 0 -0.0500000007450581 0 40.0000159118569
0.52 0 0 -0.0500000007450581 0 40.0000159118569
0.54 0 0 -0.0500000007450581 0 40.0000159118569
0.56 0 0 -0.0500000007450581 0 40.0000159118569
0.58 0 0 -0.0500000007450581 0 40.0000159118569
0.6 0 0 -0.0500000007450581 0 40.0000159118569
0.62 0 0 -0.0500000007450581 0 40.0000159118569
0.64 0 0 -0.0500000007450581 0 40.0000159118569
0.66 0 0 -0.0500000007450581 0 40.0000159118569
0.68 0 0 -0.0500000007450581 0 40.0000159118569
0.7 0 0 -0.0500000007450581 0 40.0000159118569
0.72 0 0 -0.0500000007450581 0 40.0000159118569
0.74 0 0 -0.0500000007450581 0 40.0000159118569
0.76 0 0 -0.0500000007450581 0 40.0000159118569
0.78 0 0 -0.0500000007450581 0 40.0000159118569
0.8 0 0 -0.0500000007450581 0 40.0000159118569
0.82 0 0 -0.0500000007450581 0 40.0000159118569
0.84 0 0 -0.0500000007450581 0 40.0000159118569
0.86 0 0 -0.0500000007450581 0 40.0000159118569
0.88 0 0 -0.0500000007450581 0 40.0000159118569
0.9 0 0 -0.0500000007450581 0 40.0000159118569
0.92 0 0 -0.0500000007450581 0 40.0000159118569
0.94 0 0 -0.0500000007450581 0 40.0000159118569
0.96 0 0 -0.0500000007450581 0 40.0000159118569
0.98 0 0 -0.0500000007450581 0 40.0000159118569
1 0 0 -0.0500000007450581 0 40.0000159118569
1.02 0 0 -0.0500000007450581 0 40.0000159118569
1.04 0 0 -0.0500000007450581 0 40.0000159118569
1.06 0 0 -0.0500000007450581 0 40.0000159118569
1.08 0 0 -0.0500000007450581 0 40.0000159118569
1.1 0 0 -0.0500000007450581 0 40.0000159118569
1.12 0 0 -0.0500000007450581 0 40.0000159118569
1.14 0 0 -0.0500000007450581 0 40.0000159118569
1.16 0 0 -0.0500000007450581 0 40.0000159118569
1.18 0 0 -0.0500000007450581 0 40.0000159118569
1.2 0 0 -0.0500000007450581 0 40.0000159118569
1.22 0 0 -0.0500000007450581 0 40.0000159118569
1.24 0 0 -0.0500000007450581 0 40.0000159118569
1.26 0 0 -0.0500000007450581 0 40.0000159118569
1.28 0 0 -0.0500000007450581 0 40.0000159118569
1.3 0 0 -0.0500000007450581 0 40.0000159118569
1.32 0 0 -0.0500000007450581 0 40.0000159118569
1.34 0 0 -0.0500000007450581 0 40.0000159118569
1.36 0 0 -0.0500000007450581 0 40.0000159118569
1.38 0 0 -0.0500000007450581 0 40.0000159118569
1.4 0 0 -0.0500000007450581 0 40.0000159118569
1.42 0 0 -0.0500000007450581 0 40.0000159118569
1.44 0 0 -0.0500000007450581 0 40.0000159118569
1.46 0 0 -0.0500000007450581 0 40.0000159118569
1.48 0 0 -0.0500000007450581 0 40.0000159118569
1.5 0 0 -0.0500000007450581 0 40.0000159118569
1.52 0 0 -0.0500000007450581 0 40.0000159118569
1.54 0 0 -0.0500000007450581 0 40.0000159118569
1.56 0 0 -0.0500000007450581 0 40.0000159118569
1.58 0 0 -0.0500000007450581 0 40.0000159118569
1.6 0 0 -0.0500000007450581 0 40.0000159118569
1.62 0 0 -0.0500000007450581 0 40.0000159118569
1.64 0 0 -0.0500000007450581 0 40.0000159118569
1.66 0 0 -0.0500000007450581 0 40.0000159118569
1.68 0 0 -0.0500000007450581 0 40.0000159118569
1.7 0 0 -0.0500000007450581 0 40.0000159118569
1.72 0 0 -0.0500000007450581 0 40.0000159118569
1.74 0 0 -0.0500000007450581 0 40.0000159118569
1.76 0 0 -0.0500000007450581 0 40.0000159118569
1.78 0 0 -0.0500000007450581 0 40.0000159118569
1.8 0 0 -0.0500000007450581 0 40.0000159118569
1.82 0 0 -0.0500000007450581 0 40.0000159118569
1.84 0 0 -0.0500000007450581 0 40.0000159118569
1.86 0 0 -0.0500000007450581 0 40.0000159118569
1.88 0 0 -0.0500000007450581 0 40.0000159118569
1.9 0 0 -0.0500000007450581 0 40.0000159118569
1.92 0 0 -0.0500000007450581 0 40.0000159118569
1.94 0 0 -0.0500000007450581 0 40.0000159118569
1.96 0 0 -0.0500000007450581 0 40.0000159118569
1.98 0 0 -0.0500000007450581 0 40.0000159118569
2 0 0 -0.0500000007450581 0 40.0000159118569
2.02 0 0 -0.0500000007450581 0 40.0000159118569
2.04 0 0 -0.0500000007450581 0 40.0000159118569
2.06 0 0 -0.0500000007450581 0 40.0000159118569
2.08 0 0 -0.0500000007450581 0 40.0000159118569
2.1 0 0 -0.0500000007450581 0 40.0000159118569
2.12 0 0 -0.0500000007450581 0 40.0000159118569
2.14 0 0 -0.0500000007450581 0 40.0000159118569
2.16 0 0 -0.0500000007450581 0 40.0000159118569
2.18 0 0 -0.0500000007450581 0 40.0000159118569
2.2 0 0 -0.0500000007450581 0 40.0000159118569
2.22 0 0 -0.0500000007450581 0 40.0000159118569
2.24 0 0 -0.0500000007450581 0 40.0000159118569
2.26 0 0 -0.0500000007450581 0 40.0000159118569
2.28 0 0 -0.0500000007450581 0 40.0000159118569
2.3 0 0 -0.0500000007450581 0 40.0000159118569
2.32 0 0 -0.0500000007450581 0 40.0000159118569
2.34 0 0 -0.0500000007450581 0 40.0000159118569
2.36 0 0 -0.0500000007450581 0 40.0000159118569
2.38 0 0 -0.0500000007450581 0 40.0000159118569
2.4 0 0 -0.0500000007450581 0 40.0000159118569
2.42 0 0 -0.0500000007450581 0 40.0000159118569
2.44 0 0 -0.0500000007450581 0 40.0000159118569
2.46 0 0 -0.0500000007450581 0 40.0000159118569
2.48 0 0 -0.0500000007450581 0 40.0000159118569
2.5 0 0 -0.0500000007450581 0 40.0000159118569
2.52 0 0 -0.0500000007450581 0 40.0000159118569
2.54 0 0 -0.0500000007450581 0 40.0000159118569
2.56 0 0 -0.0500000007450581 0 40.0000159118569
2.58 0 0 -0.0500000007450581 0 40.0000159118569
2.6 0 0 -0.0500000007450581 0 40.0000159118569
2.62 0 0 -0.0500000007450581 0 40.0000159118569
2.64 0 0 -0.0500000007450581 0 40.0000159118569
2.66 0 0 -0.0500000007450581 0 40.0000159118569
2.68 0 0 -0.0500000007450581 0 40.0000159118569
2.7 0 0 -0.0500000007450581 0 40.0000159118569
2.72 0 0 -0.0500000007450581 0 40.0000159118569
2.74 0 0 -0.0500000007450581 0 40.0000159118569
2.76 0 0 -0.0500000007450581 0 40.0000159118569
2.78 0 0 -0.0500000007450581 0 40.0000159118569
2.8 0 0 -0.0500000007450581 0 40.0000159118569
2.82 0 0 -0.0500000007450581 0 40.0000159118569
2.84 0 0 -0.0500000007450581 0 40.0000159118569
2.86 0 0 -0.0500000007450581 0 40.0000159118569
2.88 0 0 -0.0500000007450581 0 40.0000159118569
2.9 0 0 -0.0500000007450581 0 40.0000159118569
2.92 0 0 -0.0500000007450581 0 40.0000159118569
2.94 0 0 -0.0500000007450581 0 40.0000159118569
2.96 0 0 -0.0500000007450581 0 40.0000159118569
2.98 0 0 -0.0500000007450581 0 40.0000159118569
3 0 0 -0.0500000007450581 0 40.0000159118569
3.02 0 0 -0.0500000007450581 0 40.0000159118569
3.04 0 0 -0.0500000007450581 0 40.0000159118569
3.06 0 0 -0.0500000007450581 0 40.0000159118569
3.08 0 0 -0.0500000007450581 0 40.0000159118569
3.1 0 0 -0.0500000007450581 0 40.0000159118569
3.12 0 0 -0.0500000007450581 0 40.0000159118569
3.14 0 0 -0.0500000007450581 0 40.0000159118569
3.16 0 0 -0.0500000007450581 0 40.0000159118569
3.18 0 0 -0.0500000007450581 0 40.0000159118569
3.2 0 0 -0.0500000007450581 0 40.0000159118569
3.22 0 0 -0.0500000007450581 0 40.0000159118569
3.24 0 0 -0.0500000007450581 0 40.0000159118569
3.26 0 0 -0.0500000007450581 0 40.0000159118569
3.28 0 0 -0.0500000007450581 0 40.0000159118569
3.3 0 0 -0.0500000007450581 0 40.0000159118569
3.32 0 0 -0.0500000007450581 0 40.0000159118569
3.34 0 0 -0.0500000007450581 0 40.0000159118569
3.36 0 0 -0.0500000007450581 0 40.0000159118569
3.38 0 0 -0.0500000007450581 0 40.0000159118569
3.4 0 0 -0.0500000007450581 0 40.0000159118569
3.42 0 0 -0.0500000007450581 0 40.0000159118569
3.44 0 0 -0.0500000007450581 0 40.0000159118569
3.46 0 0 -0.0500000007450581 0 40.0000159118569
3.48 0 0 -0.0500000007450581 0 40.0000159118569
3.5 0 0 -0.0500000007450581 0 40.0000159118569
3.52 0 0 -0.0500000007450581 0 40.0000159118569
3.54 0 0 -0.0500000007450581 0 40.0000159118569
3.56 0 0 -0.0500000007450581 0 40.0000159118569
3.58 0.31012699007988 0.0274462997913361 -0.0495806001126766 0.000354145013261586 40.3553667487107
3.6 0.501002013683319 0.0725286975502968 -0.048479899764061 0.00129895994905382 40.9294680541126
3.62 0.621686995029449 0.086025096476078 -0.0471871010959148 0.00243417010642588 41.6418841053018
3.64 0.684926986694336 0.116878002882004 -0.0454508997499943 0.0039993398822844 42.4267787088686
3.66 0.70429801940918 0.156822994351387 -0.0431507006287575 0.0061315898783505 43.233789464968
3.68 0.702081024646759 0.177126005291939 -0.0405867993831635 0.00857620034366846 44.0383379378716
3.7 0.729973018169403 0.207690000534058 -0.0376219004392624 0.0114853996783495 44.874800469672
3.72 0.63459300994873 0.233744993805885 -0.0343300998210907 0.0148048000410199 45.6019970502252
3.74 0.550273001194 0.247480005025864 -0.0308865997940302 0.0183602999895811 46.2325942653468
3.76 0.453023999929428 0.269102990627289 -0.0271812994033098 0.0222638007253408 46.7516954724571
3.78 0.352887988090515 0.288329005241394 -0.0232450999319553 0.026477999985218 47.1560870675516
3.8 0.241392001509666 0.295103013515472 -0.0192421991378069 0.0308151002973318 47.4327131440317
3.82 0.169263005256653 0.313064008951187 -0.0150145003572106 0.0354336015880108 47.6266597806089
3.84 0.0472162999212742 0.320235997438431 -0.010700199753046 0.0401672013103962 47.6807446335517
3.86 -0.0866056978702545 0.326431006193161 -0.00630059000104666 0.0449906997382641 47.5815088151005
3.88 -0.121215999126434 0.341039001941681 -0.00169359997380525 0.0500205010175705 47.4426237485174
3.9 -0.212715998291969 0.343178987503052 0.00295917992480099 0.0550662986934185 47.1988884479855
3.92 -0.24176199734211 0.352088004350662 0.00775620993226767 0.0602214001119137 46.9218047488309
3.94 -0.277918994426727 0.35945999622345 0.0126809999346733 0.0654589012265205 46.6033574240627
3.96 -0.303270012140274 0.36191600561142 0.0176699999719858 0.0707032978534698 46.2558578896598
3.98 -0.27496400475502 0.367502987384796 0.022766700014472 0.0759992003440857 45.9407300368283
4 -0.282651990652084 0.374513000249863 0.0279906000941992 0.0813670977950096 45.616835636197
4.02 -0.289878994226456 0.374384999275208 0.0332433991134167 0.0867032036185265 45.2846937821429
4.04 -0.216225996613503 0.377261996269226 0.0385636985301971 0.0920535027980804 45.0368876888656
4.06 -0.157396003603935 0.384054005146027 0.0440001003444195 0.0974797010421753 44.8565228834531
4.08 -0.165569007396698 0.379469007253647 0.04938879981637 0.102824002504349 44.6668143792559
4.1 -0.0921469032764435 0.38442999124527 0.0548620000481606 0.108223997056484 44.5612196546875
4.12 -0.0741839036345482 0.384470999240875 0.0603446997702122 0.113614998757839 44.4761940448045
4.14 -0.00168542994651943 0.387932002544403 0.0658809021115303 0.119051001966 44.4743020824044
4.16 0.0063263401389122 0.390013992786407 0.0714465975761414 0.124516002833843 44.4815215923571
4.18 0.0936480015516281 0.394273012876511 0.0770675018429756 0.130045995116234 44.5888375245964
4.2 0.0663106963038445 0.393141001462936 0.0826634019613266 0.135570004582405 44.6648097187345
4.22 0.0873908028006554 0.397017002105713 0.0883060023188591 0.141157001256943 44.764964197629
4.24 0.11235000193119 0.396492004394531 0.0939299017190933 0.14674699306488 44.8937064332946
4.26 0.0966031029820442 0.393875986337662 0.0995050966739655 0.152311995625496 45.004403309173
4.28 0.0810644999146461 0.396039992570877 0.105100996792316 0.157918006181717 45.0973348630203
4.3 0.0858900025486946 0.398041009902954 0.110716000199318 0.163561999797821 45.1957134927306
4.32 0.0918468981981277 0.397635996341705 0.116314999759197 0.169210001826286 45.3009667078405
4.34 0.0700510963797569 0.395489990711212 0.121873997151852 0.174835994839668 45.3812350909665
4.36 0.0720599964261055 0.391586005687714 0.127370998263359 0.180414006114006 45.4638564742616
4.38 0.0791018009185791 0.393206000328064 0.132881999015808 0.186023995280266 45.5544999147369
4.4 0.0420675985515118 0.395559996366501 0.13842000067234 0.191675007343292 45.6026834842367
4.42 0.0443303994834423 0.395334988832474 0.143949002027512 0.197326004505157 45.6535069218508
4.44 0.0415364988148212 0.395141005516052 0.149470999836922 0.202979996800423 45.701062113947
4.46 0.022095799446106 0.399554997682571 0.155049994587898 0.208700999617577 45.7263850402949
4.48 -0.00738827977329493 0.397341996431351 0.160597994923592 0.214389994740486 45.7179053604403
4.5 -0.0118444999679923 0.403530985116959 0.166234001517296 0.220167994499207 45.7043850009783
4.52 -0.0430835001170635 0.403659999370575 0.1718740016222 0.225942999124527 45.6549959030899
4.54 -0.0716672018170357 0.399688005447388 0.177466005086899 0.23165600001812 45.5728901990771
4.56 -0.0623626001179218 0.405243009328842 0.183143004775047 0.237441003322601 45.5013849486563
4.58 -0.0880139991641045 0.403524994850159 0.188804998993874 0.243192002177238 45.4005440357502
4.6 -0.0532195009291172 0.402893990278244 0.1944649964571 0.248926997184753 45.3395811823132
4.62 -0.0840660035610199 0.402680993080139 0.200130999088287 0.254649996757507 45.2432106282189
4.64 -0.0501715987920761 0.402121007442474 0.205797001719475 0.2603580057621 45.1857448316369
4.66 -0.0778319016098976 0.402150005102158 0.211469992995262 0.266059994697571 45.0965357308874
4.68 -0.0444458983838558 0.401315987110138 0.217138007283211 0.271741986274719 45.045599595152
4.7 -0.0285145994275808 0.399607986211777 0.222786992788315 0.277395993471146 45.0129410456356
4.72 0.0231580995023251 0.403351008892059 0.228487998247147 0.283102989196777 45.0394660852773
4.74 0.00350942998193204 0.401616007089615 0.234163999557495 0.288787007331848 45.0434788214147
4.76 0.000254076992860064 0.400261998176575 0.239820003509521 0.294452011585236 45.0437656893598
4.78 0.00604919996112585 0.401538997888565 0.245493993163109 0.300134986639023 45.0506983313674
4.8 -0.0226268991827965 0.399565011262894 0.251141011714935 0.30579000711441 45.0247982540347
4.82 -0.0174320004880428 0.395357996225357 0.256731003522873 0.311381995677948 45.0048028752395
4.84 -0.0170395001769066 0.397881001234055 0.262358009815216 0.317009001970291 44.9852651191187
4.86 -0.018240200355649 0.400112986564636 0.268018990755081 0.322665005922318 44.964409136488
4.88 0.0147534999996424 0.394896000623703 0.27360600233078 0.328247010707855 44.9813138546838
4.9 0.0156541001051664 0.397215008735657 0.279224991798401 0.333862990140915 44.9992465163497
4.92 0.0281451996415854 0.397213011980057 0.284841001033783 0.339482009410858 45.0315020847051
4.94 0.0404512993991375 0.394362986087799 0.290412992238998 0.345064014196396 45.0778551635074
4.96 0.0148229002952576 0.398894995450974 0.296045005321503 0.3507139980793 45.0948145232165
4.98 0.0106669999659061 0.397664994001389 0.301658987998962 0.356348007917404 45.1070200712633
5 -0.0154922995716333 0.398227006196976 0.307280987501144 0.361988991498947 45.0893162209347
5.02 0.00277060992084444 0.398992985486984 0.312914997339249 0.367641001939774 45.092464938142
5.04 -0.0208029001951218 0.400433003902435 0.318569988012314 0.373311996459961 45.0686309930333
5.06 -0.0496870018541813 0.40064799785614 0.324232012033463 0.37898200750351 45.0116774606391
5.08 -0.0283297002315521 0.401226013898849 0.32990700006485 0.384656012058258 44.9792511375545
5.1 -0.0581835992634296 0.401870012283325 0.335595011711121 0.390332996845245 44.9125577554039
5.12 -0.0638172030448914 0.401645004749298 0.34128800034523 0.396001011133194 44.839447410528
5.14 -0.0362031012773514 0.401555001735687 0.346985012292862 0.401661992073059 44.7979642566039
5.16 -0.0571212992072105 0.400144994258881 0.35266700387001 0.407297998666763 44.7324764028418
5.18 -0.0594304017722607 0.401228010654449 0.358370989561081 0.412941992282867 44.664410152668
5.2 -0.0459464006125927 0.400186002254486 0.364066004753113 0.418565988540649 44.6117528092618
5.22 -0.0335248000919819 0.399381011724472 0.369753986597061 0.424174010753632 44.5733090895184
5.24 -0.017662800848484 0.399439990520477 0.375445991754532 0.42977899312973 44.553084899386
5.26 -0.0196022000163794 0.400597006082535 0.381155997514725 0.435398995876312 44.5306238223004
5.28 -0.00459478003904223 0.40149998664856 0.386880993843079 0.441029995679855 44.5253509162611
5.3 -0.00341715989634395 0.404235988855362 0.392645001411438 0.446698993444443 44.5214577084342
5.32 -0.0237582009285688 0.401766002178192 0.398375004529953 0.452331990003586 44.4941847630783
5.34 0.0027477100957185 0.401286989450455 0.404100000858307 0.457956999540329 44.4973334802857
5.36 0.00828875042498112 0.40031099319458 0.4098100066185 0.463568985462189 44.506844518705
5.38 -0.0337096005678177 0.398898988962173 0.41550201177597 0.469159007072449 44.4682300442323
5.4 -0.0154232997447252 0.397415012121201 0.421175003051758 0.474725991487503 44.450522778809
5.42 -0.0106209004297853 0.39665499329567 0.426838994026184 0.480280995368958 44.4383787024647
5.44 -0.0026549301110208 0.397062003612518 0.432509005069733 0.485841006040573 44.4353392682841
5.46 0.0210801996290684 0.39699599146843 0.438176989555359 0.491400986909866 44.4594634964326
5.48 0.0195793006569147 0.39784899353981 0.443854987621307 0.496975004673004 44.4819211584236
5.5 -0.0135299004614353 0.398036986589432 0.449535995721817 0.502551972866058 44.4663961384401
5.52 -0.0210568998008966 0.399282991886139 0.455235987901688 0.508144974708557 44.4422719102917
5.54 -0.00720374006778002 0.400422990322113 0.460954010486603 0.513751983642578 44.4340244568689
5.56 -0.0318163000047207 0.400238990783691 0.466672003269196 0.519353985786438 44.3975819825522
5.58 -0.0229963008314371 0.40378201007843 0.472443014383316 0.525003015995026 44.3712276976397
5.6 -0.0524807013571262 0.402263998985291 0.478197008371353 0.530625998973846 44.3110673914303
5.62 -0.0269675999879837 0.402413010597229 0.483958005905151 0.53624701499939 44.280184691098
5.64 -0.081018403172493 0.401950001716614 0.48971700668335 0.541854977607727 44.1873658353721
5.66 -0.0731218978762627 0.401226013898849 0.495476007461548 0.547443985939026 44.1035423387831
5.68 -0.0520188994705677 0.400442004203796 0.501230001449585 0.553013980388641 44.0439523533693
5.7 -0.0625933036208153 0.403477996587753 0.507032990455627 0.558620989322662 43.9722182916112
5.72 -0.0738840028643608 0.397410988807678 0.512758016586304 0.564135015010834 43.8875341911868
5.74 -0.0611159987747669 0.398247003555298 0.518500983715057 0.56965297460556 43.8175213370996
5.76 -0.0207336992025375 0.400918006896973 0.5242879986763 0.575204014778137 43.7937420335042
5.78 -0.0446304008364677 0.396674007177353 0.530017018318176 0.580691993236542 43.7426351430395
5.8 0.00815035030245781 0.400364011526108 0.535802006721497 0.586228013038635 43.7519754267295
5.82 0.0136222001165152 0.403791010379791 0.541634976863861 0.591813981533051 43.7675585033209
5.84 -0.0192099008709192 0.400799006223679 0.547424018383026 0.597357988357544 43.7455584640043
5.86 -0.0128373997285962 0.401019990444183 0.553219020366669 0.602903008460999 43.7308325761537
5.88 -0.0104593001306057 0.399868994951248 0.558999001979828 0.608430981636047 43.7188558394441
5.9 -0.0318392999470234 0.401295989751816 0.564800977706909 0.613976001739502 43.6823587236141
5.92 -0.0447691008448601 0.399987995624542 0.570589005947113 0.619498014450073 43.6310810784203
5.94 -0.0234351009130478 0.398602992296219 0.576359987258911 0.624997973442078 43.6042076991308
5.96 -0.0308232996612787 0.39640399813652 0.58210301399231 0.630464017391205 43.5689126965948
5.98 -0.0339635014533997 0.395749986171722 0.587839007377625 0.635917007923126 43.529953297569
6 -0.0166701003909111 0.394571006298065 0.593562006950378 0.641350984573364 43.5108731641226
6.02 0.000369413988664746 0.397677004337311 0.599330008029938 0.646826982498169 43.511272730189
6.04 -0.0362262018024921 0.397184014320374 0.605093002319336 0.652293980121613 43.4697929913595
6.06 -0.0262981001287699 0.398021996021271 0.610871970653534 0.657769024372101 43.4396547816468
6.08 -0.0192096997052431 0.399520009756088 0.61667400598526 0.663262009620667 43.4176547423302
6.1 -0.034332599490881 0.400633990764618 0.622496008872986 0.668766975402832 43.3782923621434
6.12 -0.0490866005420685 0.404509991407394 0.628378987312317 0.674320995807648 43.3220252637608
6.14 -0.0300383996218443 0.402018994092941 0.634230017662048 0.679835975170136 43.2875908650602
6.16 -0.0680655017495155 0.402417004108429 0.64009302854538 0.685350000858307 43.2096105953061
6.18 -0.0831886976957321 0.401982009410858 0.645956993103027 0.690850019454956 43.1142713997765
6.2 -0.0687811970710754 0.401410013437271 0.65182101726532 0.696332991123199 43.035488582795
6.22 -0.0733065009117126 0.400187999010086 0.657675981521606 0.701790988445282 42.9514943314767
6.24 -0.0768392980098724 0.402707993984222 0.663574993610382 0.70727401971817 42.8634327025077
6.26 -0.0789633989334106 0.400570005178452 0.669450998306274 0.712719023227692 42.7729600167617
6.28 -0.0612541995942593 0.401230007410049 0.675345003604889 0.71816498041153 42.7027149362427
6.3 -0.0575372017920017 0.4009830057621 0.681241989135742 0.723599970340729 42.6368275164141
6.32 -0.0512799993157387 0.399942994117737 0.687129020690918 0.729014992713928 42.5780400782278
6.34 -0.0361800007522106 0.402648001909256 0.693060994148254 0.734462022781372 42.5365569243037
6.36 -0.0151693997904658 0.403032004833221 0.699001014232636 0.739910006523132 42.5191979985281
6.38 -0.0451847016811371 0.402379006147385 0.704935014247894 0.745347023010254 42.4674012589573
6.4 -0.0270368997007608 0.404426008462906 0.710902988910675 0.750805974006653 42.4364639171117
6.42 -0.0212187003344297 0.402476996183395 0.716844975948334 0.756236970424652 42.412110877626
6.44 -0.0331090018153191 0.400173991918564 0.722756028175354 0.761632978916168 42.3741828371649
6.46 -0.0579064004123211 0.400546014308929 0.728676974773407 0.767027974128723 42.3078343795674
6.48 -0.0194869991391897 0.398710995912552 0.734575986862183 0.772395014762878 42.2854894156977
6.5 -0.0340557992458344 0.397633999586105 0.740460991859436 0.777742981910706 42.2464685449694
6.52 -0.0317238010466099 0.397484987974167 0.746347010135651 0.783086001873016 42.2101455989633
6.54 -0.0129528995603323 0.397866994142532 0.752242028713226 0.788432002067566 42.1953035978968
6.56 -0.0347024016082287 0.397724002599716 0.758136987686157 0.793771982192993 42.1555416516436
6.58 -0.0322090983390808 0.401888012886047 0.764096975326538 0.799165010452271 42.1185869131392
6.6 -0.0468933992087841 0.401769995689392 0.770060002803802 0.804551005363464 42.064843569655
6.62 -0.0409592986106873 0.400790989398956 0.776013016700745 0.809918999671936 42.0179167549624
6.64 -0.0666572004556656 0.404312014579773 0.782024025917053 0.815328001976013 41.9415415796633
6.66 -0.0570520982146263 0.4043850004673 0.788043022155762 0.820729970932007 41.8761664240225
6.68 -0.067280501127243 0.403676003217697 0.79405802488327 0.826115012168884 41.7990467581038
6.7 -0.0739760994911194 0.406414002180099 0.800122022628784 0.831528007984161 41.7143080161661
6.72 -0.081641897559166 0.402393013238907 0.806133985519409 0.836879014968872 41.620741254726
6.74 -0.0829807966947556 0.401742994785309 0.812144994735718 0.842209994792938 41.5256308705336
6.76 -0.0892840996384621 0.401504009962082 0.818161010742188 0.847528994083405 41.4233590329963
6.78 -0.0903692021965981 0.399699985980988 0.824159979820251 0.852811992168427 41.3197689689493
6.8 -0.127610996365547 0.397679001092911 0.830139994621277 0.858056008815765 41.1735482791976
6.82 -0.0823343992233276 0.400582998991013 0.83617502450943 0.863326013088226 41.0791823856247
6.84 -0.0721521005034447 0.399228006601334 0.842198014259338 0.868568003177643 40.9965063608163
6.86 -0.0726602971553802 0.399886012077332 0.848237991333008 0.873809993267059 40.913253185023
6.88 -0.0642327964305878 0.402384996414185 0.854323029518127 0.879077017307281 40.8396852174727
6.9 -0.0577448010444641 0.406305998563766 0.860473990440369 0.884387016296387 40.773510929699
6.92 -0.0479555018246174 0.403331011533737 0.86658501625061 0.889652013778687 40.7185620578263
6.94 -0.0732143968343735 0.40243598818779 0.872689008712769 0.894897997379303 40.634625863116
6.96 -0.0666802972555161 0.402294993400574 0.878799021244049 0.900134027004242 40.5582506878169
6.98 -0.0516957007348537 0.401237994432449 0.884898006916046 0.905349016189575 40.4990056269561
7 -0.0728216990828514 0.399650990962982 0.890980005264282 0.910534977912903 40.4155270549202
7.02 -0.0650871023535728 0.399935007095337 0.897072970867157 0.915717005729675 40.3409857854133
7.04 -0.0430373996496201 0.400851994752884 0.903186023235321 0.920903980731964 40.2916513290382
7.06 -0.0830501019954681 0.397751986980438 0.909258008003235 0.926042973995209 40.1964828882378
7.08 -0.0770239979028702 0.395718991756439 0.915306985378265 0.93114697933197 40.1081924479317
7.1 -0.077231802046299 0.396432012319565 0.921374976634979 0.936249971389771 40.0197278378016
7.12 -0.0782478004693985 0.401369005441666 0.927527010440826 0.941407024860382 39.9300576992831
7.14 -0.0873446986079216 0.398288011550903 0.933640003204346 0.946515023708344 39.8299646920911
7.16 -0.0622932985424995 0.401964008808136 0.939817011356354 0.951659977436066 39.7585721397915
7.18 -0.12541800737381 0.402229011058807 0.946007013320923 0.956797003746033 39.6148752049382
7.2 -0.123939998447895 0.398939996957779 0.952160000801086 0.96187698841095 39.4728380060531
7.22 -0.142157003283501 0.401116013526917 0.958360016345978 0.96696799993515 39.309948239632
7.24 -0.100781999528408 0.403064996004105 0.964601993560791 0.972069025039673 39.1944394954833
7.26 -0.149360999464989 0.399829000234604 0.970807015895844 0.977113008499146 39.0232954454502
7.28 -0.163653001189232 0.400031000375748 0.977030992507935 0.982140004634857 38.8357657715983
7.3 -0.189720004796982 0.399354010820389 0.983262002468109 0.987137019634247 38.6183301144655
7.32 -0.149038001894951 0.398597985506058 0.989498019218445 0.99210399389267 38.4475890455934
7.34 -0.2309789955616 0.340683996677399 0.994844019412994 0.996327996253967 38.1828816492149
7.36 -0.191266998648643 0.261864006519318 0.998966991901398 0.999557971954346 37.9637247844112
7.38 -0.116483002901077 0.212421000003815 1.00232005119324 1.00216996669769 37.8302253219887
7.4 -0.0616469010710716 0.174400001764297 1.00507998466492 1.00429999828339 37.7595806754033
7.42 -0.213155001401901 0.135764002799988 1.00723004341125 1.00595998764038 37.5153296955889
7.44 -0.154510006308556 0.108975999057293 1.00896000862122 1.0072900056839 37.338284362113
7.46 -0.0842045024037361 0.0749766975641251 1.01014995574951 1.00820004940033 37.2417976948028
7.48 -0.136430993676186 0.0446942001581192 1.01085996627808 1.00873994827271 37.0854375892282
7.5 -0.0694508031010628 0.0376590006053448 1.01145994663239 1.00918996334076 37.0058556401138
7.52 -0.0242662001401186 0.020202599465847 1.01179003715515 1.00943005084991 36.9780670154756
7.54 -0.0215418003499508 0.0110074998810887 1.01196002960205 1.00957000255585 36.9533724665314
7.56 -0.0383272990584373 0.00339195993728936 1.01201999187469 1.00961005687714 36.9094270294115
7.58 0 0 1.01201999187469 1.00961005687714 36.9094270294115
7.6 0 0 1.01201999187469 1.00961005687714 36.9094270294115
7.62 0 0 1.01201999187469 1.00961005687714 36.9094270294115
7.64 0 0 1.01201999187469 1.00961005687714 36.9094270294115
7.66 0 0 1.01201999187469 1.00961005687714 36.9094270294115
7.68 0 0 1.01201999187469 1.00961005687714 36.9094270294115
7.7 0 0 1.01201999187469 1.00961005687714 36.9094270294115
7.72 0 0 1.01201999187469 1.00961005687714 36.9094270294115
7.74 0 0 1.01201999187469 1.00961005687714 36.9094270294115
7.76 0 0 1.01201999187469 1.00961005687714 36.9094270294115
7.78 0 0 1.01201999187469 1.00961005687714 36.9094270294115
7.8 0 0 1.01201999187469 1.00961005687714 36.9094270294115
7.82 0 0 1.01201999187469 1.00961005687714 36.9094270294115
7.84 0 0 1.01201999187469 1.00961005687714 36.9094270294115
7.86 0 0 1.01201999187469 1.00961005687714 36.9094270294115
7.88 0 0 1.01201999187469 1.00961005687714 36.9094270294115
7.9 0 0 1.01201999187469 1.00961005687714 36.9094270294115
7.92 0 0 1.01201999187469 1.00961005687714 36.9094270294115
7.94 0 0 1.01201999187469 1.00961005687714 36.9094270294115
7.96 0 0 1.01201999187469 1.00961005687714 36.9094270294115
7.98 0 0 1.01201999187469 1.00961005687714 36.9094270294115
8 0 0 1.01201999187469 1.00961005687714 36.9094270294115
8.02 0 0 1.01201999187469 1.00961005687714 36.9094270294115
8.04 0 0 1.01201999187469 1.00961005687714 36.9094270294115
8.06 0 0 1.01201999187469 1.00961005687714 36.9094270294115
8.08 0 0 1.01201999187469 1.00961005687714 36.9094270294115
8.1 0 0 1.01201999187469 1.00961005687714 36.9094270294115
8.12 0 0 1.01201999187469 1.00961005687714 36.9094270294115
8.14 0 0 1.01201999187469 1.00961005687714 36.9094270294115
8.16 0 0 1.01201999187469 1.00961005687714 36.9094270294115
8.18 0 0 1.01201999187469 1.00961005687714 36.9094270294115
8.2 0 0 1.01201999187469 1.00961005687714 36.9094270294115
8.22 0 0 1.01201999187469 1.00961005687714 36.9094270294115
8.24 0 0 1.01201999187469 1.00961005687714 36.9094270294115
8.26 0 0 1.01201999187469 1.00961005687714 36.9094270294115
