0 0 0 -0.0500000007450581 0 50.0000207435948
0.02 0 0 -0.0500000007450581 0 50.0000207435948
0.04 0 0 -0.0500000007450581 0 50.0000207435948
0.06 0 0 -0.0500000007450581 0 50.0000207435948
0.08 0 0 -0.0500000007450581 0 50.0000207435948
0.1 0 0 -0.0500000007450581 0 50.0000207435948
0.12 0 0 -0.0500000007450581 0 50.0000207435948
0.14 0 0 -0.0500000007450581 0 50.0000207435948
0.16 0 0 -0.0500000007450581 0 50.0000207435948
0.18 0 0 -0.0500000007450581 0 50.0000207435948
0.2 0 0 -0.0500000007450581 0 50.0000207435948
0.22 0 0 -0.0500000007450581 0 50.0000207435948
0.24 0 0 -0.0500000007450581 0 50.0000207435948
0.26 0 0 -0.0500000007450581 0 50.0000207435948
0.28 0 0 -0.0500000007450581 0 50.0000207435948
0.3 0 0 -0.0500000007450581 0 50.0000207435948
0.32 0 0 -0.0500000007450581 0 50.0000207435948
0.34 0 0 -0.0500000007450581 0 50.0000207435948
0.36 0 0 -0.0500000007450581 0 50.0000207435948
0.38 0 0 -0.0500000007450581 0 50.0000207435948
0.4 0 0 -0.0500000007450581 0 50.0000207435948
0.42 0 0 -0.0500000007450581 0 50.0000207435948
0.44 0 0 -0.0500000007450581 0 50.0000207435948
0.46 0 0 -0.0500000007450581 0 50.0000207435948
0.48 0 0 -0.0500000007450581 0 50.0000207435948
0.5 0 0 -0.0500000007450581 0 50.0000207435948
0.52 0 0 -0.0500000007450581 0 50.0000207435948
0.54 0 0 -0.0500000007450581 0 50.0000207435948
0.56 0 0 -0.0500000007450581 0 50.0000207435948
0.58 0 0 -0.0500000007450581 0 50.0000207435948
0.6 0 0 -0.0500000007450581 0 50.0000207435948
0.62 0 0 -0.0500000007450581 0 50.0000207435948
0.64 0 0 -0.0500000007450581 0 50.0000207435948
0.66 0 0 -0.0500000007450581 0 50.0000207435948
0.68 0 0 -0.0500000007450581 0 50.0000207435948
0.7 0 0 -0.0500000007450581 0 50.0000207435948
0.72 0 0 -0.0500000007450581 0 50.0000207435948
0.74 0 0 -0.0500000007450581 0 50.0000207435948
0.76 0 0 -0.0500000007450581 0 50.0000207435948
0.78 0 0 -0.0500000007450581 0 50.0000207435948
0.8 0 0 -0.0500000007450581 0 50.0000207435948
0.82 0 0 -0.0500000007450581 0 50.0000207435948
0.84 0 0 -0.0500000007450581 0 50.0000207435948
0.86 0 0 -0.0500000007450581 0 50.0000207435948
0.88 0 0 -0.0500000007450581 0 50.0000207435948
0.9 0 0 -0.0500000007450581 0 50.0000207435948
0.92 0 0 -0.0500000007450581 0 50.0000207435948
0.94 0 0 -0.0500000007450581 0 50.0000207435948
0.96 0 0 -0.0500000007450581 0 50.0000207435948
0.98 0 0 -0.0500000007450581 0 50.0000207435948
1 0 0 -0.0500000007450581 0 50.0000207435948
1.02 0 0 -0.0500000007450581 0 50.0000207435948
1.04 0 0 -0.0500000007450581 0 50.0000207435948
1.06 0 0 -0.0500000007450581 0 50.0000207435948
1.08 0 0 -0.0500000007450581 0 50.0000207435948
1.1 0 0 -0.0500000007450581 0 50.0000207435948
1.12 0 0 -0.0500000007450581 0 50.0000207435948
1.14 0 0 -0.0500000007450581 0 50.0000207435948
1.16 0 0 -0.0500000007450581 0 50.0000207435948
1.18 0 0 -0.0500000007450581 0 50.0000207435948
1.2 0 0 -0.0500000007450581 0 50.0000207435948
1.22 0 0 -0.0500000007450581 0 50.0000207435948
1.24 0 0 -0.0500000007450581 0 50.0000207435948
1.26 0 0 -0.0500000007450581 0 50.0000207435948
1.28 0 0 -0.0500000007450581 0 50.0000207435948
1.3 0 0 -0.0500000007450581 0 50.0000207435948
1.32 0 0 -0.0500000007450581 0 50.0000207435948
1.34 0 0 -0.0500000007450581 0 50.0000207435948
1.36 0 0 -0.0500000007450581 0 50.0000207435948
1.38 0 0 -0.0500000007450581 0 50.0000207435948
1.4 0 0 -0.0500000007450581 0 50.0000207435948
1.42 0 0 -0.0500000007450581 0 50.0000207435948
1.44 0 0 -0.0500000007450581 0 50.0000207435948
1.46 0 0 -0.0500000007450581 0 50.0000207435948
1.48 0 0 -0.0500000007450581 0 50.0000207435948
1.5 0 0 -0.0500000007450581 0 50.0000207435948
1.52 0 0 -0.0500000007450581 0 50.0000207435948
1.54 0 0 -0.0500000007450581 0 50.0000207435948
1.56 0 0 -0.0500000007450581 0 50.0000207435948
1.58 0 0 -0.0500000007450581 0 50.0000207435948
1.6 0 0 -0.0500000007450581 0 50.0000207435948
1.62 0 0 -0.0500000007450581 0 50.0000207435948
1.64 0 0 -0.0500000007450581 0 50.0000207435948
1.66 0 0 -0.0500000007450581 0 50.0000207435948
1.68 0 0 -0.0500000007450581 0 50.0000207435948
1.7 0 0 -0.0500000007450581 0 50.0000207435948
1.72 0 0 -0.0500000007450581 0 50.0000207435948
1.74 0 0 -0.0500000007450581 0 50.0000207435948
1.76 0 0 -0.0500000007450581 0 50.0000207435948
1.78 0 0 -0.0500000007450581 0 50.0000207435948
1.8 0 0 -0.0500000007450581 0 50.0000207435948
1.82 0 0 -0.0500000007450581 0 50.0000207435948
1.84 0 0 -0.0500000007450581 0 50.0000207435948
1.86 0 0 -0.0500000007450581 0 50.0000207435948
1.88 0 0 -0.0500000007450581 0 50.0000207435948
1.9 0 0 -0.0500000007450581 0 50.0000207435948
1.92 0 0 -0.0500000007450581 0 50.0000207435948
1.94 0 0 -0.0500000007450581 0 50.0000207435948
1.96 0 0 -0.0500000007450581 0 50.0000207435948
1.98 -1.29401004314423 0.0183185990899801 -0.0497609004378319 0.000277587008895352 48.5171491087442
2 -3.4502100944519 0.0375139005482197 -0.049244798719883 0.000822182977572083 44.563511183154
2.02 -4.3584098815918 0.0296000000089407 -0.0488053001463413 0.00121881999075413 39.5691539186341
2.04 -4.17880010604858 0.0186005998402834 -0.0485089011490345 0.00144360994454473 34.7806004990905
2.06 -3.66167998313904 0.0020801299251616 -0.0484738983213902 0.0014660699525848 30.5846001409915
2.08 -3.06239008903503 0.0468867011368275 -0.0476524010300636 0.00191826000809669 27.0753496907281
2.1 -2.06076002120972 0.146852001547813 -0.0450102984905243 0.00320091005414724 24.7139039927493
2.12 -1.65656995773315 0.185360997915268 -0.0416174009442329 0.00469485018402338 22.8156373280512
2.14 -1.12116003036499 0.225057005882263 -0.0374490991234779 0.006393619813025 21.530894113097
2.16 -0.543461978435516 0.242855995893478 -0.0329212993383408 0.00815161969512701 20.9080901438184
2.18 0.0217032991349697 0.251895993947983 -0.0282154995948076 0.00995051953941584 20.9329554474919
2.2 0.670381009578705 0.227054998278618 -0.0239851009100676 0.0116012999787927 21.7011775592947
2.22 1.35927999019623 0.204278007149696 -0.0202099997550249 0.0131635004654527 23.2588209825368
2.24 1.70301997661591 0.207399994134903 -0.0164275001734495 0.0148660996928811 25.2103153114368
2.26 1.5796400308609 0.224854007363319 -0.012389600276947 0.0168456993997097 27.0204605830106
2.28 1.58399999141693 0.238060995936394 -0.00818284973502159 0.0190756004303694 28.8355901851312
2.3 1.46557998657227 0.253886014223099 -0.00377108994871378 0.0215895008295774 30.5149868529707
2.32 1.36177003383636 0.281194001436234 0.00103451998438686 0.0245108995586634 32.0754938330223
2.34 1.22379004955292 0.303882986307144 0.00614453013986349 0.0278011001646519 33.4778682734098
2.36 1.02687001228333 0.321233004331589 0.0114666996523738 0.0313998982310295 34.6545493579578
2.38 0.840290009975433 0.33908599615097 0.0170127004384995 0.0353028997778893 35.6174625969574
2.4 0.707114994525909 0.350811004638672 0.0226872991770506 0.039429098367691 36.42773818348
2.42 0.658466994762421 0.359575003385544 0.0284454002976418 0.0437375009059906 37.1823238226049
2.44 0.589569985866547 0.370972007513046 0.0343299992382526 0.0482563003897667 37.8579012485056
2.46 0.513539016246796 0.370487987995148 0.0401569008827209 0.0528336018323898 38.4463835172049
2.48 0.45634800195694 0.380293995141983 0.0460921004414558 0.0575900003314018 38.9693232906288
2.5 0.477474004030228 0.383459001779556 0.0520315989851952 0.062441598623991 39.5164419337145
2.52 0.40532198548317 0.384196996688843 0.0579394996166229 0.0673549026250839 39.9809391935051
2.54 0.42799499630928 0.385125011205673 0.0638203024864197 0.0723292008042336 40.4713911721418
2.56 0.416705012321472 0.388702005147934 0.0697131976485252 0.0773995965719223 40.9488931121121
2.58 0.358960002660751 0.388725012540817 0.075566902756691 0.0825159996747971 41.3602173492141
2.6 0.340788990259171 0.38783198595047 0.0813712999224663 0.0876613035798073 41.7507470753881
2.62 0.350302010774612 0.390128999948502 0.0871741995215416 0.0928772985935211 42.1521607080044
2.64 0.338272988796234 0.392827987670898 0.0929808989167213 0.0981696024537086 42.5397671132136
2.66 0.262611001729965 0.393029987812042 0.0987586975097656 0.103499002754688 42.840684757477
2.68 0.242916002869606 0.397666990756989 0.104576997458935 0.108920998871326 43.1190832680468
2.7 0.221350997686386 0.399829000234604 0.110402002930641 0.114399999380112 43.372732588159
2.72 0.153331995010376 0.399338006973267 0.116199001669884 0.119893997907639 43.5484016385172
2.74 0.109048001468182 0.397311002016068 0.121953003108501 0.125375002622604 43.6733633644772
2.76 0.0783630982041359 0.402532011270523 0.127771005034447 0.13093900680542 43.763204257725
2.78 0.048717200756073 0.403095990419388 0.133590996265411 0.136518001556396 43.8190103183386
2.8 0.039920300245285 0.402337998151779 0.139394998550415 0.142092004418373 43.8647316046427
2.82 0.00362494005821645 0.40132400393486 0.145181000232697 0.147653996944427 43.8689150955093
2.84 0.00579529022797942 0.399987995624542 0.150948002934456 0.153198003768921 43.8755608695718
2.86 0.0217263996601105 0.398811012506485 0.156697005033493 0.158728003501892 43.9004261732452
2.88 0.02916119992733 0.400258004665375 0.162462994456291 0.164279997348785 43.9338292133812
2.9 0.0621547996997833 0.400182008743286 0.168224006891251 0.16983699798584 44.0051056524648
2.92 0.103552997112274 0.397801995277405 0.173940002918243 0.175369992852211 44.1237665289155
2.94 0.0865826010704041 0.398620992898941 0.179658994078636 0.180924996733665 44.2229442907587
2.96 0.125926002860069 0.404318004846573 0.185445994138718 0.186572998762131 44.3672730181103
2.98 0.103275999426842 0.405557990074158 0.19123899936676 0.192249998450279 44.4855889700079
3 0.0594073012471199 0.402285009622574 0.196976006031036 0.197891995310783 44.5537132767896
3.02 0.0497790984809399 0.400914013385773 0.202686995267868 0.203519999980927 44.6107214506971
3.04 0.0484399013221264 0.401208013296127 0.208396002650261 0.209158003330231 44.6662440584602
3.06 0.0153077999129891 0.39971798658371 0.214081004261971 0.214779004454613 44.683773738965
3.08 0.0239661000669003 0.397835999727249 0.219736993312836 0.220375001430511 44.7112208541447
3.1 0.0479089990258217 0.397058010101318 0.225378006696701 0.225964993238449 44.7661663109229
3.12 0.0198563002049923 0.39819198846817 0.231031000614166 0.23157399892807 44.7889142559537
3.14 0.0172933991998434 0.39699599146843 0.236664995551109 0.237168997526169 44.8087388800196
3.16 0.0317470990121365 0.396216005086899 0.242284998297691 0.242754995822906 44.8451198826337
3.18 0.0286301001906395 0.398910999298096 0.247940003871918 0.24838300049305 44.877894545366
3.2 0.0127908997237682 0.401942998170853 0.253636002540588 0.254056006669998 44.8925623766086
3.22 0.006349409930408 0.400718986988068 0.259312987327576 0.259712994098663 44.8998365280747
3.24 0.0126986997202039 0.401142001152039 0.264995008707047 0.265376001596451 44.914391661196
3.26 0.00122357998043299 0.40472799539566 0.2707279920578 0.271091997623444 44.9158225858271
3.28 -0.00501016015186906 0.402628004550934 0.276430010795593 0.276776999235153 44.9100374156001
3.3 -0.00791949965059757 0.401859998703003 0.282122999429703 0.282451003789902 44.9009839998553
3.32 -0.00106210994999856 0.404706001281738 0.287856012582779 0.288163989782333 44.8997818865613
3.34 -0.0120754996314645 0.404974013566971 0.293594002723694 0.293880999088287 44.8859131874516
3.36 -0.0065339501015842 0.398458987474442 0.299241006374359 0.299504011869431 44.8784648661617
3.38 -0.00468687992542982 0.401879996061325 0.304935991764069 0.305175006389618 44.8730792620012
3.4 -0.0197870992124081 0.402406990528107 0.3106409907341 0.310851991176605 44.850392788673
3.42 -0.0224651992321014 0.39886000752449 0.316298007965088 0.316477000713348 44.8246668811641
3.44 0.0162546001374722 0.399825990200043 0.321967989206314 0.322115004062653 44.8432859768416
3.46 0.0252358000725508 0.404119998216629 0.327697992324829 0.327816009521484 44.8722220732603
3.48 0.0173164997249842 0.400207012891769 0.333368986845016 0.333463996648788 44.8920466973263
3.5 0.0274526998400688 0.403313994407654 0.339082002639771 0.33915901184082 44.9234997184542
3.52 0.0309852007776499 0.405048996210098 0.344815999269485 0.344880998134613 44.9590235323275
3.54 0.0227885004132986 0.405791014432907 0.350558012723923 0.350616991519928 44.9850943643894
3.56 0.0217032991349697 0.402649998664856 0.356252014636993 0.356310993432999 45.0100177246708
3.58 0.0262288991361856 0.403631001710892 0.361957997083664 0.362022012472153 45.0400398211676
3.6 0.00646491022780538 0.402229011058807 0.367641985416412 0.367713987827301 45.0474300858495
3.62 -0.0112212002277374 0.401906996965408 0.373322010040283 0.373401999473572 45.0345961603991
3.64 -0.0082889199256897 0.3975850045681 0.378942012786865 0.379027992486954 45.0250851219798
3.66 -0.02004100009799 0.399271011352539 0.384586989879608 0.38467600941658 45.0021117807065
3.68 -0.0259748008102179 0.396494001150131 0.39019501209259 0.39028200507164 44.9723731370603
3.7 -0.0155387995764613 0.395505011081696 0.395792007446289 0.395871996879578 44.9545565886103
3.72 -0.0151231000199914 0.399946987628937 0.401454001665115 0.401522010564804 44.937252304348
3.74 -0.0127910999581218 0.399993985891342 0.407117009162903 0.407171994447708 44.9225844731054
3.76 0.0210107993334532 0.400599002838135 0.412788987159729 0.412831008434296 44.9466472295514
3.78 0.00120050995610654 0.402895987033844 0.418491989374161 0.418523997068405 44.9480235126692
3.8 0.000276976003078744 0.406194001436234 0.424241989850998 0.424263000488281 44.9483684372222
3.82 0.0103898998349905 0.403075009584427 0.42994698882103 0.429958999156952 44.960229060716
3.84 -0.00138538994360715 0.40209499001503 0.4356369972229 0.4356409907341 44.958682022869
3.86 -0.0350026004016399 0.401641011238098 0.441323012113571 0.441314995288849 44.918571736968
3.88 -0.00390208000317216 0.400997012853622 0.44700300693512 0.446978002786636 44.9141047932509
3.9 0.00572626013308764 0.39886599779129 0.452652007341385 0.452609986066818 44.9206344540974
3.92 -0.0157002992928028 0.399491012096405 0.458310008049011 0.458250999450684 44.9026437358236
3.94 -0.0176858995109797 0.395363986492157 0.463912010192871 0.46383199095726 44.8823614890832
3.96 0.0297842994332314 0.395871013402939 0.469520002603531 0.469420999288559 44.9165090198387
3.98 0.00602613016963005 0.39520600438118 0.47511699795723 0.475001990795136 44.9234450769409
4 0.0265289004892111 0.397637993097305 0.480746001005173 0.480619013309479 44.9538086828962
4.02 0.0392738990485668 0.393756002187729 0.486317008733749 0.486185997724533 44.9988435351886
4.04 0.0579756014049053 0.400898993015289 0.491984009742737 0.491858005523682 45.0652500493941
4.06 0.0292073003947735 0.403248995542526 0.497678011655808 0.497568994760513 45.098711146138
4.08 0.00953572988510132 0.39886000752449 0.503309011459351 0.503220021724701 45.1096531091884
4.1 0.00533343991264701 0.398611009120941 0.50893497467041 0.508868992328644 45.1157866190631
4.12 -0.00498708989471197 0.400884985923767 0.514593005180359 0.514549016952515 45.1100560903494
4.14 -0.0310772992670536 0.400377988815308 0.520246028900146 0.520220994949341 45.0744161632603
4.16 -0.0392507016658783 0.399637997150421 0.525892972946167 0.525876998901367 45.0294393675757
4.18 -0.0218187998980284 0.39936700463295 0.531539022922516 0.531526982784271 45.004461365781
4.2 -0.00916631985455751 0.397466003894806 0.537159979343414 0.537147998809814 44.9939736103104
4.22 0.029576500877738 0.39664500951767 0.542768001556396 0.542757987976074 45.0278376882154
4.24 0.0259054992347956 0.396082997322083 0.548364996910095 0.548363983631134 45.0575148601591
4.26 0.0124214999377728 0.400463998317719 0.554022014141083 0.554033994674683 45.0717831253352
4.28 0.0224882997572422 0.398048996925354 0.559642970561981 0.559670984745026 45.0975636743575
4.3 0.00858896039426327 0.396569013595581 0.565241992473602 0.565289974212646 45.1073615807218
4.32 -0.0017778699984774 0.395938009023666 0.570831000804901 0.570900022983551 45.1053569202005
4.34 -0.0136452997103333 0.397886991500854 0.576448023319244 0.576535999774933 45.0897157870011
4.36 -0.0266212001442909 0.39851701259613 0.582077026367188 0.582179009914398 45.059178011222
4.38 -0.0287686996161938 0.401051998138428 0.587743997573853 0.587854981422424 45.0262325937604
4.4 -0.0520653016865253 0.401520013809204 0.593423008918762 0.593532979488373 44.9665879668333
4.42 -0.0377499014139175 0.399080991744995 0.599071979522705 0.599171996116638 44.923328963725
4.44 -0.0281913001090288 0.40063801407814 0.604746997356415 0.604828000068665 44.8910153387616
4.46 -0.0319547988474369 0.400835990905762 0.610427975654602 0.610484004020691 44.8544021097158
4.48 -0.0169009007513523 0.401697993278503 0.616124987602234 0.61615002155304 44.8350351083242
4.5 -0.00484868977218866 0.399253994226456 0.621787011623383 0.621779978275299 44.8294787494344
4.52 0.0151923997327685 0.399695992469788 0.62745600938797 0.627416014671326 44.8468957318179
4.54 0.0357181988656521 0.398990988731384 0.633112013339996 0.633045971393585 44.8878051498517
4.56 0.0197868999093771 0.398492008447647 0.638756990432739 0.638670980930328 44.9104950382745
4.58 0.0248202998191118 0.402803987264633 0.64446097612381 0.64436000585556 44.9389120403164
4.6 0.0390430986881256 0.402987986803055 0.650164008140564 0.650056004524231 44.9836600246637
4.62 0.0299922004342079 0.403187990188599 0.655866026878357 0.655758023262024 45.018039781851
4.64 0.0347947999835014 0.40149199962616 0.661539971828461 0.661439001560211 45.0579178413201
4.66 0.00189336994662881 0.399437993764877 0.667182981967926 0.667093992233276 45.0600932565708
4.68 0.0325319990515709 0.40004101395607 0.672833025455475 0.672758996486664 45.0973348630203
4.7 0.00431763008236885 0.398169010877609 0.678453981876373 0.678399980068207 45.1023209011144
4.72 -0.0112904002889991 0.398250997066498 0.684077024459839 0.684041976928711 45.089370862448
4.74 0.00974350981414318 0.398061007261276 0.689697027206421 0.689679980278015 45.1005450519302
4.76 0.00090046797413379 0.398802995681763 0.69532698392868 0.695330023765564 45.1015764104948
4.78 0.00616469979286194 0.398001998662949 0.700945019721985 0.700968980789185 45.1086217506237
4.8 -0.00819647964090109 0.398009985685349 0.706564009189606 0.70660799741745 45.0992268254204
4.82 0.000277145009022206 0.403593987226486 0.712261021137238 0.712325990200043 45.0995717499734
4.84 -0.0161390993744135 0.403351008892059 0.717957019805908 0.718038976192474 45.0810653524173
4.86 -0.0116366995498538 0.402074009180069 0.723635017871857 0.723731994628906 45.0677157476845
4.88 0.000161639996804297 0.405501008033752 0.729363024234772 0.729474008083344 45.0678865024137
4.9 -0.0194406993687153 0.404404014348984 0.735077023506165 0.735198020935059 45.0456542366653
4.92 -0.040081899613142 0.40276899933815 0.740769982337952 0.740896999835968 44.9997041390241
4.94 -0.0399205014109612 0.403219997882843 0.746474981307983 0.746596992015839 44.95398285272
4.96 -0.0332016013562679 0.402388989925385 0.752171993255615 0.752281010150909 44.9158806424351
4.98 -0.0488326996564865 0.399836987257004 0.757838010787964 0.757924973964691 44.8599584686056
5 -0.0475164987146854 0.399933010339737 0.76350998878479 0.763563990592957 44.8054706345018
5.02 0.00353250000625849 0.398750007152557 0.769168019294739 0.769183993339539 44.8095380121525
5.04 -0.00214710994623601 0.400119006633759 0.774846017360687 0.774824023246765 44.8070757289567
5.06 -0.000230841993470676 0.39606299996376 0.780466020107269 0.78040599822998 44.8068469176195
5.08 0.0300152990967035 0.399818003177643 0.786136984825134 0.786042988300323 44.8412232597122
5.1 0.0647869035601616 0.400945991277695 0.791819989681244 0.791701018810272 44.915477661274
5.12 0.0772548988461494 0.407104998826981 0.797581017017365 0.797453999519348 45.004000328012
5.14 0.0348640009760857 0.405360013246536 0.803310990333557 0.803188979625702 45.0439364440891
5.16 0.0444686003029346 0.401890009641647 0.808987975120544 0.808879971504211 45.0948725798245
5.18 0.0139918001368642 0.400795012712479 0.814646005630493 0.814558029174805 45.1109166941848
5.2 0.0106440000236034 0.402382999658585 0.820325016975403 0.820259988307953 45.1231188271371
5.22 -0.0141994999721646 0.402334004640579 0.826003015041351 0.825960993766785 45.1068459014395
5.24 -0.0312623009085655 0.40156701207161 0.8316730260849 0.831649005413055 45.0710386347157
5.26 -0.0283530000597239 0.400238990783691 0.837328016757965 0.837315022945404 45.0385508399285
5.28 -0.0144534995779395 0.398229002952576 0.842957019805908 0.842949986457825 45.0219910462858
5.3 -0.00501016015186906 0.39936700463295 0.848603010177612 0.848599970340729 45.0162058760588
5.32 0.0124909998849034 0.396600008010864 0.854209005832672 0.85421097278595 45.0305287827483
5.34 0.0157002992928028 0.397136986255646 0.859821975231171 0.859830975532532 45.0485195010222
5.36 0.0147997997701168 0.39428699016571 0.865392029285431 0.865411996841431 45.0654788607313
5.38 0.00905080977827311 0.395359992980957 0.870976984500885 0.871011018753052 45.075850502986
5.4 0.0126758003607392 0.39674699306488 0.876578986644745 0.876630008220673 45.0904022210127
5.42 -0.00985884014517069 0.398577988147736 0.882207989692688 0.882274985313416 45.0791153334092
5.44 -0.00946636032313108 0.398649990558624 0.887838006019592 0.887920022010803 45.0682314269668
5.46 -0.0337094999849796 0.399899989366531 0.893489003181458 0.89358001947403 45.0296135373996
5.48 -0.0205026995390654 0.398351013660431 0.899120986461639 0.89921498298645 45.0061211017493
5.5 -0.0376807004213333 0.399507999420166 0.904771983623505 0.904864013195038 44.962920155249
5.52 -0.0400128997862339 0.39513298869133 0.910365998744965 0.910445988178253 44.917082755729
5.54 -0.0071574398316443 0.398068994283676 0.916004002094269 0.916067004203796 44.9088899438196
5.56 -0.02299639955163 0.39970400929451 0.921666979789734 0.921709001064301 44.8825356589071
5.58 -0.0169239994138479 0.397641986608505 0.927303016185761 0.927320003509521 44.8631686575155
5.6 0.00170883000828326 0.398126006126404 0.932946979999542 0.932937026023865 44.8651152614289
5.62 0.0314930006861687 0.402213007211685 0.938646018505096 0.938614010810852 44.9012128111925
5.64 0.0405668988823891 0.400364011526108 0.944316029548645 0.944267988204956 44.9476785881161
5.66 0.0261134002357721 0.40310999751091 0.950020015239716 0.949965000152588 44.9775879864916
5.68 0.0245893001556396 0.404058009386063 0.955735981464386 0.955678999423981 45.0057761771962
5.7 0.0288839992135763 0.402399003505707 0.961423993110657 0.961372017860413 45.0388957644816
5.72 0.0205028001219034 0.403005987405777 0.96711802482605 0.967076003551483 45.0623847850373
5.74 0.0258361008018255 0.401181012392044 0.972783982753754 0.97275698184967 45.0919492588597
5.76 0.0111980997025967 0.402153998613358 0.978461980819702 0.978453993797302 45.1047831843102
5.78 -0.028099000453949 0.399547010660172 0.984103977680206 0.984113991260529 45.0725856725627
5.8 -0.00408662017434835 0.3975810110569 0.989718973636627 0.989742994308472 45.0679445590217
5.82 -0.0138301001861691 0.348933011293411 0.994648993015289 0.994683027267456 45.0520711993906
5.84 -0.0764005035161972 0.267473012208939 0.998431026935577 0.998466014862061 44.9645252497039
5.86 -0.0622010007500649 0.218381002545357 1.00152003765106 1.00154995918274 44.8932488106202
5.88 -0.023411899805069 0.184967994689941 1.00414001941681 1.00416004657745 44.8664334879387
5.9 -0.0131604000926018 0.14546999335289 1.00620996952057 1.00620996952057 44.8513660906297
5.92 -0.0436607003211975 0.111686997115612 1.00778996944427 1.00778996944427 44.8012905587297
5.94 -0.0395740009844303 0.0824247002601624 1.00896000862122 1.00894999504089 44.7559688384921
5.96 0.0363878011703491 0.0613496005535126 1.00982999801636 1.00980997085571 44.7976808037534
5.98 0.0238505993038416 0.0393202006816864 1.01039004325867 1.01037001609802 44.8250083906226
6 -0.0267597995698452 0.0210199002176523 1.01068997383118 1.0106600522995 44.7942998601142
6.02 0.00168548000510782 0.0127076003700495 1.0108699798584 1.01084005832672 44.7962464640277
6.04 -0.00431759003549814 0.00853507965803146 1.01099002361298 1.01095998287201 44.7913184825415
6.06 -0.0026551999617368 0.00518806977197528 1.01105999946594 1.0110399723053 44.7882824634554
6.08 0 0 1.01105999946594 1.0110399723053 44.7882824634554
6.1 0 0 1.01105999946594 1.0110399723053 44.7882824634554
6.12 0 0 1.01105999946594 1.0110399723053 44.7882824634554
6.14 0 0 1.01105999946594 1.0110399723053 44.7882824634554
6.16 0 0 1.01105999946594 1.0110399723053 44.7882824634554
6.18 0 0 1.01105999946594 1.0110399723053 44.7882824634554
6.2 0 0 1.01105999946594 1.0110399723053 44.7882824634554
6.22 0 0 1.01105999946594 1.0110399723053 44.7882824634554
6.24 0 0 1.01105999946594 1.0110399723053 44.7882824634554
6.26 0 0 1.01105999946594 1.0110399723053 44.7882824634554
6.28 0 0 1.01105999946594 1.0110399723053 44.7882824634554
6.3 0 0 1.01105999946594 1.0110399723053 44.7882824634554
6.32 0 0 1.01105999946594 1.0110399723053 44.7882824634554
6.34 0 0 1.01105999946594 1.0110399723053 44.7882824634554
6.36 0 0 1.01105999946594 1.0110399723053 44.7882824634554
6.38 0 0 1.01105999946594 1.0110399723053 44.7882824634554
6.4 0 0 1.01105999946594 1.0110399723053 44.7882824634554
6.42 0 0 1.01105999946594 1.0110399723053 44.7882824634554
6.44 0 0 1.01105999946594 1.0110399723053 44.7882824634554
6.46 0 0 1.01105999946594 1.0110399723053 44.7882824634554
6.48 0 0 1.01105999946594 1.0110399723053 44.7882824634554
6.5 0 0 1.01105999946594 1.0110399723053 44.7882824634554
6.52 0 0 1.01105999946594 1.0110399723053 44.7882824634554
6.54 0 0 1.01105999946594 1.0110399723053 44.7882824634554
6.56 0 0 1.01105999946594 1.0110399723053 44.7882824634554
6.58 0 0 1.01105999946594 1.0110399723053 44.7882824634554
6.6 0 0 1.01105999946594 1.0110399723053 44.7882824634554
6.62 0 0 1.01105999946594 1.0110399723053 44.7882824634554
6.64 0 0 1.01105999946594 1.0110399723053 44.7882824634554
6.66 0 0 1.01105999946594 1.0110399723053 44.7882824634554
6.68 0 0 1.01105999946594 1.0110399723053 44.7882824634554
6.7 0 0 1.01105999946594 1.0110399723053 44.7882824634554
6.72 0 0 1.01105999946594 1.0110399723053 44.7882824634554
6.74 0 0 1.01105999946594 1.0110399723053 44.7882824634554
6.76 0 0 1.01105999946594 1.0110399723053 44.7882824634554
6.78 0 0 1.01105999946594 1.0110399723053 44.7882824634554
6.8 0 0 1.01105999946594 1.0110399723053 44.7882824634554
6.82 0 0 1.01105999946594 1.0110399723053 44.7882824634554
6.84 0 0 1.01105999946594 1.0110399723053 44.7882824634554
6.86 0 0 1.01105999946594 1.0110399723053 44.7882824634554
6.88 0 0 1.01105999946594 1.0110399723053 44.7882824634554
6.9 0 0 1.01105999946594 1.0110399723053 44.7882824634554
6.92 0 0 1.01105999946594 1.0110399723053 44.7882824634554
6.94 0 0 1.01105999946594 1.0110399723053 44.7882824634554
6.96 0 0 1.01105999946594 1.0110399723053 44.7882824634554
6.98 0 0 1.01105999946594 1.0110399723053 44.7882824634554
7 0 0 1.01105999946594 1.0110399723053 44.7882824634554
7.02 0 0 1.01105999946594 1.0110399723053 44.7882824634554
7.04 0 0 1.01105999946594 1.0110399723053 44.7882824634554
7.06 0 0 1.01105999946594 1.0110399723053 44.7882824634554
7.08 0 0 1.01105999946594 1.0110399723053 44.7882824634554
7.1 0 0 1.01105999946594 1.0110399723053 44.7882824634554
7.12 0 0 1.01105999946594 1.0110399723053 44.7882824634554
7.14 0 0 1.01105999946594 1.0110399723053 44.7882824634554
7.16 0 0 1.01105999946594 1.0110399723053 44.7882824634554
7.18 0 0 1.01105999946594 1.0110399723053 44.7882824634554
7.2 0 0 1.01105999946594 1.0110399723053 44.7882824634554
7.22 0 0 1.01105999946594 1.0110399723053 44.7882824634554
7.24 0 0 1.01105999946594 1.0110399723053 44.7882824634554
7.26 0 0 1.01105999946594 1.0110399723053 44.7882824634554
7.28 0 0 1.01105999946594 1.0110399723053 44.7882824634554
7.3 0 0 1.01105999946594 1.0110399723053 44.7882824634554
7.32 0 0 1.01105999946594 1.0110399723053 44.7882824634554
7.34 0 0 1.01105999946594 1.0110399723053 44.7882824634554
7.36 0 0 1.01105999946594 1.0110399723053 44.7882824634554
7.38 0 0 1.01105999946594 1.0110399723053 44.7882824634554
7.4 0 0 1.01105999946594 1.0110399723053 44.7882824634554
7.42 0 0 1.01105999946594 1.0110399723053 44.7882824634554
7.44 0 0 1.01105999946594 1.0110399723053 44.7882824634554
7.46 0 0 1.01105999946594 1.0110399723053 44.7882824634554
7.48 0 0 1.01105999946594 1.0110399723053 44.7882824634554
7.5 0 0 1.01105999946594 1.0110399723053 44.7882824634554
7.52 0 0 1.01105999946594 1.0110399723053 44.7882824634554
7.54 0 0 1.01105999946594 1.0110399723053 44.7882824634554
7.56 0 0 1.01105999946594 1.0110399723053 44.7882824634554
7.58 0 0 1.01105999946594 1.0110399723053 44.7882824634554
7.6 0 0 1.01105999946594 1.0110399723053 44.7882824634554
7.62 0 0 1.01105999946594 1.0110399723053 44.7882824634554
7.64 0 0 1.01105999946594 1.0110399723053 44.7882824634554
7.66 0 0 1.01105999946594 1.0110399723053 44.7882824634554
7.68 0 0 1.01105999946594 1.0110399723053 44.7882824634554
7.7 0 0 1.01105999946594 1.0110399723053 44.7882824634554
7.72 0 0 1.01105999946594 1.0110399723053 44.7882824634554
7.74 0 0 1.01105999946594 1.0110399723053 44.7882824634554
7.76 0 0 1.01105999946594 1.0110399723053 44.7882824634554
7.78 0 0 1.01105999946594 1.0110399723053 44.7882824634554
7.8 0 0 1.01105999946594 1.0110399723053 44.7882824634554
7.82 0 0 1.01105999946594 1.0110399723053 44.7882824634554
7.84 0 0 1.01105999946594 1.0110399723053 44.7882824634554
7.86 0 0 1.01105999946594 1.0110399723053 44.7882824634554
7.88 0 0 1.01105999946594 1.0110399723053 44.7882824634554
7.9 0 0 1.01105999946594 1.0110399723053 44.7882824634554
7.92 0 0 1.01105999946594 1.0110399723053 44.7882824634554
7.94 0 0 1.01105999946594 1.0110399723053 44.7882824634554
7.96 0 0 1.01105999946594 1.0110399723053 44.7882824634554
7.98 0 0 1.01105999946594 1.0110399723053 44.7882824634554
8 0 0 1.01105999946594 1.0110399723053 44.7882824634554
8.02 0 0 1.01105999946594 1.0110399723053 44.7882824634554
8.04 0 0 1.01105999946594 1.0110399723053 44.7882824634554
8.06 0 0 1.01105999946594 1.0110399723053 44.7882824634554
8.08 0 0 1.01105999946594 1.0110399723053 44.7882824634554
8.1 0 0 1.01105999946594 1.0110399723053 44.7882824634554
8.12 0 0 1.01105999946594 1.0110399723053 44.7882824634554
8.14 0 0 1.01105999946594 1.0110399723053 44.7882824634554
8.16 0 0 1.01105999946594 1.0110399723053 44.7882824634554
8.18 0 0 1.01105999946594 1.0110399723053 44.7882824634554
8.2 0 0 1.01105999946594 1.0110399723053 44.7882824634554
8.22 0 0 1.01105999946594 1.0110399723053 44.7882824634554
8.24 0 0 1.01105999946594 1.0110399723053 44.7882824634554
8.26 0.150700002908707 -0.01333689969033 1.0108699798584 1.01084995269775 44.9609735513355
8.28 0.0124909998849034 -0.0402887016534805 1.01030004024506 1.01028001308441 44.975296458025
8.3 -0.0896534025669098 -0.0564270988106728 1.0095100402832 1.00947999954224 44.8725089412055
8.32 -0.0677884966135025 -0.0607651993632317 1.00864005088806 1.00862002372742 44.7948701809099
8.34 -0.06596440076828 -0.0529533997178078 1.00788998603821 1.00787997245789 44.7192429113249
8.36 -0.144280999898911 -0.0312611982226372 1.00744998455048 1.00743997097015 44.5539420881268
8.38 -0.0575140006840229 -0.0131529998034239 1.00725996494293 1.00725996494293 44.4879966116903
8.4 -0.0329707004129887 -0.00807122979313135 1.00714004039764 1.00714004039764 44.4502393259585
8.42 -0.0332477018237114 -0.00294242007657886 1.00709998607636 1.00709998607636 44.4121371156735
8.44 0 0 1.00709998607636 1.00709998607636 44.4121371156735
8.46 0 0 1.00709998607636 1.00709998607636 44.4121371156735
