0 0 0 -0.0500000007450581 0 50.0000207435948
0.02 0 0 -0.0500000007450581 0 50.0000207435948
0.04 0 0 -0.0500000007450581 0 50.0000207435948
0.06 0 0 -0.0500000007450581 0 50.0000207435948
0.08 0 0 -0.0500000007450581 0 50.0000207435948
0.1 0 0 -0.0500000007450581 0 50.0000207435948
0.12 0 0 -0.0500000007450581 0 50.0000207435948
0.14 0 0 -0.0500000007450581 0 50.0000207435948
0.16 0 0 -0.0500000007450581 0 50.0000207435948
0.18 0 0 -0.0500000007450581 0 50.0000207435948
0.2 0 0 -0.0500000007450581 0 50.0000207435948
0.22 0 0 -0.0500000007450581 0 50.0000207435948
0.24 0 0 -0.0500000007450581 0 50.0000207435948
0.26 0 0 -0.0500000007450581 0 50.0000207435948
0.28 0 0 -0.0500000007450581 0 50.0000207435948
0.3 0 0 -0.0500000007450581 0 50.0000207435948
0.32 0 0 -0.0500000007450581 0 50.0000207435948
0.34 0 0 -0.0500000007450581 0 50.0000207435948
0.36 0 0 -0.0500000007450581 0 50.0000207435948
0.38 0 0 -0.0500000007450581 0 50.0000207435948
0.4 0 0 -0.0500000007450581 0 50.0000207435948
0.42 0 0 -0.0500000007450581 0 50.0000207435948
0.44 0 0 -0.0500000007450581 0 50.0000207435948
0.46 0 0 -0.0500000007450581 0 50.0000207435948
0.48 0 0 -0.0500000007450581 0 50.0000207435948
0.5 0 0 -0.0500000007450581 0 50.0000207435948
0.52 0 0 -0.0500000007450581 0 50.0000207435948
0.54 0 0 -0.0500000007450581 0 50.0000207435948
0.56 0 0 -0.0500000007450581 0 50.0000207435948
0.58 0 0 -0.0500000007450581 0 50.0000207435948
0.6 0 0 -0.0500000007450581 0 50.0000207435948
0.62 0 0 -0.0500000007450581 0 50.0000207435948
0.64 0 0 -0.0500000007450581 0 50.0000207435948
0.66 0 0 -0.0500000007450581 0 50.0000207435948
0.68 0 0 -0.0500000007450581 0 50.0000207435948
0.7 0 0 -0.0500000007450581 0 50.0000207435948
0.72 0 0 -0.0500000007450581 0 50.0000207435948
0.74 0 0 -0.0500000007450581 0 50.0000207435948
0.76 0 0 -0.0500000007450581 0 50.0000207435948
0.78 0 0 -0.0500000007450581 0 50.0000207435948
0.8 0 0 -0.0500000007450581 0 50.0000207435948
0.82 0 0 -0.0500000007450581 0 50.0000207435948
0.84 0 0 -0.0500000007450581 0 50.0000207435948
0.86 0 0 -0.0500000007450581 0 50.0000207435948
0.88 0 0 -0.0500000007450581 0 50.0000207435948
0.9 0 0 -0.0500000007450581 0 50.0000207435948
0.92 0 0 -0.0500000007450581 0 50.0000207435948
0.94 0 0 -0.0500000007450581 0 50.0000207435948
0.96 0 0 -0.0500000007450581 0 50.0000207435948
0.98 0 0 -0.0500000007450581 0 50.0000207435948
1 0 0 -0.0500000007450581 0 50.0000207435948
1.02 0 0 -0.0500000007450581 0 50.0000207435948
1.04 0 0 -0.0500000007450581 0 50.0000207435948
1.06 0 0 -0.0500000007450581 0 50.0000207435948
1.08 0 0 -0.0500000007450581 0 50.0000207435948
1.1 0 0 -0.0500000007450581 0 50.0000207435948
1.12 0 0 -0.0500000007450581 0 50.0000207435948
1.14 0 0 -0.0500000007450581 0 50.0000207435948
1.16 0 0 -0.0500000007450581 0 50.0000207435948
1.18 0 0 -0.0500000007450581 0 50.0000207435948
1.2 0 0 -0.0500000007450581 0 50.0000207435948
1.22 0 0 -0.0500000007450581 0 50.0000207435948
1.24 0 0 -0.0500000007450581 0 50.0000207435948
1.26 0 0 -0.0500000007450581 0 50.0000207435948
1.28 0 0 -0.0500000007450581 0 50.0000207435948
1.3 0 0 -0.0500000007450581 0 50.0000207435948
1.32 -1.05356001853943 0.0242116991430521 -0.049684900790453 0.00036764401011169 48.7926857700517
1.34 -2.76319003105164 0.0320948995649815 -0.0492487996816635 0.000838697014842182 45.6263466746163
1.36 -3.43438005447388 0.0288050994277 -0.0488319993019104 0.00123640999663621 41.6908155805158
1.38 -3.27077007293701 0.0176075994968414 -0.0485614985227585 0.00146190996747464 37.9428107451727
1.4 -2.84667992591858 0.050092700868845 -0.0477541983127594 0.00205519003793597 34.6807328881411
1.42 -2.43601989746094 0.120539002120495 -0.0457388982176781 0.00337823992595077 31.8892823856802
1.44 -1.88399004936218 0.180461004376411 -0.0426390990614891 0.00522683979943395 29.730379117349
1.46 -1.39740002155304 0.213891997933388 -0.0388951003551483 0.00729617988690734 28.1290771249321
1.48 -0.774671971797943 0.247808992862701 -0.0345062986016274 0.00959889963269234 27.2413932969984
1.5 -0.19676199555397 0.268916994333267 -0.0297196004539728 0.0120513997972012 27.0158775260775
1.52 0.277202993631363 0.279412001371384 -0.0247482005506754 0.0146035002544522 27.3335240111655
1.54 0.628612995147705 0.277487009763718 -0.0198343005031347 0.0171828009188175 28.053904062927
1.56 0.918929994106293 0.275038987398148 -0.0150038003921509 0.0198142994195223 29.1068852989642
1.58 1.10266995429993 0.277547985315323 -0.0101838996633887 0.0225677993148565 30.3704873708898
1.6 1.23872995376587 0.281367003917694 -0.00536435982212424 0.0254728998988867 31.7899338691077
1.62 1.2542200088501 0.287802010774612 -0.000510227982886136 0.028566300868988 33.2271969157756
1.64 1.24761998653412 0.294218003749847 0.00437144981697202 0.0318518988788128 34.6568408864244
1.66 1.13385999202728 0.304987996816635 0.00934929959475994 0.0353772006928921 35.9561955835605
1.68 0.987042009830475 0.319633007049561 0.0144865997135639 0.0391817018389702 37.0872134384124
1.7 0.793142974376678 0.335469007492065 0.0198065992444754 0.0432699993252754 37.9960964659825
1.72 0.62226402759552 0.34807500243187 0.0252657998353243 0.0475896000862122 38.70914430967
1.74 0.481007009744644 0.355017989873886 0.0307849999517202 0.0520564988255501 39.2603849719198
1.76 0.347438991069794 0.364174008369446 0.0364083983004093 0.0566853992640972 39.6584757175049
1.78 0.226938992738724 0.366685003042221 0.0420437008142471 0.0613785982131958 39.9185420003424
1.8 0.177321001887321 0.37466099858284 0.0477822013199329 0.0661972016096115 40.1217708640016
1.82 0.135046005249023 0.379602998495102 0.0535809993743896 0.0710973963141441 40.2765258751212
1.84 0.111657001078129 0.383525013923645 0.0594276003539562 0.076062798500061 40.404468978654
1.86 0.0692662000656128 0.385499000549316 0.0652951970696449 0.08106429874897 40.4838221164312
1.88 0.08575139939785 0.38790100812912 0.0711914971470833 0.0861060991883278 40.5820846329256
1.9 0.0631707981228828 0.391301989555359 0.0771320015192032 0.0912009999155998 40.6544504871819
1.92 0.0757080018520355 0.395067989826202 0.0831224024295807 0.0963532030582428 40.7412519462491
1.94 0.105423003435135 0.396699994802475 0.0891283005475998 0.101538002490997 40.862033596437
1.96 0.138231992721558 0.395942002534866 0.0951101034879684 0.106726996600628 41.0204564191409
1.98 0.15046900510788 0.397314995527267 0.101097002625465 0.111951000988483 41.1928572239813
2 0.159104004502296 0.397208988666534 0.107066996395588 0.117192998528481 41.3751720484019
2.02 0.169448003172874 0.394659012556076 0.112980999052525 0.122419998049736 41.5693474963162
2.04 0.191589996218681 0.393916994333267 0.118864998221397 0.127658993005753 41.788907342281
2.06 0.203688994050026 0.394775003194809 0.12474200129509 0.132932007312775 42.0223290571662
2.08 0.207614004611969 0.399515986442566 0.130666002631187 0.138292998075485 42.2602211308633
2.1 0.194591999053955 0.398571997880936 0.136555999517441 0.143665999174118 42.4832165619805
2.12 0.186487004160881 0.396436989307404 0.142392992973328 0.14903099834919 42.6969297660157
2.14 0.18791900575161 0.402493000030518 0.148298993706703 0.154501006007195 42.9122480645058
2.16 0.210985004901886 0.406863987445831 0.154247000813484 0.160053998231888 43.1540367611243
2.18 0.184316992759705 0.400352001190186 0.160078004002571 0.165542006492615 43.3652262102612
2.2 0.107940003275871 0.393411993980408 0.165792003273964 0.170949995517731 43.4889277663193
2.22 0.0797253996133804 0.40515398979187 0.171666994690895 0.176532000303268 43.5802576408062
2.24 0.0773933008313179 0.400516986846924 0.177465006709099 0.18205800652504 43.6689510622734
2.26 0.067672997713089 0.402038991451263 0.183277994394302 0.187613993883133 43.746531765961
2.28 0.0432454012334347 0.411222010850906 0.189217001199722 0.193304002285004 43.7960335619707
2.3 0.0368958003818989 0.401289999485016 0.195007994771004 0.198861002922058 43.8383192631223
2.32 0.0570522993803024 0.394167989492416 0.200690999627113 0.204324007034302 43.9036944187631
2.34 0.0253746006637812 0.396035999059677 0.206395998597145 0.209818005561829 43.9327978548165
2.36 0.0519957989454269 0.399870991706848 0.212153002619743 0.215369999408722 43.9923878402303
2.38 0.0595689006149769 0.395879000425339 0.217846006155014 0.22087299823761 44.0606248451333
2.4 0.070813000202179 0.394005000591278 0.22350500524044 0.226355999708176 44.1417572471893
2.42 0.116575002670288 0.393866002559662 0.229150995612144 0.231848999857903 44.2753694077332
2.44 0.0979192033410072 0.395063012838364 0.234803006052971 0.237370997667313 44.3875552648507
2.46 0.0217726994305849 0.397657990455627 0.240484997630119 0.242935001850128 44.41253668174
2.48 0.00337085989303887 0.40421199798584 0.24626000225544 0.248593002557755 44.4163752480535
2.5 0.00443314015865326 0.398158997297287 0.251946985721588 0.254166007041931 44.421473984269
2.52 -0.0556205995380878 0.397891014814377 0.25763401389122 0.259732991456985 44.3577619796911
2.54 -0.0344946011900902 0.402352005243301 0.263390004634857 0.265356987714767 44.318228844775
2.56 -0.02669039927423 0.40166500210762 0.269138991832733 0.270967990159988 44.2876330123879
2.58 0.000600424013100564 0.39819198846817 0.274839013814926 0.276529014110565 44.2883194463995
2.6 -0.034425400197506 0.398799002170563 0.280550986528397 0.28209599852562 44.2488443680914
2.62 0.0454616993665695 0.40310201048851 0.286323010921478 0.287723988294601 44.3009826171207
2.64 0.0374270007014275 0.400633990764618 0.292055994272232 0.293323010206223 44.343838639068
2.66 0.0673727989196777 0.400027006864548 0.297773987054825 0.29891899228096 44.4210744182025
2.68 0.0996278002858162 0.400187999010086 0.303483992815018 0.304526001214981 44.5352068792335
2.7 0.0997200980782509 0.399161994457245 0.309168994426727 0.310131013393402 44.6495135100882
2.72 0.0690120980143547 0.39910501241684 0.314844012260437 0.315744996070862 44.7285797799203
2.74 0.0350484997034073 0.403475999832153 0.320574998855591 0.32142499089241 44.7687447073346
2.76 0.0435684993863106 0.401740998029709 0.326276987791061 0.327086001634598 44.8186494845053
2.78 -0.00214727991260588 0.398451000452042 0.331930011510849 0.332702994346619 44.8161872013095
2.8 -0.00939732976257801 0.395316988229752 0.337538987398148 0.338275998830795 44.8054125778938
2.82 0.0121908001601696 0.401784002780914 0.343239992856979 0.343939006328583 44.8193939751249
2.84 0.0212185997515917 0.40243199467659 0.348948001861572 0.34961399435997 44.8436889580026
2.86 -0.0112672997638583 0.397451996803284 0.354584008455276 0.35521799325943 44.8307969759442
2.88 0.0214725006371737 0.401571989059448 0.360278993844986 0.360882014036179 44.8554334682804
2.9 0.0405669994652271 0.40327399969101 0.36599400639534 0.366573005914688 44.901899245204
2.92 0.0247741006314754 0.39937099814415 0.371650010347366 0.372213006019592 44.9302616057325
2.94 0.0164854004979134 0.398739010095596 0.377294987440109 0.377846002578735 44.9491709844497
2.96 -0.00152396003250033 0.401012003421783 0.382972002029419 0.383511990308762 44.9474497767789
2.98 -0.00750378984957933 0.401778012514114 0.388659000396729 0.38918799161911 44.938857398803
3 0.00290918000973761 0.401580005884171 0.394344002008438 0.39486101269722 44.9421802858342
3.02 -0.00300162006169558 0.400072008371353 0.400007992982864 0.400512993335724 44.9387412855871
3.04 0.010020500048995 0.402911990880966 0.405712008476257 0.406206011772156 44.9501989279198
3.06 0.0104130003601313 0.401944994926453 0.411399990320206 0.411886006593704 44.9621176080215
3.08 -0.0088662700727582 0.401003003120422 0.417075991630554 0.417553007602692 44.9519781921986
3.1 -0.0282144006341696 0.40216401219368 0.422769010066986 0.423233985900879 44.9196611521407
3.12 -0.0404977016150951 0.398514986038208 0.428416013717651 0.428858995437622 44.873253431825
3.14 -0.00625714007765055 0.396636992692947 0.434038013219833 0.434455990791321 44.8660919784802
3.16 -0.0121678002178669 0.40064200758934 0.439716994762421 0.440108001232147 44.8521105812492
3.18 -0.0438917987048626 0.399742990732193 0.445387989282608 0.445744007825851 44.8018062380121
3.2 -0.0283298995345831 0.395087987184525 0.45099601149559 0.451310992240906 44.7693764998328
3.22 0.0181708000600338 0.399877995252609 0.456672996282578 0.456943988800049 44.7901744258555
3.24 0.0315622985363007 0.400151014328003 0.462350994348526 0.462583988904953 44.8263266171324
3.26 0.00618777005001903 0.397835999727249 0.467994004487991 0.468192994594574 44.8334334289638
3.28 0.00953572988510132 0.399235993623734 0.473654985427856 0.473823994398117 44.8443753920142
3.3 0.0125604001805186 0.403925001621246 0.479382991790771 0.479521006345749 44.8587563553116
3.32 -0.0181478001177311 0.398478001356125 0.485033005475998 0.48514199256897 44.837958429289
3.34 0.0110365003347397 0.396634995937347 0.49065700173378 0.49073600769043 44.8506216000102
3.36 0.014707500115037 0.396840989589691 0.496282994747162 0.496333986520767 44.8674648465034
3.38 0.00773462979122996 0.39674299955368 0.501906991004944 0.50193202495575 44.876347507519
3.4 0.0303849000483751 0.396589994430542 0.507525980472565 0.507529973983765 44.9111234156781
3.42 0.0271521005779505 0.398138999938965 0.513162970542908 0.513153970241547 44.9422929839555
3.44 0.0634938031435013 0.399646997451782 0.518817007541656 0.518803000450134 45.0150037627649
3.46 0.041559599339962 0.400851994752884 0.524482011795044 0.524475991725922 45.0626716529824
3.48 0.0328322015702724 0.399659007787704 0.530125975608826 0.530135989189148 45.100258183985
3.5 0.0106900995597243 0.402574986219406 0.535808980464935 0.535839974880219 45.1125183735452
3.52 0.0189788993448019 0.403259009122849 0.541499972343445 0.541554987430573 45.1342930166192
3.54 0.00533343991264701 0.404704004526138 0.547209024429321 0.547291994094849 45.1403650547914
3.56 -0.0108748003840446 0.404707998037338 0.552918970584869 0.553029000759125 45.1279306954073
3.58 -0.0584838017821312 0.405001997947693 0.558637022972107 0.558766007423401 45.0608958037982
3.6 -0.041490200906992 0.400180011987686 0.564293026924133 0.564428985118866 45.013340611702
3.62 -0.00826567970216274 0.401870012283325 0.569975972175598 0.570113003253937 45.0038876298907
3.64 -0.0404280982911587 0.397641986608505 0.575600981712341 0.575734972953796 44.9575345510884
3.66 -0.057813998311758 0.396131992340088 0.581210970878601 0.581330001354218 44.8913022067068
3.68 -0.0213108006864786 0.394475013017654 0.586800992488861 0.586897015571594 44.8668911106131
3.7 -0.0447458997368813 0.397022992372513 0.592431008815765 0.592495977878571 44.8156134654192
3.72 0.00683433003723621 0.397534012794495 0.598070979118347 0.598100006580353 44.8234613527756
3.74 0.014707500115037 0.397017002105713 0.603702008724213 0.603698015213013 44.8403080143634
3.76 0.0584838017821312 0.396701991558075 0.609324991703033 0.609296023845673 44.9073429059725
3.78 0.0642791017889977 0.397489011287689 0.614951014518738 0.61491197347641 44.9809689301307
3.8 0.0482782013714314 0.397621989250183 0.620573997497559 0.620536029338837 45.0363173680699
3.82 0.0205259006470442 0.402898013591766 0.62626701593399 0.626239001750946 45.0598063886256
3.84 -0.0236427001655102 0.402465999126434 0.6319540143013 0.631935000419617 45.0327076130936
3.86 0.00270140008069575 0.400061011314392 0.637607991695404 0.637596011161804 45.0358016887876
3.88 -0.023088900372386 0.399691998958588 0.643258988857269 0.643251001834869 45.0093859321726
3.9 -0.0108516998589039 0.402253985404968 0.64894700050354 0.648940026760101 44.9968969312752
3.92 -0.00154703005682677 0.400319010019302 0.654609024524689 0.654600977897644 44.9951791386989
3.94 0.000646558997686952 0.39842501282692 0.660243988037109 0.660234987735748 44.9958655727105
3.96 0.0308232996612787 0.400029003620148 0.665899991989136 0.665893018245697 45.0312152167599
3.98 0.0158389993011951 0.399396985769272 0.671544015407562 0.67154598236084 45.0493801048576
4 0.0434760004281998 0.400245010852814 0.677196979522705 0.67721301317215 45.0991687688124
4.02 0.00184706994332373 0.3975909948349 0.682810008525848 0.682846009731293 45.1012895425497
4.04 -0.0232963003218174 0.400691002607346 0.688467979431152 0.688521027565002 45.0745903330841
4.06 -0.000277145009022206 0.401506006717682 0.694139003753662 0.694207012653351 45.074303465139
4.08 -0.000784794974606484 0.402536004781723 0.699823975563049 0.699907004833221 45.0733882197902
4.1 -0.0247741006314754 0.403903007507324 0.705529987812042 0.705624997615814 45.0450258592617
4.12 -0.0178011991083622 0.404749006032944 0.717009007930756 0.717104971408844 44.9767273826561
4.14 -0.054143100976944 0.406419992446899 0.722761988639832 0.722846984863281 44.9146785291411
4.16 -0.0356950983405113 0.40462800860405 0.728495001792908 0.728559017181396 44.8737691111073
4.18 -0.0216341000050306 0.397641986608505 0.734131991863251 0.734169006347656 44.8490165055552
4.2 -0.012814300134778 0.396106004714966 0.739749014377594 0.739754974842072 44.8343486743126
4.22 -0.0283528007566929 0.401551008224487 0.745446026325226 0.745415985584259 44.8018062380121
4.24 0.0117752999067307 0.399278998374939 0.751110970973969 0.751043021678925 44.8153265974741
4.26 0.0422986000776291 0.399320006370544 0.756774008274078 0.756675004959106 44.8637970349191
4.28 0.0736527964472771 0.402547985315323 0.762476980686188 0.762358009815216 44.9481942673984
4.3 0.0431298986077309 0.400157988071442 0.768137991428375 0.768015027046204 44.9976414218947
4.32 0.0616466999053955 0.399834990501404 0.773790001869202 0.773672997951508 45.0682860684802
4.34 0.0080117704346776 0.401356995105743 0.779457986354828 0.779356002807617 45.0774555974409
4.36 0.0083119897171855 0.402328014373779 0.785139977931976 0.78505402803421 45.0869666358602
4.38 0.0237119998782873 0.401127994060516 0.790803015232086 0.790736019611359 45.1141234680002
4.4 -0.00720357010141015 0.400357991456985 0.796454012393951 0.796409010887146 45.1058725994828
4.42 -0.0180783998221159 0.398434996604919 0.802079021930695 0.802052974700928 45.085190786676
4.44 -0.0215416997671127 0.394854992628098 0.807655990123749 0.807644009590149 45.0604962377318
4.46 -0.00817340984940529 0.397219002246857 0.813268005847931 0.81326699256897 45.0510978974338
4.48 0.00905080977827311 0.399911999702454 0.818917989730835 0.818929016590118 45.0614695396885
4.5 0.0519034005701542 0.399670988321304 0.8245609998703 0.824590027332306 45.1209434118864
4.52 0.0377960987389088 0.39970201253891 0.830200016498566 0.830256998538971 45.1642570565081
4.54 0.00614163978025317 0.400959014892578 0.83585399389267 0.835943996906281 45.1713058117315
4.56 -0.0340326987206936 0.40251100063324 0.841530978679657 0.841651022434235 45.1322849410032
4.58 -0.0193252004683018 0.400233000516891 0.847178995609283 0.847323000431061 45.1101687884707
4.6 -0.0420214012265205 0.402262002229691 0.852859020233154 0.853020012378693 45.0620432755788
4.62 -0.0459695011377335 0.406102001667023 0.858599007129669 0.858766973018646 45.0093312906592
4.64 -0.0227885004132986 0.406587988138199 0.864349007606506 0.864516973495483 44.9832024019893
4.66 -0.0505643002688885 0.400950014591217 0.870024025440216 0.870182991027832 44.9252755676384
4.68 -0.069335401058197 0.399513989686966 0.87568598985672 0.875820994377136 44.8458063166453
4.7 -0.0407054014503956 0.398108005523682 0.881332993507385 0.88143402338028 44.7991697849924
4.72 -0.0326012000441551 0.395936012268066 0.886954009532928 0.887012004852295 44.761812065327
4.74 -0.0235968995839357 0.396241992712021 0.89258199930191 0.892590999603271 44.7347679313084
4.76 0.0118214003741741 0.400117009878159 0.898266017436981 0.898223996162415 44.7483463473784
4.78 0.0277295000851154 0.401573985815048 0.903968989849091 0.90387898683548 44.780089651546
4.8 0.0426908992230892 0.401814997196198 0.909669995307922 0.909542977809906 44.82902112676
4.82 0.064879298210144 0.401612013578415 0.915363013744354 0.915208995342255 44.9033916415377
4.84 0.0684579983353615 0.401275008916855 0.921043992042542 0.920877993106842 44.9818295339661
4.86 0.079102098941803 0.400370001792908 0.926702976226807 0.926542997360229 45.0724695593468
4.88 0.026782900094986 0.399295002222061 0.932340979576111 0.932197988033295 45.1031815049498
4.9 0.0303153991699219 0.400718986988068 0.937996983528137 0.937876999378204 45.1379027715956
4.92 -0.000808198994491249 0.399592012166977 0.94363397359848 0.943542003631592 45.1369841111522
4.94 -0.0112209999933839 0.396286994218826 0.949226021766663 0.949159026145935 45.1240921290938
4.96 -0.011128700338304 0.397477000951767 0.954834997653961 0.954792022705078 45.1113743168592
4.98 -0.0125372000038624 0.39520600438118 0.960413992404938 0.960390985012054 45.0969933535618
5 -0.0153772002086043 0.396270990371704 0.966009974479675 0.966004014015198 45.0793441447464
5.02 -0.0395511984825134 0.394033998250961 0.971576988697052 0.971581995487213 45.0340258396034
5.04 0.0198100991547108 0.397011011838913 0.977186977863312 0.977200984954834 45.0567703695395
5.06 -0.0121216000989079 0.394140005111694 0.982756018638611 0.982779026031494 45.0428470289165
5.08 -0.0232733003795147 0.39351698756218 0.988318026065826 0.988346993923187 45.0162058760588
5.1 -0.0515570007264614 0.343273013830185 0.993174016475677 0.993201017379761 44.957134985022
5.12 -0.0660568997263908 0.269086986780167 0.996985018253326 0.997000992298126 44.8813881871265
5.14 -0.0687350034713745 0.220014005899429 1.00010001659393 1.00010001659393 44.8026634267529
5.16 -0.10632299631834 0.182224005460739 1.00268995761871 1.00267004966736 44.6807957764869
5.18 -0.0524806007742882 0.139399006962776 1.00468003749847 1.00462996959686 44.6206935268854
5.2 -0.1007129997015 0.0979622974991798 1.00607001781464 1.00600004196167 44.5052428393446
5.22 -0.0712516978383064 0.0709614977240562 1.00708997249603 1.00699996948242 44.4235947580062
5.24 -0.0681808963418007 0.0454952009022236 1.00774002075195 1.0076299905777 44.3455017901309
5.26 -0.0638865008950233 0.0266881994903088 1.00811994075775 1.00801002979279 44.2722753320392
5.28 -0.00138531997799873 0.0129343997687101 1.00829994678497 1.00819003582001 44.2706736526788
5.3 0.00237814011052251 0.00693718018010259 1.00839996337891 1.00828003883362 44.2734228038197
5.32 0.0257901009172201 0.00228241994045675 1.0084400177002 1.00831997394562 44.3029872776421
5.34 0 0 1.0084400177002 1.00831997394562 44.3029872776421
5.36 0 0 1.0084400177002 1.00831997394562 44.3029872776421
5.38 0 0 1.0084400177002 1.00831997394562 44.3029872776421
5.4 0 0 1.0084400177002 1.00831997394562 44.3029872776421
5.42 0 0 1.0084400177002 1.00831997394562 44.3029872776421
5.44 0 0 1.0084400177002 1.00831997394562 44.3029872776421
5.46 0 0 1.0084400177002 1.00831997394562 44.3029872776421
5.48 0 0 1.0084400177002 1.00831997394562 44.3029872776421
5.5 0 0 1.0084400177002 1.00831997394562 44.3029872776421
5.52 0 0 1.0084400177002 1.00831997394562 44.3029872776421
5.54 0 0 1.0084400177002 1.00831997394562 44.3029872776421
5.56 0 0 1.0084400177002 1.00831997394562 44.3029872776421
5.58 0 0 1.0084400177002 1.00831997394562 44.3029872776421
5.6 0 0 1.0084400177002 1.00831997394562 44.3029872776421
5.62 0 0 1.0084400177002 1.00831997394562 44.3029872776421
5.64 0 0 1.0084400177002 1.00831997394562 44.3029872776421
5.66 0 0 1.0084400177002 1.00831997394562 44.3029872776421
5.68 0 0 1.0084400177002 1.00831997394562 44.3029872776421
5.7 0 0 1.0084400177002 1.00831997394562 44.3029872776421
5.72 0 0 1.0084400177002 1.00831997394562 44.3029872776421
5.74 0 0 1.0084400177002 1.00831997394562 44.3029872776421
5.76 0 0 1.0084400177002 1.00831997394562 44.3029872776421
5.78 0 0 1.0084400177002 1.00831997394562 44.3029872776421
5.8 0 0 1.0084400177002 1.00831997394562 44.3029872776421
5.82 0 0 1.0084400177002 1.00831997394562 44.3029872776421
5.84 0 0 1.0084400177002 1.00831997394562 44.3029872776421
5.86 0 0 1.0084400177002 1.00831997394562 44.3029872776421
5.88 0 0 1.0084400177002 1.00831997394562 44.3029872776421
5.9 0 0 1.0084400177002 1.00831997394562 44.3029872776421
5.92 0 0 1.0084400177002 1.00831997394562 44.3029872776421
5.94 0 0 1.0084400177002 1.00831997394562 44.3029872776421
5.96 0 0 1.0084400177002 1.00831997394562 44.3029872776421
5.98 0 0 1.0084400177002 1.00831997394562 44.3029872776421
6 0 0 1.0084400177002 1.00831997394562 44.3029872776421
6.02 0 0 1.0084400177002 1.00831997394562 44.3029872776421
6.04 0 0 1.0084400177002 1.00831997394562 44.3029872776421
6.06 0 0 1.0084400177002 1.00831997394562 44.3029872776421
6.08 0 0 1.0084400177002 1.00831997394562 44.3029872776421
6.1 0 0 1.0084400177002 1.00831997394562 44.3029872776421
6.12 0 0 1.0084400177002 1.00831997394562 44.3029872776421
6.14 0 0 1.0084400177002 1.00831997394562 44.3029872776421
6.16 0 0 1.0084400177002 1.00831997394562 44.3029872776421
6.18 0 0 1.0084400177002 1.00831997394562 44.3029872776421
6.2 0 0 1.0084400177002 1.00831997394562 44.3029872776421
6.22 0 0 1.0084400177002 1.00831997394562 44.3029872776421
6.24 0 0 1.0084400177002 1.00831997394562 44.3029872776421
6.26 0 0 1.0084400177002 1.00831997394562 44.3029872776421
6.28 0 0 1.0084400177002 1.00831997394562 44.3029872776421
6.3 0 0 1.0084400177002 1.00831997394562 44.3029872776421
6.32 0 0 1.0084400177002 1.00831997394562 44.3029872776421
6.34 0 0 1.0084400177002 1.00831997394562 44.3029872776421
6.36 0 0 1.0084400177002 1.00831997394562 44.3029872776421
6.38 0 0 1.0084400177002 1.00831997394562 44.3029872776421
6.4 0 0 1.0084400177002 1.00831997394562 44.3029872776421
6.42 0 0 1.0084400177002 1.00831997394562 44.3029872776421
6.44 0 0 1.0084400177002 1.00831997394562 44.3029872776421
6.46 0 0 1.0084400177002 1.00831997394562 44.3029872776421
6.48 0 0 1.0084400177002 1.00831997394562 44.3029872776421
6.5 0 0 1.0084400177002 1.00831997394562 44.3029872776421
6.52 0 0 1.0084400177002 1.00831997394562 44.3029872776421
6.54 0 0 1.0084400177002 1.00831997394562 44.3029872776421
6.56 0 0 1.0084400177002 1.00831997394562 44.3029872776421
6.58 0 0 1.0084400177002 1.00831997394562 44.3029872776421
6.6 0 0 1.0084400177002 1.00831997394562 44.3029872776421
6.62 0 0 1.0084400177002 1.00831997394562 44.3029872776421
6.64 0 0 1.0084400177002 1.00831997394562 44.3029872776421
6.66 0 0 1.0084400177002 1.00831997394562 44.3029872776421
6.68 0 0 1.0084400177002 1.00831997394562 44.3029872776421
6.7 0 0 1.0084400177002 1.00831997394562 44.3029872776421
6.72 0 0 1.0084400177002 1.00831997394562 44.3029872776421
6.74 0 0 1.0084400177002 1.00831997394562 44.3029872776421
6.76 0 0 1.0084400177002 1.00831997394562 44.3029872776421
6.78 0 0 1.0084400177002 1.00831997394562 44.3029872776421
6.8 0 0 1.0084400177002 1.00831997394562 44.3029872776421
6.82 0 0 1.0084400177002 1.00831997394562 44.3029872776421
6.84 0 0 1.0084400177002 1.00831997394562 44.3029872776421
6.86 0 0 1.0084400177002 1.00831997394562 44.3029872776421
6.88 0 0 1.0084400177002 1.00831997394562 44.3029872776421
6.9 0 0 1.0084400177002 1.00831997394562 44.3029872776421
6.92 0 0 1.0084400177002 1.00831997394562 44.3029872776421
6.94 0 0 1.0084400177002 1.00831997394562 44.3029872776421
6.96 0 0 1.0084400177002 1.00831997394562 44.3029872776421
6.98 0 0 1.0084400177002 1.00831997394562 44.3029872776421
7 0 0 1.0084400177002 1.00831997394562 44.3029872776421
7.02 0 0 1.0084400177002 1.00831997394562 44.3029872776421
7.04 0 0 1.0084400177002 1.00831997394562 44.3029872776421
7.06 0 0 1.0084400177002 1.00831997394562 44.3029872776421
7.08 0 0 1.0084400177002 1.00831997394562 44.3029872776421
7.1 0 0 1.0084400177002 1.00831997394562 44.3029872776421
7.12 0 0 1.0084400177002 1.00831997394562 44.3029872776421
7.14 0 0 1.0084400177002 1.00831997394562 44.3029872776421
7.16 0 0 1.0084400177002 1.00831997394562 44.3029872776421
7.18 0 0 1.0084400177002 1.00831997394562 44.3029872776421
7.2 0 0 1.0084400177002 1.00831997394562 44.3029872776421
7.22 0 0 1.0084400177002 1.00831997394562 44.3029872776421
7.24 0 0 1.0084400177002 1.00831997394562 44.3029872776421
7.26 0 0 1.0084400177002 1.00831997394562 44.3029872776421
7.28 0 0 1.0084400177002 1.00831997394562 44.3029872776421
7.3 0 0 1.0084400177002 1.00831997394562 44.3029872776421
7.32 0 0 1.0084400177002 1.00831997394562 44.3029872776421
7.34 0 0 1.0084400177002 1.00831997394562 44.3029872776421
7.36 0 0 1.0084400177002 1.00831997394562 44.3029872776421
7.38 0 0 1.0084400177002 1.00831997394562 44.3029872776421
7.4 0 0 1.0084400177002 1.00831997394562 44.3029872776421
7.42 0 0 1.0084400177002 1.00831997394562 44.3029872776421
7.44 0 0 1.0084400177002 1.00831997394562 44.3029872776421
7.46 0 0 1.0084400177002 1.00831997394562 44.3029872776421
7.48 0 0 1.0084400177002 1.00831997394562 44.3029872776421
7.5 0 0 1.0084400177002 1.00831997394562 44.3029872776421
7.52 0 0 1.0084400177002 1.00831997394562 44.3029872776421
7.54 0 0 1.0084400177002 1.00831997394562 44.3029872776421
7.56 0 0 1.0084400177002 1.00831997394562 44.3029872776421
7.58 0 0 1.0084400177002 1.00831997394562 44.3029872776421
7.6 0 0 1.0084400177002 1.00831997394562 44.3029872776421
7.62 0 0 1.0084400177002 1.00831997394562 44.3029872776421
7.64 0 0 1.0084400177002 1.00831997394562 44.3029872776421
7.66 0 0 1.0084400177002 1.00831997394562 44.3029872776421
7.68 0 0 1.0084400177002 1.00831997394562 44.3029872776421
7.7 0 0 1.0084400177002 1.00831997394562 44.3029872776421
7.72 0 0 1.0084400177002 1.00831997394562 44.3029872776421
7.74 0 0 1.0084400177002 1.00831997394562 44.3029872776421
7.76 0 0 1.0084400177002 1.00831997394562 44.3029872776421
7.78 0 0 1.0084400177002 1.00831997394562 44.3029872776421
7.8 0 0 1.0084400177002 1.00831997394562 44.3029872776421
7.82 0 0 1.0084400177002 1.00831997394562 44.3029872776421
7.84 0 0 1.0084400177002 1.00831997394562 44.3029872776421
7.86 0 0 1.0084400177002 1.00831997394562 44.3029872776421
7.88 0 0 1.0084400177002 1.00831997394562 44.3029872776421
7.9 0 0 1.0084400177002 1.00831997394562 44.3029872776421
7.92 0 0 1.0084400177002 1.00831997394562 44.3029872776421
7.94 0 0 1.0084400177002 1.00831997394562 44.3029872776421
7.96 0 0 1.0084400177002 1.00831997394562 44.3029872776421
7.98 0 0 1.0084400177002 1.00831997394562 44.3029872776421
8 0 0 1.0084400177002 1.00831997394562 44.3029872776421
8.02 0 0 1.0084400177002 1.00831997394562 44.3029872776421
8.04 0 0 1.0084400177002 1.00831997394562 44.3029872776421
8.06 0 0 1.0084400177002 1.00831997394562 44.3029872776421
8.08 0 0 1.0084400177002 1.00831997394562 44.3029872776421
8.1 0 0 1.0084400177002 1.00831997394562 44.3029872776421
8.12 0 0 1.0084400177002 1.00831997394562 44.3029872776421
8.14 0 0 1.0084400177002 1.00831997394562 44.3029872776421
8.16 0 0 1.0084400177002 1.00831997394562 44.3029872776421
8.18 0 0 1.0084400177002 1.00831997394562 44.3029872776421
