0 0 0 0 0
0.04 0 0 0 0
0.08 0 0 0 0
0.12 0 0 0 0
0.16 0 0 0 0
0.2 0 0 0 0
0.24 0 0 0 0
0.28 0 0 0 0
0.32 0 0 0 0
0.36 0 0 0 0
0.4 0 0 0 0
0.44 0 0 0 0
0.48 0 0 0 0
0.52 0 0 0 0
0.56 0 0 0 0
0.6 0 0 0 0
0.64 0 0 0 0
0.68 0 0 0 0
0.72 0 0 0 0
0.76 0 0 0 0
0.8 0 0 0 0
0.84 0 0 0 0
0.88 0 0 0 0
0.92 0 0 0 0
0.96 0 0 0 0
1 0 0 0 0
1.04 0 0 0 0
1.08 0 0 0 0
1.12 0 0 0 0
1.16 0 0 0 0
1.2 0 0 0 0
1.24 0 0 0 0
1.28 0 0 0 0
1.32 0 0 0 0
1.36 0 0 0 0
1.4 0 0 0 0
1.44 0 0 0 0
1.48 0 0 0 0
1.52 0 0 0 0
1.56 0 0 0 0
1.6 0 0 0 0
1.64 0 0 0 0
1.68 0 0 0 0
1.72 0 0 0 0
1.76 0 0 0 0
1.8 0 0 0 0
1.84 0 0 0 0
1.88 0 0 0 0
1.92 0 0 0 0
1.96 0 0 0 0
2 0 0 0 0
2.04 0 0 0 0
2.08 0 0 0 0
2.12 0 0 0 0
2.16 0 0 0 0
2.2 0 0 0 0
2.24 0 0 0 0
2.28 0 0 0 0
2.32 0 0 0 0
2.36 0 0 0 0
2.4 0 0 0 0
2.44 0 0 0 0
2.48 0 0 0 0
2.52 0 0 0 0
2.56 0 0 0 0
2.6 0 0 0 0
2.64 0 0 0 0
2.68 0 0 0 0
2.72 0 0 0 0
2.76 0 0 0 0
2.8 0 0 0 0
2.84 0 0 0 0
2.88 0 0 0 0
2.92 0 0 0 0
2.96 0 0 0 0
3 0 0 0 0
3.04 0 0 0 0
3.08 0 0 0 0
3.12 0 0 0 0
3.16 0 0 0 0
3.2 0 0 0 0
3.24 0 0 0 0
3.28 0 0 0 0
3.32 0 0 0 0
3.36 0 0 0 0
3.4 0 0 0 0
3.44 0 0 0 0
3.48 0 0 0 0
3.52 0 0 0 0
3.56 0 0 0 0
3.6 0 0 0 0
3.64 0 0 0 0
3.68 0 0 0 0
3.72 0 0 0 0
3.76 0 0 0 0
3.8 0 0 0 0
3.84 0 0 0 0
3.88 0 0 0 0
3.92 0 0 0 0
3.96 0 0 0 0
4 0 0 0 0
4.04 0 0 0 0
4.08 0 0 0 0
4.12 0 0 0 0
4.16 0 0 0 0
4.2 0 0 0 0
4.24 0 0 0 0
4.28 0 0 0 0
4.32 0 0 0 0
4.36 0 0 0 0
4.4 0 0 0 0
4.44 0 0 0 0
4.48 0 0 0 0
4.52 0 0 0 0
4.56 0 0 0 0
4.6 0 0 0 0
4.64 0 0 0 0
4.68 0 0 0 0
4.72 0 0 0 0
4.76 0 0 0 0
4.8 0 0 0 0
4.84 0 0 0 0
4.88 0 0 0 0
4.92 0 0 0 0
4.96 0 0 0 0
5 0 0 0 0
5.04 0 0 0 0
5.08 0 0 0 0
5.12 0 0 0 0
5.16 0 0 0 0
5.2 0 0 0 0
5.24 0 0 0 0
5.28 0 0 0 0
5.32 0 0 0 0
5.36 0 0 0 0
5.4 0 0 0 0
5.44 0 0 0 0
5.48 0 0 0 0
5.52 0 0 0 0
5.56 0 0 0 0
5.6 0 0 0 0
5.64 0 0 0 0
5.68 0 0 0 0
5.72 0 0 0 0
5.76 0 0 0 0
5.8 0 0 0 0
5.84 0 0 0 0
5.88 0 0 0 0
5.92 0 0 0 0
5.96 0 0 0 0
6 0 0 0 0
6.04 0 0 0 0
6.08 0 0 0 0
6.12 0 0 0 0
6.16 0 0 0 0
6.2 0 0 0 0
6.24 0 0 0 0
6.28 0 0 0 0
6.32 0 0 0 0
6.36 0 0 0 0
6.4 0 0 0 0
6.44 0 0 0 0
6.48 0 0 0 0
6.52 0 0 0 0
6.56 0 0 0 0
6.6 0 0 0 0
6.64 0 0 0 0
6.68 0 0 0 0
6.72 0 0 0 0
6.76 0 0 0 0
6.8 0 0 0 0
6.84 0 0 0 0
6.88 0 0 0 0
6.92 0 0 0 0
6.96 0 0 0 0
7 0 0 0 0
7.04 0 0 0 0
7.08 0 0 0 0
7.12 0 0 0 0
7.16 0 0 0 0
7.2 0 0 0 0
7.24 0 0 0 0
7.28 0 0 0 0
7.32 0 0 0 0
7.36 0 0 0 0
7.4 0 0 0 0
7.44 0 0 0 0
7.48 0 0 0 0
7.52 0 0 0 0
7.56 0 0 0 0
7.6 0 0 0 0
7.64 0 0 0 0
7.68 0 0 0 0
7.72 0 0 0 0
7.76 0 0 0 0
7.8 0 0 0 0
7.84 0 0 0 0
7.88 0 0 0 0
7.92 0 0 0 0
7.96 0 0 0 0
8 0 0 0 0
8.04 0 0 0 0
8.08 0 0 0 0
8.12 0 0 0 0
8.16 0 0 0 0
8.2 0 0 0 0
8.24 0 0 0 0
8.28 0 0 0 0
8.32 0 0 0 0
8.36 0 0 0 0
8.4 0 0 0 0
8.44 0 0 0 0
8.48 0 0 0 0
8.52 0 0 0 0
8.56 0 0 0 0
8.6 0 0 0 0
8.64 0 0 0 0
8.68 0 0 0 0
8.72 0 0 0 0
8.76 0 0 0 0
8.8 0 0 0 0
8.84 0 0 0 0
8.88 0 0 0 0
8.92 0 0 0 0
8.96 0 0 0 0
9 0 0 0 0
9.04 0 0 0 0
9.08 0 0 0 0
9.12 0 0 0 0
9.16 0 0 0 0
9.2 0 0 0 0
9.24 0 0 0 0
9.28 0 0 0 0
9.32 0 0 0 0
9.36 0 0 0 0
9.4 0 0 0 0
9.44 0 0 0 0
9.48 0 0 0 0
9.52 0 0 0 0
9.56 0 0 0 0
9.6 0 0 0 0
9.64 0 0 0 0
9.68 0 0 0 0
9.72 0 0 0 0
9.76 0 0 0 0
9.8 0 0 0 0
9.84 0 0 0 0
9.88 0 0 0 0
9.92 0 0 0 0
9.96 0 0 0 0
10 0 0 0 0
10.04 0 0 0 0
10.08 0 0 0 0
10.12 0 0 0 0
10.16 0 0 0 0
10.2 0 0 0 0
10.24 0 0 0 0
10.28 0 0 0 0
10.32 0 0 0 0
10.36 0 0 0 0
10.4 0 0 0 0
10.44 0 0 0 0
10.48 0 0 0 0
10.52 4.59999990463257 4.59999990463257 0 0
10.56 4.59999990463257 4.59999990463257 2.90636992454529 2.68641996383667
10.6 4.59999990463257 4.59999990463257 6.6287899017334 6.20861005783081
10.64 4.59999990463257 4.59999990463257 8.20757007598877 7.83706998825073
10.68 4.59999990463257 4.59999990463257 9.74783992767334 10.0411996841431
10.72 4.59999990463257 4.59999990463257 11.2173004150391 11.7048997879028
10.76 4.59999990463257 4.59999990463257 12.6883001327515 13.27649974823
10.8 4.59999990463257 4.59999990463257 13.9674997329712 14.3145999908447
10.84 4.59999990463257 4.59999990463257 15.4381999969482 15.7153997421265
10.88 4.59999990463257 4.59999990463257 16.5536003112793 16.7537002563477
10.92 4.59999990463257 4.59999990463257 17.0641994476318 17.1872997283936
10.96 4.59999990463257 4.59999990463257 17.4293994903564 17.6009998321533
11 4.59999990463257 4.59999990463257 18.4542999267578 18.4129009246826
11.04 4.59999990463257 4.59999990463257 18.8927001953125 18.9055995941162
11.08 4.59999990463257 4.59999990463257 18.9206008911133 19.2117004394531
11.12 4.59999990463257 4.59999990463257 19.5174007415771 19.6777000427246
11.16 4.59999990463257 4.59999990463257 19.8736991882324 20.0678997039795
11.2 4.59999990463257 4.59999990463257 19.953800201416 20.0823993682861
11.24 4.59999990463257 4.59999990463257 20.2080993652344 20.3521003723145
11.28 4.59999990463257 4.59999990463257 20.5573997497559 20.5986995697021
11.32 4.59999990463257 4.59999990463257 20.36669921875 20.5580997467041
11.36 4.59999990463257 4.59999990463257 20.6091003417969 20.8791999816895
11.4 4.59999990463257 4.59999990463257 20.6651992797852 21.0408992767334
11.44 4.59999990463257 4.59999990463257 20.9267997741699 21.0020008087158
11.48 4.59999990463257 4.59999990463257 20.9258995056152 21.1657009124756
11.52 4.59999990463257 4.59999990463257 20.9873008728027 21.2169990539551
11.56 4.59999990463257 4.59999990463257 21.0482997894287 21.1137008666992
11.6 4.59999990463257 4.59999990463257 21.1711006164551 21.210599899292
11.64 4.59999990463257 4.59999990463257 21.1285991668701 21.3806991577148
11.68 4.59999990463257 4.59999990463257 21.0282001495361 21.3691005706787
11.72 4.59999990463257 4.59999990463257 21.2113990783691 21.4368991851807
11.76 4.59999990463257 4.59999990463257 21.3395004272461 21.5158004760742
11.8 4.59999990463257 4.59999990463257 21.4113998413086 21.5361995697021
11.84 4.59999990463257 4.59999990463257 21.3271007537842 21.5142002105713
11.88 4.59999990463257 4.59999990463257 21.2716999053955 21.6081008911133
11.92 4.59999990463257 4.59999990463257 21.232400894165 21.4634990692139
11.96 4.59999990463257 4.59999990463257 21.2008991241455 21.7367000579834
12 4.59999990463257 4.59999990463257 21.2824001312256 21.6152000427246
12.04 4.59999990463257 4.59999990463257 21.5480995178223 21.7276992797852
12.08 4.59999990463257 4.59999990463257 21.3568000793457 21.6305999755859
12.12 4.59999990463257 4.59999990463257 21.3253993988037 21.5088005065918
12.16 4.59999990463257 4.59999990463257 21.3223991394043 21.5594997406006
12.2 4.59999990463257 4.59999990463257 21.3563003540039 21.6014995574951
12.24 4.59999990463257 4.59999990463257 21.4006004333496 21.5578994750977
12.28 4.59999990463257 4.59999990463257 21.3883991241455 21.7089996337891
12.32 4.59999990463257 4.59999990463257 21.4167995452881 21.7936992645264
12.36 4.59999990463257 4.59999990463257 21.4018993377686 21.6580009460449
12.4 4.59999990463257 4.59999990463257 21.486499786377 21.7350006103516
12.44 4.59999990463257 4.59999990463257 21.4869995117188 21.8171997070313
12.48 4.59999990463257 4.59999990463257 21.4894008636475 21.5757007598877
12.52 4.59999990463257 4.59999990463257 21.4048004150391 21.7779998779297
12.56 4.59999990463257 4.59999990463257 21.4181003570557 21.8549003601074
12.6 4.59999990463257 4.59999990463257 21.5487995147705 21.899299621582
12.64 4.59999990463257 4.59999990463257 21.6672992706299 21.8134002685547
12.68 4.59999990463257 4.59999990463257 21.5328998565674 21.755199432373
12.72 4.59999990463257 4.59999990463257 21.5561008453369 21.6550998687744
12.76 4.59999990463257 4.59999990463257 21.4396991729736 21.7182998657227
12.8 4.59999990463257 4.59999990463257 21.3675994873047 21.6916999816895
12.84 4.59999990463257 4.59999990463257 21.382999420166 21.6662998199463
12.88 4.59999990463257 4.59999990463257 21.5207996368408 21.7558002471924
12.92 4.59999990463257 4.59999990463257 21.4074993133545 21.6189994812012
12.96 4.59999990463257 4.59999990463257 21.4743003845215 21.5482997894287
13 4.59999990463257 4.59999990463257 21.5361003875732 21.5949001312256
13.04 4.59999990463257 4.59999990463257 21.3780002593994 21.5282001495361
13.08 4.59999990463257 4.59999990463257 21.2567005157471 21.5685997009277
13.12 4.59999990463257 4.59999990463257 21.3761005401611 21.5685997009277
13.16 4.59999990463257 4.59999990463257 21.4108009338379 21.5401992797852
13.2 4.59999990463257 4.59999990463257 21.5279998779297 21.6473007202148
13.24 4.59999990463257 4.59999990463257 21.464599609375 21.4808006286621
13.28 4.59999990463257 4.59999990463257 21.289400100708 21.3029003143311
13.32 4.59999990463257 4.59999990463257 21.2877998352051 21.3707008361816
13.36 4.59999990463257 4.59999990463257 21.3334999084473 21.3668994903564
13.4 4.59999990463257 4.59999990463257 21.4164009094238 21.4043998718262
13.44 4.59999990463257 4.59999990463257 21.3178997039795 21.5293998718262
13.48 4.59999990463257 4.59999990463257 21.4053993225098 21.4745998382568
13.52 4.59999990463257 4.59999990463257 21.4150009155273 21.3621997833252
13.56 4.59999990463257 4.59999990463257 21.3595008850098 21.4304008483887
13.6 4.59999990463257 4.59999990463257 21.4235000610352 21.4230995178223
13.64 4.59999990463257 4.59999990463257 21.3243999481201 21.3092994689941
13.68 4.59999990463257 4.59999990463257 21.3325004577637 21.4197006225586
13.72 4.59999990463257 4.59999990463257 21.3374004364014 21.5207004547119
13.76 4.59999990463257 4.59999990463257 21.3362998962402 21.4295997619629
13.8 4.59999990463257 4.59999990463257 21.4134998321533 21.4251003265381
13.84 4.59999990463257 4.59999990463257 21.3743000030518 21.3248996734619
13.88 4.59999990463257 4.59999990463257 21.3372001647949 21.3027992248535
13.92 4.59999990463257 4.59999990463257 21.4015998840332 21.3738994598389
13.96 4.59999990463257 4.59999990463257 21.2395000457764 21.3994998931885
14 4.59999990463257 4.59999990463257 21.2856998443604 21.4489994049072
14.04 4.59999990463257 4.59999990463257 21.4699993133545 21.5594997406006
14.08 4.59999990463257 4.59999990463257 21.5025005340576 21.4722995758057
14.12 4.59999990463257 4.59999990463257 21.4596004486084 21.5146999359131
14.16 4.59999990463257 4.59999990463257 21.5086002349854 21.6000995635986
14.2 4.59999990463257 4.59999990463257 21.5004005432129 21.4284000396729
14.24 4.59999990463257 4.59999990463257 21.414400100708 21.5995006561279
14.28 4.59999990463257 4.59999990463257 21.3953990936279 21.5170993804932
14.32 4.59999990463257 4.59999990463257 21.7173004150391 21.6063003540039
14.36 4.59999990463257 4.59999990463257 21.5331993103027 21.5627002716064
14.4 4.59999990463257 4.59999990463257 21.4601001739502 21.3985004425049
14.44 4.59999990463257 4.59999990463257 21.5198993682861 21.5002002716064
14.48 4.59999990463257 4.59999990463257 21.3887996673584 21.5114002227783
14.52 4.59999990463257 4.59999990463257 21.4197998046875 21.5757007598877
14.56 4.59999990463257 4.59999990463257 21.6539993286133 21.6075000762939
14.6 4.59999990463257 4.59999990463257 21.4843997955322 21.6270008087158
14.64 4.59999990463257 4.59999990463257 21.484899520874 21.5701007843018
14.68 4.59999990463257 4.59999990463257 21.6205005645752 21.6194000244141
14.72 4.59999990463257 4.59999990463257 21.524299621582 21.5510997772217
14.76 4.59999990463257 4.59999990463257 21.567699432373 21.5223999023438
14.8 4.59999990463257 4.59999990463257 21.4181003570557 21.6539993286133
14.84 4.59999990463257 4.59999990463257 21.4855003356934 21.5564994812012
14.88 4.59999990463257 4.59999990463257 21.4967994689941 21.5888996124268
14.92 4.59999990463257 4.59999990463257 21.547399520874 21.456600189209
14.96 4.59999990463257 4.59999990463257 21.4747009277344 21.4016990661621
15 4.59999990463257 4.59999990463257 21.50119972229 21.4787006378174
15.04 4.59999990463257 4.59999990463257 21.4095001220703 21.4144992828369
15.08 4.59999990463257 4.59999990463257 21.4918003082275 21.4293003082275
15.12 4.59999990463257 4.59999990463257 21.4923992156982 21.5426006317139
15.16 4.59999990463257 4.59999990463257 21.4622993469238 21.556999206543
15.2 4.59999990463257 4.59999990463257 21.540599822998 21.4251003265381
15.24 4.59999990463257 4.59999990463257 21.6294994354248 21.5436000823975
15.28 4.59999990463257 4.59999990463257 21.5711002349854 21.6189994812012
15.32 4.59999990463257 4.59999990463257 21.429500579834 21.4326000213623
15.36 4.59999990463257 4.59999990463257 21.4018993377686 21.6077003479004
15.4 4.59999990463257 4.59999990463257 21.55299949646 21.6473007202148
15.44 4.59999990463257 4.59999990463257 21.484899520874 21.5527000427246
15.48 4.59999990463257 4.59999990463257 21.5321998596191 21.4507007598877
15.52 4.59999990463257 4.59999990463257 21.4708003997803 21.3631992340088
15.56 4.59999990463257 4.59999990463257 21.3621997833252 21.2457008361816
15.6 4.59999990463257 4.59999990463257 21.3812999725342 21.2824001312256
15.64 4.59999990463257 4.59999990463257 21.4433994293213 21.3430004119873
15.68 4.59999990463257 4.59999990463257 21.3952007293701 21.3974990844727
15.72 4.59999990463257 4.59999990463257 21.4995002746582 21.4197006225586
15.76 4.59999990463257 4.59999990463257 21.4582004547119 21.3887996673584
15.8 4.59999990463257 4.59999990463257 21.5268993377686 21.4465007781982
15.84 4.59999990463257 4.59999990463257 21.5286998748779 21.3675003051758
15.88 4.59999990463257 4.59999990463257 21.4603004455566 21.3104991912842
15.92 4.59999990463257 4.59999990463257 21.443000793457 21.3271999359131
15.96 4.59999990463257 4.59999990463257 21.3665008544922 21.4027996063232
