0 0 0 0 0
0.02 0 0 0 0
0.04 0 0 0 0
0.06 0 0 0 0
0.08 0 0 0 0
0.1 0 0 0 0
0.12 0 0 0 0
0.14 0 0 0 0
0.16 0 0 0 0
0.18 0 0 0 0
0.2 0 0 0 0
0.22 0 0 0 0
0.24 0 0 0 0
0.26 0 0 0 0
0.28 0 0 0 0
0.3 0 0 0 0
0.32 0 0 0 0
0.34 0 0 0 0
0.36 0 0 0 0
0.38 0 0 0 0
0.4 0 0 0 0
0.42 0 0 0 0
0.44 0 0 0 0
0.46 0 0 0 0
0.48 0 0 0 0
0.5 0 0 0 0
0.52 0 0 0 0
0.54 0 0 0 0
0.56 0 0 0 0
0.58 0 0 0 0
0.6 0 0 0 0
0.62 0 0 0 0
0.64 0 0 0 0
0.66 0 0 0 0
0.68 0 0 0 0
0.7 0 0 0 0
0.72 0 0 0 0
0.74 0 0 0 0
0.76 0 0 0 0
0.78 0 0 0 0
0.8 0 0 0 0
0.82 0 0 0 0
0.84 0 0 0 0
0.86 0 0 0 0
0.88 0 0 0 0
0.9 0 0 0 0
0.92 0 0 0 0
0.94 0 0 0 0
0.96 0 0 0 0
0.98 0 0 0 0
1 0 0 0 0
1.02 0 0 0 0
1.04 0 0 0 0
1.06 0 0 0 0
1.08 0 0 0 0
1.1 0 0 0 0.407025992870331
1.12 0 0 0 0.47748601436615
1.14 0 0 0 0.223711997270584
1.16 0 0 0 -0.393521010875702
1.18 0 0 0 -0.351597011089325
1.2 0 0 0 -0.299690991640091
1.22 0 0 0 -0.195409998297691
1.24 0 0 0 -0.125653997063637
1.26 0 0 0 0
1.28 0 0 0 0
1.3 0 0 0 0
1.32 0 0 0 0
1.34 0 0 0 0
1.36 0 0 0 0
1.38 0 0 0 0
1.4 0 0 0 0
1.42 0 0 0 0
1.44 0 0 0.206213995814323 -0.268806010484695
1.46 0 0 0.182610005140305 -0.349249005317688
1.48 0 0 0.103812001645565 -0.341262996196747
1.5 0 0 0 -0.408670008182526
1.52 0 0 0 -0.209971994161606
1.54 0 0 0 -0.1389240026474
1.56 0 0 0.296755999326706 -0.106865003705025
1.58 0 0 0.447892993688583 -0.518706023693085
1.6 0 0 0.506022989749908 -0.811115980148315
1.62 0 0 0.342907011508942 -1.12559998035431
1.64 0 0 0.342907011508942 -1.12583994865417
1.66 0 0 0.27080300450325 -0.847756028175354
1.68 0 0 0.27080300450325 -0.612653017044067
1.7 0 0 0.173449993133545 -0.272563993930817
1.72 0 0 0 -0.162058994174004
1.74 0 0 0 0
1.76 0 0 0 0
1.78 0 0 0 0
1.8 0 0 0 0
1.82 0 0 0 0
1.84 0 0 0 0
1.86 0 0 0 0
1.88 0 0 0 0
1.9 0 0 0 0
1.92 0 0 0 0
1.94 0 0 0 0
1.96 0 0 0 0
1.98 0 0 0 0
2 0 0 0 0
2.02 0 0 0 0
2.04 0 0 0 0
2.06 0 0 0 0
2.08 0 0 0 0
2.1 0 0 0 0
2.12 0 0 0 0
2.14 0 0 0 0
2.16 0 0 0 0
2.18 0 0 0 0
2.2 0 0 0 0
2.22 0 0 0 0
2.24 0 0 0 0
2.26 0 0 0 0
2.28 0 0 0 0
2.3 0 0 0 0
2.32 0 0 0 0
2.34 0 0 0 0
2.36 0 0 0 0
2.38 0 0 0 0
2.4 0 0 0 0
2.42 0 0 0 0
2.44 0 0 0 0
2.46 0 0 0 0
2.48 0 0 0 0
2.5 0 0 0 0
2.52 0 0 0 0
2.54 0 0 0 0
2.56 0 0 0 0
2.58 0 0 0 0
2.6 0 0 0 0
2.62 0 0 0 0
2.64 0 0 0 0
2.66 0 0 0 0
2.68 0 0 0 0
2.7 0 0 0 0
2.72 0 0 0 0
2.74 0 0 0 0
2.76 0 0 0 0
2.78 0 0 0 0
2.8 0 0 0 0
2.82 0 0 0 0
2.84 0 0 0 0
2.86 0 0 0 0
2.88 0 0 0 0
2.9 0 0 0 0
2.92 0 0 0 0
2.94 0 0 0 0
2.96 0 0 0 0
2.98 0 0 0 0
3 0 0 0 0
3.02 0 0 0 0
3.04 0 0 0 0
3.06 0 0 0 0
3.08 0 0 0 0
3.1 0 0 0 0
3.12 0 0 0 0
3.14 0 0 0 0
3.16 0 0 0 0
3.18 0 0 0 0
3.2 0 0 0 0
3.22 0 0 0 0
3.24 0 0 0 0
3.26 0 0 0 0
3.28 0 0 0 0
3.3 0 0 0 0
3.32 0 0 0 0
3.34 0 0 0 0
3.36 0 0 0 0
3.38 0 0 0 0
3.4 0 0 0 0
3.42 0 0 0 0
3.44 0 0 0 0
3.46 0 0 0 0
3.48 0 0 0 0
3.5 0 0 0 0
3.52 0 0 0 0
3.54 0 0 0 0
3.56 0 0 0 0
3.58 0 0 0 0
3.6 0 0 0 0
3.62 0 0 0 0
3.64 0 0 0 0
3.66 0 0 0 0
3.68 0 0 0 0
3.7 0 0 0 0
3.72 0 0 0 0
3.74 0 0 0 0
3.76 0 0 0 0
3.78 0 0 0 0
3.8 0 0 0 0
3.82 0 0 0 0
3.84 0 0 0 0
3.86 0 0 0 0
3.88 0 0 0 0
3.9 0 0 0 0
3.92 0 0 0 0
3.94 0 0 0 0
3.96 0 0 0 0
3.98 0 0 0 0
4 0 0 0 0
4.02 0 0 0 0
4.04 0 0 0 0
4.06 0 0 0 0
4.08 0 0 0 0
4.1 0 0 0 0
4.12 0 0 0 0
4.14 0 0 0 0
4.16 0 0 0 0
4.18 0 0 0 0
4.2 0 0 0 0
4.22 0 0 0 0
4.24 0 0 0 0
4.26 0 0 0 0
4.28 0 0 0 0
4.3 0 0 0 0
4.32 0 0 0 0
4.34 0 0 0 0
4.36 0 0 0 0
4.38 0 0 0 0
4.4 0 0 0 0
4.42 0 0 0 0
4.44 0 0 0 0
4.46 0 0 0 0
4.48 0 0 0 0
4.5 0 0 0 0
4.52 0 0 0 0
4.54 0 0 0 0
4.56 0 0 0 0
4.58 0 0 0 0
4.6 0 0 0 0
4.62 0 0 0 0
4.64 0 0 0 0
4.66 0 0 0 0
4.68 0 0 0 0
4.7 0 0 0 0
4.72 0 0 0 0
4.74 0 0 0 0
4.76 0 0 0 0
4.78 0 0 0 0
4.8 0 0 0 0
4.82 0 0 0 0
4.84 0 0 0 0
4.86 0 0 0 0
4.88 0 0 0 0
4.9 0 0 0 0
4.92 0 0 0 0
4.94 0 0 0 0
4.96 0 0 0 0
4.98 0 0 0 0
5 0 0 0 0
5.02 0 0 0 0
5.04 0 0 0 0
5.06 0 0 0 0
5.08 0 0 0 0
5.1 0 0 0 0
5.12 0 0 0 0
5.14 0 0 0 0
5.16 0 0 0 0
5.18 0 0 0 0
5.2 0 0 0 0
5.22 0 0 0 0
5.24 0 0 0 0
5.26 0 0 0 0
5.28 0 0 0 0
5.3 0 0 0 0
5.32 0 0 0 0
5.34 4.59999990463257 4.59999990463257 0 0
5.36 4.59999990463257 4.59999990463257 1.87354004383087 2.71342992782593
5.38 4.59999990463257 4.59999990463257 7.81746006011963 9.14916038513184
5.4 4.59999990463257 4.59999990463257 9.47539043426514 10.760199546814
5.42 4.59999990463257 4.59999990463257 11.2953996658325 12.3994998931885
5.44 4.59999990463257 4.59999990463257 12.6479997634888 13.6113004684448
5.46 4.59999990463257 4.59999990463257 14.2617998123169 15.0964002609253
5.48 4.59999990463257 4.59999990463257 15.5114002227783 16.6956996917725
5.5 4.59999990463257 4.59999990463257 16.4736003875732 17.4615001678467
5.52 4.59999990463257 4.59999990463257 17.2089996337891 18.0468006134033
5.54 4.59999990463257 4.59999990463257 17.6952991485596 18.775899887085
5.56 4.59999990463257 4.59999990463257 18.5821990966797 19.6163997650146
5.58 4.59999990463257 4.59999990463257 18.8071994781494 19.9160995483398
5.6 4.59999990463257 4.59999990463257 19.128999710083 20.2219009399414
5.62 4.59999990463257 4.59999990463257 19.8588008880615 20.823600769043
5.64 4.59999990463257 4.59999990463257 20.1487007141113 20.9958000183105
5.66 4.59999990463257 4.59999990463257 20.1700000762939 21.055700302124
5.68 4.59999990463257 4.59999990463257 20.6604995727539 21.3990001678467
5.7 4.59999990463257 4.59999990463257 20.6366996765137 21.5545997619629
5.72 4.59999990463257 4.59999990463257 20.8253993988037 21.7593002319336
5.74 4.59999990463257 4.59999990463257 20.8763008117676 22.0361003875732
5.76 4.59999990463257 4.59999990463257 21.3211002349854 22.2490005493164
5.78 4.59999990463257 4.59999990463257 21.4477996826172 22.309700012207
5.8 4.59999990463257 4.59999990463257 21.3817005157471 22.3426990509033
5.82 4.59999990463257 4.59999990463257 21.4564990997314 22.4741992950439
5.84 4.59999990463257 4.59999990463257 21.5536003112793 22.6634998321533
5.86 4.59999990463257 4.59999990463257 21.6159000396729 22.8234004974365
5.88 4.59999990463257 4.59999990463257 21.6868000030518 22.7800006866455
5.9 4.59999990463257 4.59999990463257 21.6965999603271 22.7598991394043
5.92 4.59999990463257 4.59999990463257 21.8469009399414 22.762300491333
5.94 4.59999990463257 4.59999990463257 21.8745002746582 22.7933006286621
5.96 4.59999990463257 4.59999990463257 21.6455001831055 22.7928009033203
5.98 4.59999990463257 4.59999990463257 21.7877998352051 23.0193004608154
6 4.59999990463257 4.59999990463257 21.8211994171143 22.9246997833252
6.02 4.59999990463257 4.59999990463257 21.8288993835449 23.0226001739502
6.04 4.59999990463257 4.59999990463257 22.0198001861572 23.06130027771
6.06 4.59999990463257 4.59999990463257 21.8822994232178 23.0571002960205
6.08 4.59999990463257 4.59999990463257 21.9248008728027 22.8901996612549
6.1 4.59999990463257 4.59999990463257 22.0393009185791 23.0603008270264
6.12 4.59999990463257 4.59999990463257 21.7845001220703 23.073299407959
6.14 4.59999990463257 4.59999990463257 21.7959995269775 23.0445003509521
6.16 4.59999990463257 4.59999990463257 21.9505004882813 23.0603008270264
6.18 4.59999990463257 4.59999990463257 22.0527000427246 23.0396995544434
6.2 4.59999990463257 4.59999990463257 21.9153003692627 22.8866996765137
6.22 4.59999990463257 4.59999990463257 21.986499786377 23.0121994018555
6.24 4.59999990463257 4.59999990463257 21.9773998260498 22.976900100708
6.26 4.59999990463257 4.59999990463257 21.7576999664307 23.0144996643066
6.28 4.59999990463257 4.59999990463257 21.8843994140625 23.1875991821289
6.3 4.59999990463257 4.59999990463257 21.9733009338379 23.0328006744385
6.32 4.59999990463257 4.59999990463257 22.1159992218018 23.2465000152588
6.34 4.59999990463257 4.59999990463257 21.9549007415771 23.1541996002197
6.36 4.59999990463257 4.59999990463257 22.0393009185791 22.9871997833252
6.38 4.59999990463257 4.59999990463257 21.9414005279541 23.25119972229
6.4 4.59999990463257 4.59999990463257 21.888500213623 23.1105003356934
6.42 4.59999990463257 4.59999990463257 21.9678001403809 23.0573997497559
6.44 4.59999990463257 4.59999990463257 21.9284000396729 22.9023990631104
6.46 4.59999990463257 4.59999990463257 21.9325008392334 22.9857006072998
6.48 4.59999990463257 4.59999990463257 21.7616004943848 22.9304008483887
6.5 4.59999990463257 4.59999990463257 21.8862991333008 22.9993991851807
6.52 4.59999990463257 4.59999990463257 21.7854995727539 22.9237003326416
6.54 4.59999990463257 4.59999990463257 21.6002998352051 22.9997997283936
6.56 4.59999990463257 4.59999990463257 21.8505992889404 23.0226001739502
6.58 4.59999990463257 4.59999990463257 21.8134002685547 22.9109001159668
6.6 4.59999990463257 4.59999990463257 21.7684001922607 22.8721008300781
6.62 4.59999990463257 4.59999990463257 21.7187004089355 22.9269008636475
6.64 4.59999990463257 4.59999990463257 21.4955005645752 22.7887992858887
6.66 4.59999990463257 4.59999990463257 21.577299118042 22.8120002746582
6.68 4.59999990463257 4.59999990463257 21.7586994171143 22.8092994689941
6.7 4.59999990463257 4.59999990463257 21.8202991485596 22.7530994415283
6.72 4.59999990463257 4.59999990463257 21.9284000396729 22.8994007110596
6.74 4.59999990463257 4.59999990463257 21.8190994262695 22.9174003601074
6.76 4.59999990463257 4.59999990463257 21.5905990600586 22.8983993530273
6.78 4.59999990463257 4.59999990463257 21.6944999694824 22.9235992431641
6.8 4.59999990463257 4.59999990463257 21.6383991241455 22.9384002685547
6.82 4.59999990463257 4.59999990463257 21.7761993408203 22.9580993652344
6.84 4.59999990463257 4.59999990463257 21.9820995330811 22.9592990875244
6.86 4.59999990463257 4.59999990463257 21.7996006011963 22.9006996154785
6.88 4.59999990463257 4.59999990463257 21.654899597168 22.9405994415283
6.9 4.59999990463257 4.59999990463257 21.6746997833252 22.9181003570557
6.92 4.59999990463257 4.59999990463257 21.7036991119385 22.8083000183105
6.94 4.59999990463257 4.59999990463257 21.7094993591309 22.7982997894287
6.96 4.59999990463257 4.59999990463257 21.8299999237061 22.762300491333
6.98 4.59999990463257 4.59999990463257 21.7982006072998 22.7966995239258
7 4.59999990463257 4.59999990463257 21.8299999237061 22.8323993682861
7.02 4.59999990463257 4.59999990463257 21.6672992706299 22.8309993743896
7.04 4.59999990463257 4.59999990463257 21.6856994628906 22.9087009429932
7.06 4.59999990463257 4.59999990463257 21.6630001068115 22.8684997558594
7.08 4.59999990463257 4.59999990463257 21.6215991973877 22.8962993621826
7.1 4.59999990463257 4.59999990463257 21.7369003295898 22.9365005493164
7.12 4.59999990463257 4.59999990463257 21.9041004180908 22.8743991851807
7.14 4.59999990463257 4.59999990463257 21.672700881958 22.9659996032715
7.16 4.59999990463257 4.59999990463257 21.7791004180908 22.8106994628906
7.18 4.59999990463257 4.59999990463257 21.6138000488281 22.6945991516113
7.2 4.59999990463257 4.59999990463257 21.8444004058838 22.8535995483398
7.22 4.59999990463257 4.59999990463257 21.8299999237061 22.8313999176025
7.24 4.59999990463257 4.59999990463257 21.7761993408203 22.8722991943359
7.26 4.59999990463257 4.59999990463257 21.8920001983643 23.0513000488281
7.28 4.59999990463257 4.59999990463257 21.7131996154785 22.9384002685547
7.3 4.59999990463257 4.59999990463257 21.7229995727539 22.9764003753662
7.32 4.59999990463257 4.59999990463257 21.7553005218506 23.0690994262695
7.34 4.59999990463257 4.59999990463257 21.8278007507324 22.8523006439209
7.36 4.59999990463257 4.59999990463257 21.7329998016357 23.0874996185303
7.38 4.59999990463257 4.59999990463257 21.8349990844727 22.8812007904053
7.4 4.59999990463257 4.59999990463257 21.5741004943848 22.8141002655029
7.42 4.59999990463257 4.59999990463257 21.5860004425049 22.7588005065918
7.44 4.59999990463257 4.59999990463257 21.6541996002197 22.6166000366211
7.46 4.59999990463257 4.59999990463257 21.5797004699707 22.6422996520996
7.48 4.59999990463257 4.59999990463257 21.5926990509033 22.6422996520996
7.5 4.59999990463257 4.59999990463257 21.5594997406006 22.6410999298096
7.52 4.59999990463257 4.59999990463257 21.6737003326416 22.7656993865967
7.54 4.59999990463257 4.59999990463257 21.4652996063232 22.7099990844727
7.56 4.59999990463257 4.59999990463257 21.5492000579834 22.6219005584717
7.58 4.59999990463257 4.59999990463257 21.5287990570068 22.7462005615234
7.6 4.59999990463257 4.59999990463257 21.5785999298096 22.6688995361328
7.62 4.59999990463257 4.59999990463257 21.4778003692627 22.7152004241943
7.64 4.59999990463257 4.59999990463257 21.6399993896484 22.785400390625
7.66 4.59999990463257 4.59999990463257 21.6944007873535 22.7255992889404
7.68 4.59999990463257 4.59999990463257 21.638599395752 22.7957000732422
7.7 4.59999990463257 4.59999990463257 21.6865005493164 22.6448001861572
7.72 4.59999990463257 4.59999990463257 21.57200050354 22.5370998382568
7.74 4.59999990463257 4.59999990463257 21.4859008789063 22.6207008361816
7.76 4.59999990463257 4.59999990463257 21.6315994262695 22.6002998352051
7.78 4.59999990463257 4.59999990463257 21.6615009307861 22.6422996520996
7.8 4.59999990463257 4.59999990463257 21.7898998260498 22.794900894165
7.82 4.59999990463257 4.59999990463257 21.6636009216309 22.69700050354
7.84 4.59999990463257 4.59999990463257 21.6802005767822 22.7553997039795
7.86 4.59999990463257 4.59999990463257 21.5935001373291 22.6207008361816
7.88 4.59999990463257 4.59999990463257 21.577299118042 22.6177005767822
7.9 4.59999990463257 4.59999990463257 21.6944007873535 22.7646007537842
7.92 4.59999990463257 4.59999990463257 21.6298007965088 22.7800006866455
7.94 4.59999990463257 4.59999990463257 21.8311004638672 22.6422996520996
7.96 4.59999990463257 4.59999990463257 21.6434001922607 22.7038993835449
7.98 4.59999990463257 4.59999990463257 21.5718994140625 22.4540004730225
