0 0 0 -0.0500000007450581 0 90.000207410181
0.02 0 0 -0.0500000007450581 0 90.000207410181
0.04 0 0 -0.0500000007450581 0 90.000207410181
0.06 0 0 -0.0500000007450581 0 90.000207410181
0.08 0 0 -0.0500000007450581 0 90.000207410181
0.1 0 0 -0.0500000007450581 0 90.000207410181
0.12 0 0 -0.0500000007450581 0 90.000207410181
0.14 0 0 -0.0500000007450581 0 90.000207410181
0.16 0 0 -0.0500000007450581 0 90.000207410181
0.18 0 0 -0.0500000007450581 0 90.000207410181
0.2 0 0 -0.0500000007450581 0 90.000207410181
0.22 0 0 -0.0500000007450581 0 90.000207410181
0.24 0 0 -0.0500000007450581 0 90.000207410181
0.26 0 0 -0.0500000007450581 0 90.000207410181
0.28 0 0 -0.0500000007450581 0 90.000207410181
0.3 0 0 -0.0500000007450581 0 90.000207410181
0.32 0 0 -0.0500000007450581 0 90.000207410181
0.34 0 0 -0.0500000007450581 0 90.000207410181
0.36 0 0 -0.0500000007450581 0 90.000207410181
0.38 0 0 -0.0500000007450581 0 90.000207410181
0.4 0 0 -0.0500000007450581 0 90.000207410181
0.42 0 0 -0.0500000007450581 0 90.000207410181
0.44 0 0 -0.0500000007450581 0 90.000207410181
0.46 0 0 -0.0500000007450581 0 90.000207410181
0.48 0 0 -0.0500000007450581 0 90.000207410181
0.5 0 0 -0.0500000007450581 0 90.000207410181
0.52 0 0 -0.0500000007450581 0 90.000207410181
0.54 0 0 -0.0500000007450581 0 90.000207410181
0.56 0 0 -0.0500000007450581 0 90.000207410181
0.58 0 0 -0.0500000007450581 0 90.000207410181
0.6 0 0 -0.0500000007450581 0 90.000207410181
0.62 0 0 -0.0500000007450581 0 90.000207410181
0.64 0 0 -0.0500000007450581 0 90.000207410181
0.66 0 0 -0.0500000007450581 0 90.000207410181
0.68 0 0 -0.0500000007450581 0 90.000207410181
0.7 0 0 -0.0500000007450581 0 90.000207410181
0.72 0 0 -0.0500000007450581 0 90.000207410181
0.74 0 0 -0.0500000007450581 0 90.000207410181
0.76 0 0 -0.0500000007450581 0 90.000207410181
0.78 0 0 -0.0500000007450581 0 90.000207410181
0.8 0 0 -0.0500000007450581 0 90.000207410181
0.82 0 0 -0.0500000007450581 0 90.000207410181
0.84 0 0 -0.0500000007450581 0 90.000207410181
0.86 0 0 -0.0500000007450581 0 90.000207410181
0.88 0 0 -0.0500000007450581 0 90.000207410181
0.9 0 0 -0.0500000007450581 0 90.000207410181
0.92 0 0 -0.0500000007450581 0 90.000207410181
0.94 0 0 -0.0500000007450581 0 90.000207410181
0.96 0 0 -0.0500000007450581 0 90.000207410181
0.98 0 0 -0.0500000007450581 0 90.000207410181
1 0 0 -0.0500000007450581 0 90.000207410181
1.02 0 0 -0.0500000007450581 0 90.000207410181
1.04 0 0 -0.0500000007450581 0 90.000207410181
1.06 0 0 -0.0500000007450581 0 90.000207410181
1.08 0 0 -0.0500000007450581 0 90.000207410181
1.1 0 0 -0.0500000007450581 0 90.000207410181
1.12 0 0 -0.0500000007450581 0 90.000207410181
1.14 0 0 -0.0500000007450581 0 90.000207410181
1.16 -1.35046005249023 0.0000735633002477698 -0.0500000007450581 1.4711299627379E-6 88.4526504687958
1.18 -3.55048990249634 0.0157951004803181 -0.0499802008271217 0.000316755991661921 84.3840775349472
1.2 -3.62252998352051 0.0210382994264364 -0.0499239005148411 0.000733737018890679 80.2329959159248
1.22 -1.70890998840332 0.0606118999421597 -0.0496978983283043 0.00192472001072019 78.2746304167198
1.24 -1.10459005832672 0.160319000482559 -0.0490115992724895 0.00505679985508323 77.0089622125702
1.26 -2.13567996025085 0.19666600227356 -0.0480457991361618 0.00886970013380051 74.5612887914145
1.28 -1.66428005695343 0.22078800201416 -0.0467996001243591 0.0131059996783733 72.6544843902539
1.3 -0.699311017990112 0.264034003019333 -0.0451900996267796 0.0181354004889727 71.8529207100176
1.32 -0.499823987483978 0.290430009365082 -0.0433534011244774 0.0236459001898766 71.2799634613018
1.34 -0.615590989589691 0.301209986209869 -0.0413849018514156 0.0293393991887569 70.5746508068494
1.36 -0.662346005439758 0.309127986431122 -0.0392901003360748 0.0351562984287739 69.8160558466817
1.38 -0.39105299115181 0.321388006210327 -0.037048701196909 0.0411805994808674 69.3680022673179
1.4 -0.144604995846748 0.32693800330162 -0.0347357988357544 0.0472966991364956 69.2018442553789
1.42 -0.0533117987215519 0.329611003398895 -0.0323918014764786 0.0534580983221531 69.1411102132791
1.44 -0.0972497016191483 0.337235003709793 -0.0299840997904539 0.059758398681879 69.029381978836
1.46 -0.0504950992763042 0.345025986433029 -0.0275111999362707 0.0662005990743637 68.9715166161877
1.48 0.00969719979912043 0.337774008512497 -0.0250877998769283 0.0725063979625702 68.9829708434258
1.5 0.0744379982352257 0.342866003513336 -0.0226332005113363 0.0789093971252441 69.0677676419715
1.52 0.0485094003379345 0.348663002252579 -0.0201450996100903 0.0854236036539078 69.1233448912479
1.54 0.0593378990888596 0.346336007118225 -0.0176806002855301 0.0918971002101898 69.1915306697322
1.56 0.0492019988596439 0.348127990961075 -0.0152104003354907 0.0984067022800446 69.2482553907892
1.58 0.0494562014937401 0.35471299290657 -0.012699999846518 0.10504200309515 69.3043995457667
1.6 0.0124677997082472 0.348652988672256 -0.0102364998310804 0.111565001308918 69.3187292826454
1.62 -0.00699579995125532 0.345683991909027 -0.00779438996687531 0.11803299933672 69.3107038103706
1.64 -0.0356720015406609 0.34723299741745 -0.00533855985850096 0.124528996646404 69.270023203674
1.66 -0.0333631001412869 0.348724007606506 -0.00286767003126442 0.131051003932953 69.2316375405385
1.68 -0.0695201009511948 0.342597991228104 -0.000433590990724042 0.137455999851227 69.1519975348161
1.7 -0.164875999093056 0.342153012752533 0.00201231008395553 0.14384800195694 68.9634911439129
1.72 -0.182170003652573 0.346020996570587 0.00450826995074749 0.150301992893219 68.7543644119054
1.74 -0.190759003162384 0.344938009977341 0.00702039990574121 0.156727001070976 68.5360647358425
1.76 -0.257023990154266 0.339237004518509 0.00951927993446589 0.163035005331039 68.241567469399
1.78 -0.261595010757446 0.339567989110947 0.0120532996952534 0.169336006045341 67.9413328440527
1.8 -0.325551003217697 0.338178992271423 0.0146137997508049 0.175595998764038 67.5683430436673
1.82 -0.327190011739731 0.340104997158051 0.017229899764061 0.181875005364418 67.193625205422
1.84 -0.367711007595062 0.336073994636536 0.0198580008000135 0.188060998916626 66.7725030619555
1.86 -0.399850010871887 0.337704986333847 0.0225464999675751 0.194257006049156 66.314135896945
1.88 -0.398303002119064 0.338438004255295 0.0252903997898102 0.200444996356964 65.8574899396053
1.9 -0.446859002113342 0.332305997610092 0.0280357003211975 0.206497997045517 65.3458336386903
1.92 -0.485509008169174 0.325002998113632 0.0307759009301662 0.212392002344131 64.7894942402251
1.94 -0.497653990983963 0.3316969871521 0.0336313992738724 0.218380004167557 64.2188319350704
1.96 -0.496315002441406 0.331218987703323 0.0365420989692211 0.224329993128777 63.6504577432876
1.98 -0.504673004150391 0.329964011907578 0.0395010001957417 0.230229005217552 63.0717699658581
2 -0.550249993801117 0.324178010225296 0.042468998581171 0.23599399626255 62.441514260195
2.02 -0.551011979579926 0.324494004249573 0.0455032996833324 0.241730004549026 61.8101110827513
2.04 -0.516864001750946 0.32616800069809 0.0486145988106728 0.247464001178741 61.2176741345225
2.06 -0.609148979187012 0.324858009815216 0.0517775006592274 0.253138989210129 60.5198132164546
2.08 -0.621109008789063 0.319912999868393 0.0549607016146183 0.258689999580383 59.8076293916972
2.1 -0.543853998184204 0.324665993452072 0.0582567006349564 0.264284014701843 59.1848185922293
2.12 -0.604808986186981 0.32743701338768 0.0616453997790813 0.269888013601303 58.4915407310945
2.14 -0.655119001865387 0.322216004133224 0.0650492981076241 0.275359988212585 57.7409644130124
2.16 -0.641173005104065 0.32370799779892 0.0685399025678635 0.280813008546829 57.0062068130481
2.18 -0.592687010765076 0.325542986392975 0.0721175968647003 0.286251991987228 56.3270230472655
2.2 -0.622448980808258 0.328258007764816 0.0757917016744614 0.29169300198555 55.6137463922409
2.22 -0.637017011642456 0.323614001274109 0.0794809013605118 0.297010987997055 54.8838006605468
2.24 -0.632283985614777 0.328904002904892 0.0832988023757935 0.302367985248566 54.1592371179187
2.26 -0.663985013961792 0.327051013708115 0.0871639996767044 0.307644993066788 53.3983472141899
2.28 -0.614367008209229 0.324207991361618 0.0910620018839836 0.312826007604599 52.6943562013419
2.3 -0.59772002696991 0.332432985305786 0.0951230973005295 0.318091005086899 52.0093838502378
2.32 -0.642767012119293 0.331290006637573 0.0992349982261658 0.32328599691391 51.2728469859946
2.34 -0.63186901807785 0.323455989360809 0.103313997387886 0.328307002782822 50.5487991226489
2.36 -0.671811997890472 0.324932008981705 0.107477001845837 0.33329701423645 49.7789172748777
2.38 -0.647222995758057 0.328786998987198 0.11175599694252 0.338290989398956 49.0372816744191
2.4 -0.59765100479126 0.325724005699158 0.116056002676487 0.343183994293213 48.3524254365309
2.42 -0.678900003433228 0.327838987112045 0.120445996522903 0.348053991794586 47.5744634749717
2.44 -0.666571021080017 0.332219988107681 0.124961003661156 0.352928996086121 46.8106502502781
2.46 -0.635378003120422 0.33228799700737 0.129539996385574 0.357744991779327 46.0825384243761
2.48 -0.666270971298218 0.325969994068146 0.134093001484871 0.362410992383957 45.3190701242356
2.5 -0.681671023368835 0.327320009469986 0.138727992773056 0.367033988237381 44.537901388861
2.52 -0.624225974082947 0.333826005458832 0.143516004085541 0.371686995029449 43.822620073315
2.54 -0.627851009368896 0.332892000675201 0.14834900200367 0.376266986131668 43.1031552669023
2.56 -0.668603003025055 0.325300991535187 0.153128996491432 0.38068100810051 42.3369412307154
2.58 -0.655327022075653 0.328837990760803 0.158019006252289 0.385078996419907 41.5860199880803
2.6 -0.621200978755951 0.334879010915756 0.163056001067162 0.389492988586426 40.8741776727813
2.62 -0.59993702173233 0.332931011915207 0.168117001652718 0.393819987773895 40.186688396968
2.64 -0.685642004013062 0.3281210064888 0.173159003257751 0.398019999265671 39.4009912461737
2.66 -0.673704981803894 0.330803990364075 0.178299993276596 0.402184993028641 38.6289852095707
2.68 -0.628197014331818 0.335999995470047 0.183576002717018 0.406347006559372 37.9091208370916
2.7 -0.634916007518768 0.333737999200821 0.188868001103401 0.41041499376297 37.1815793319853
2.72 -0.64842301607132 0.333458006381989 0.19420799612999 0.414411008358002 36.4385128068957
2.74 -0.648562014102936 0.333777010440826 0.199604004621506 0.418341010808945 35.6953267534955
2.76 -0.682825028896332 0.32711198925972 0.204943001270294 0.422122001647949 34.9128978482191
2.78 -0.643504977226257 0.330861002206802 0.210392996668816 0.425873994827271 34.1755003801405
2.8 -0.633924007415771 0.336755990982056 0.215988993644714 0.429621994495392 33.4490482902069
2.82 -0.614714026451111 0.334950000047684 0.221600994467735 0.433279991149902 32.7446508811033
2.84 -0.690629005432129 0.330229997634888 0.227181002497673 0.43681401014328 31.9532266166899
2.86 -0.683888018131256 0.33475399017334 0.232886001467705 0.440317988395691 31.1695921830249
2.88 -0.63992702960968 0.335734993219376 0.238653004169464 0.443756014108658 30.4362620925971
2.9 -0.640664994716644 0.335963994264603 0.244468003511429 0.447122991085052 29.7021328700364
2.92 -0.66541600227356 0.33458200097084 0.250301986932755 0.450399994850159 28.9395832303392
2.94 -0.66142201423645 0.334208011627197 0.256173014640808 0.453595995903015 28.1816747041831
2.96 -0.653825998306274 0.332432985305786 0.262053996324539 0.4566969871521 27.4324166126108
2.98 -0.683125019073486 0.339442998170853 0.268101006746292 0.459784001111984 26.6496427827813
3 -0.64990097284317 0.340050011873245 0.27419900894165 0.462794005870819 25.9049113990814
3.02 -0.631637990474701 0.335519999265671 0.280254006385803 0.465687990188599 25.1810940546201
3.04 -0.632445991039276 0.340254992246628 0.28643000125885 0.468544006347656 24.4563597572628
3.06 -0.671811997890472 0.338438004255295 0.292609989643097 0.471305012702942 23.6865342585523
3.08 -0.649092972278595 0.338568985462189 0.298828989267349 0.473984986543655 22.9427198277485
3.1 -0.673704981803894 0.333292990922928 0.304984986782074 0.476541996002197 22.1707172062401
3.12 -0.593980014324188 0.337987005710602 0.311260014772415 0.479056000709534 21.4900427516712
3.14 -0.645098984241486 0.343266993761063 0.317663997411728 0.481530010700226 20.7508130853478
3.16 -0.651516973972321 0.336434006690979 0.323971003293991 0.483873009681702 20.0042477958558
3.18 -0.667747974395752 0.333456009626389 0.330253005027771 0.486111998558044 19.2390634106863
3.2 -0.627713024616241 0.339982986450195 0.336686998605728 0.488312005996704 18.5197727740974
3.22 -0.683726012706757 0.339610993862152 0.343142002820969 0.490426003932953 17.7362527461011
3.24 -0.693907976150513 0.335718005895615 0.349550992250443 0.492426991462708 16.9411009059482
3.26 -0.660983979701996 0.336928009986877 0.356009989976883 0.494347989559174 16.1836517100137
3.28 -0.630482971668243 0.339765995740891 0.362547993659973 0.496199995279312 15.4612089411229
3.3 -0.657773971557617 0.338090986013412 0.369076997041702 0.49796000123024 14.7074258492255
3.32 -0.695892989635468 0.337141007184982 0.375611007213593 0.499626994132996 13.909982480606
3.34 -0.670033991336823 0.338620007038116 0.382194995880127 0.501210987567902 13.1422196990249
3.36 -0.621756017208099 0.341057986021042 0.38884699344635 0.50271999835968 12.4297464450014
3.38 -0.660567998886108 0.337119996547699 0.395440995693207 0.504127979278564 11.6727548717413
3.4 -0.652602016925812 0.339410990476608 0.402098000049591 0.505457997322083 10.9249302661211
3.42 -0.670265018939972 0.340079009532928 0.408784985542297 0.50670200586319 10.1568797628211
3.44 -0.649138987064362 0.341376006603241 0.415513008832932 0.507861971855164 9.4130089829567
3.46 -0.64436000585556 0.337173014879227 0.422172009944916 0.508921980857849 8.67463821292141
3.48 -0.638103008270264 0.340535014867783 0.42891201376915 0.509907007217407 7.94342975000453
3.5 -0.641358017921448 0.341251999139786 0.435676991939545 0.510806977748871 7.20849627266906
3.52 -0.678668975830078 0.342240989208221 0.442472994327545 0.511618971824646 6.4307635493338
3.54 -0.664655029773712 0.340907007455826 0.449254006147385 0.512337982654572 5.66914793800566
3.56 -0.63579398393631 0.341138988733292 0.456046998500824 0.512969017028809 4.94058062386346
3.58 -0.666248023509979 0.33660501241684 0.462758004665375 0.513504028320313 4.17712000768577
3.6 -0.681693971157074 0.333669006824493 0.469417005777359 0.5139439702034 3.39595532773599
3.62 -0.694854974746704 0.339709013700485 0.476202011108398 0.514299988746643 2.59971001698564
3.64 -0.647638022899628 0.339740008115768 0.482991009950638 0.514563977718353 1.85756919597192
3.66 -0.631798982620239 0.33932700753212 0.489775985479355 0.514741003513336 1.13358557909303
3.68 -0.667033016681671 0.340957999229431 0.4965940117836 0.514831006526947 0.369219722726478
3.7 -0.658559024333954 0.340844988822937 0.503410995006561 0.514829993247986 -0.385433284475198
3.72 -0.654772996902466 0.333330005407333 0.510076999664307 0.514741003513336 -1.13574562641805
3.74 -0.686034977436066 0.336636006832123 0.516807019710541 0.514560997486115 -1.92188375130066
3.76 -0.63925701379776 0.344469994306564 0.52369099855423 0.514285981655121 -2.65442175322816
3.78 -0.660637021064758 0.34111100435257 0.530503988265991 0.513925015926361 -3.41145366729299
3.8 -0.666894018650055 0.337051004171371 0.537230014801025 0.513478994369507 -4.17565920097703
3.82 -0.654749989509583 0.3439120054245 0.544086992740631 0.512934029102325 -4.92594737045353
3.84 -0.664354026317596 0.341771006584167 0.550893008708954 0.512301027774811 -5.68724196289067
3.86 -0.63385397195816 0.340894013643265 0.55767297744751 0.511582970619202 -6.41357495140063
3.88 -0.672459006309509 0.343398988246918 0.564491987228394 0.51077002286911 -7.18414579450431
3.9 -0.678254008293152 0.341080009937286 0.571254014968872 0.509871006011963 -7.96136326544405
3.92 -0.661837995052338 0.336636006832123 0.577916026115417 0.508894026279449 -8.7197874708825
3.94 -0.645676016807556 0.342687994241714 0.584684014320374 0.507811009883881 -9.4597052787648
3.96 -0.691413998603821 0.342907011508942 0.591440975666046 0.50663697719574 -10.2519910007872
3.98 -0.653711020946503 0.340249001979828 0.598128974437714 0.505383014678955 -11.0010757763093
4 -0.680979013442993 0.340018004179001 0.604794979095459 0.504038989543915 -11.7814445257774
4.02 -0.664424002170563 0.341814011335373 0.611477971076965 0.502599000930786 -12.542791198407
4.04 -0.671326994895935 0.341775000095367 0.618139982223511 0.501070022583008 -13.3121010178351
4.06 -0.651193976402283 0.342404007911682 0.624794006347656 0.499449998140335 -14.0583213827741
4.08 -0.665693998336792 0.344321012496948 0.63146299123764 0.497732996940613 -14.8211570366427
4.1 -0.697763979434967 0.343616008758545 0.638094007968903 0.49592798948288 -15.6207194714521
4.12 -0.651956021785736 0.341277986764908 0.644654989242554 0.494047999382019 -16.3678004402265
4.14 -0.633508026599884 0.343192994594574 0.651229023933411 0.492071986198425 -17.0937368508778
4.16 -0.66068297624588 0.347873985767365 0.657864987850189 0.48998299241066 -17.8508445373537
4.18 -0.659829020500183 0.341897010803223 0.664359986782074 0.487843990325928 -18.6069191577177
4.2 -0.650340020656586 0.339451998472214 0.670780003070831 0.485635995864868 -19.3521645131526
4.22 -0.637341022491455 0.34400600194931 0.677257001399994 0.483314990997314 -20.082514933555
4.24 -0.694900989532471 0.340878009796143 0.683642983436584 0.480928987264633 -20.8788108303939
4.26 -0.666270971298218 0.338299006223679 0.689948976039886 0.478475987911224 -21.6422774229871
4.28 -0.656135022640228 0.343459010124207 0.6963170170784 0.475899994373322 -22.3941702600317
4.3 -0.6649090051651 0.344745993614197 0.702673971652985 0.473230987787247 -23.1560898147779
4.32 -0.682224988937378 0.34212601184845 0.708947002887726 0.470497995615005 -23.9378903426507
4.34 -0.642951011657715 0.343607991933823 0.715210020542145 0.467669010162354 -24.6746560182311
4.36 -0.681070983409882 0.342440992593765 0.721414029598236 0.46476799249649 -25.4550819705334
4.38 -0.686034977436066 0.342431008815765 0.727576971054077 0.4617820084095 -26.2412384515494
4.4 -0.688320994377136 0.344390004873276 0.733734011650085 0.458694010972977 -27.0299716214298
4.42 -0.682524979114532 0.34417599439621 0.739844024181366 0.455523997545242 -27.8121170738557
4.44 -0.646898984909058 0.344610989093781 0.74592000246048 0.452268987894058 -28.5534094573085
4.46 -0.650524020195007 0.33932900428772 0.7518590092659 0.448985993862152 -29.2988272750199
4.48 -0.685918986797333 0.336903989315033 0.75771301984787 0.445648014545441 -30.0848693503673
4.5 -0.669965028762817 0.344714999198914 0.763655006885529 0.442153006792068 -30.8525723677932
4.52 -0.668672025203705 0.340514004230499 0.769478023052216 0.438621014356613 -31.6187898190747
4.54 -0.644105970859528 0.336971014738083 0.775193989276886 0.435050994157791 -32.3569317777728
4.56 -0.670288026332855 0.340983986854553 0.780929982662201 0.431362986564636 -33.1249831348464
4.58 -0.673105001449585 0.348396986722946 0.786740005016327 0.427516013383865 -33.8962993223432
4.6 -0.690144002437592 0.346334010362625 0.792463004589081 0.423613011837006 -34.6871498508663
4.62 -0.650824010372162 0.347806990146637 0.798156976699829 0.419616997241974 -35.4329689421915
4.64 -0.6632000207901 0.345257014036179 0.80375599861145 0.415576994419098 -36.192940185477
4.66 -0.632631003856659 0.340339988470078 0.809224009513855 0.411523014307022 -36.9178486526581
4.68 -0.691114008426666 0.341311007738113 0.814652979373932 0.407384991645813 -37.7098466529618
4.7 -0.652902007102966 0.348767012357712 0.82014399766922 0.403082013130188 -38.4580153293615
4.72 -0.691667973995209 0.342684000730515 0.825480997562408 0.398782998323441 -39.2505870655554
4.74 -0.653226017951965 0.342400014400482 0.830756008625031 0.394414991140366 -39.9991587231161
4.76 -0.64563000202179 0.34595400094986 0.836027026176453 0.389934003353119 -40.7389604177825
4.78 -0.665023982524872 0.344642013311386 0.841220021247864 0.385401010513306 -41.5010524348053
4.8 -0.675737023353577 0.340427994728088 0.846288025379181 0.380854994058609 -42.2753465847802
4.82 -0.690306007862091 0.344496995210648 0.851354002952576 0.37618499994278 -43.0664293397351
4.84 -0.675944983959198 0.34723898768425 0.856396019458771 0.371407985687256 -43.8409557161419
4.86 -0.640919029712677 0.344265997409821 0.861330986022949 0.366607010364532 -44.5754298632557
4.88 -0.660291016101837 0.344406992197037 0.866205990314484 0.361741006374359 -45.3320782195099
4.9 -0.679777979850769 0.345167011022568 0.871025025844574 0.356797993183136 -46.1110134830259
4.92 -0.682110011577606 0.343317985534668 0.87575101852417 0.351817011833191 -46.8926432561695
4.94 -0.695316970348358 0.343145996332169 0.880406022071838 0.346774995326996 -47.6894531247434
4.96 -0.67109602689743 0.347039014101028 0.885043978691101 0.341610997915268 -48.4584777837737
4.98 -0.611597001552582 0.343739002943039 0.889572024345398 0.336436986923218 -49.1593200794144
5 -0.657034993171692 0.34077599644661 0.893994987010956 0.331252008676529 -49.912187925963
5.02 -0.6910679936409 0.343517988920212 0.898382008075714 0.325964987277985 -50.7041278696587
5.04 -0.687557995319366 0.344090014696121 0.902704000473022 0.320609986782074 -51.4920038507983
5.06 -0.619354009628296 0.343481004238129 0.90694797039032 0.315207988023758 -52.20172539236
5.08 -0.665462970733643 0.343928992748261 0.911126971244812 0.309744000434875 -52.9642750320571
5.1 -0.668603003025055 0.344022989273071 0.915234982967377 0.304224014282227 -53.7304344267306
5.12 -0.681716978549957 0.342252999544144 0.919246017932892 0.298678010702133 -54.5116646338077
5.14 -0.690629005432129 0.344231009483337 0.923204004764557 0.29304501414299 -55.3030308416131
5.16 -0.682918012142181 0.345510005950928 0.927098989486694 0.287337005138397 -56.0856339167134
5.18 -0.645029008388519 0.342112004756927 0.930880010128021 0.281634002923965 -56.8247525924629
5.2 -0.652256011962891 0.343024998903275 0.934597015380859 0.275867998600006 -57.5719445518112
5.22 -0.68640398979187 0.344906985759735 0.938256025314331 0.270020008087158 -58.3586184196568
5.24 -0.704598009586334 0.342642992734909 0.941808998584747 0.264160007238388 -59.1659126286067
5.26 -0.684256970882416 0.339154988527298 0.945245981216431 0.258311986923218 -59.9502915528913
5.28 -0.64087301492691 0.344188004732132 0.948655009269714 0.252332001924515 -60.684823756613
5.3 -0.630506992340088 0.345284998416901 0.951997995376587 0.246288999915123 -61.4073279972063
5.32 -0.66756397485733 0.342063009738922 0.95523202419281 0.240261003375053 -62.1722203917888
5.34 -0.671742975711823 0.342620998620987 0.9583899974823 0.234179005026817 -62.9417026734935
5.36 -0.659460008144379 0.346175998449326 0.961498975753784 0.227992996573448 -63.697435784399
5.38 -0.631846010684967 0.347263008356094 0.964537024497986 0.221747994422913 -64.421654402474
5.4 -0.676707029342651 0.342548996210098 0.967453002929688 0.215547993779182 -65.1968672128923
5.42 -0.689774990081787 0.343308985233307 0.970290005207062 0.209296002984047 -65.9875504017808
5.44 -0.706098973751068 0.346175998449326 0.973062992095947 0.202950999140739 -66.7965658184015
5.46 -0.658998012542725 0.344058990478516 0.975732028484344 0.196609005331993 -67.5517251934167
5.48 -0.665046989917755 0.344460010528564 0.978320002555847 0.190225005149841 -68.3137557387369
5.5 -0.695177972316742 0.344965010881424 0.980825006961823 0.183796003460884 -69.1107431922293
5.52 -0.655188024044037 0.343796014785767 0.983235001564026 0.177356004714966 -69.8613195103114
5.54 -0.681602001190186 0.341008991003037 0.985539019107819 0.17093700170517 -70.6422560192542
5.56 -0.678830981254578 0.346522003412247 0.987792015075684 0.164382994174957 -71.4203375091239
5.58 -0.66262298822403 0.344462007284164 0.989943981170654 0.157839000225067 -72.1795062051819
5.6 -0.665185987949371 0.344745993614197 0.992009997367859 0.151261001825333 -72.9415367505021
5.62 -0.68130099773407 0.344909012317657 0.993988990783691 0.144651994109154 -73.7224800896341
5.64 -0.646668016910553 0.342162996530533 0.995863974094391 0.138071000576019 -74.4633165579598
5.66 -0.654796004295349 0.345023989677429 0.997668981552124 0.131411001086235 -75.2138860458527
5.68 -0.68264102935791 0.348374992609024 0.999400973320007 0.12466199696064 -75.9959768567653
5.7 -0.680100977420807 0.346004992723465 1.00102996826172 0.117936000227928 -76.7751989882264
5.72 -0.629028975963593 0.340855002403259 1.00255000591278 0.111290000379086 -77.4965557570392
5.74 -0.682524979114532 0.342325001955032 1.00398004055023 0.104595996439457 -78.2786397377626
5.76 -0.672643005847931 0.348340004682541 1.00534999370575 0.0977652966976166 -79.0492694912478
5.78 -0.650340020656586 0.343183010816574 1.0066100358963 0.0910182967782021 -79.7946890165066
5.8 -0.645214021205902 0.343690007925034 1.00778996944427 0.084245502948761 -80.5338042771614
5.82 -0.690421998500824 0.344020992517471 1.00887000560761 0.0774511992931366 -81.3250543717509
5.84 -0.661791980266571 0.342597991228104 1.00986003875732 0.0706709027290344 -82.0830824262175
5.86 -0.668487012386322 0.338508009910584 1.01075005531311 0.0639592036604881 -82.8491222925805
5.88 -0.676984012126923 0.34383299946785 1.01155996322632 0.0571304000914097 -83.6249088388892
5.9 -0.691437005996704 0.34579798579216 1.01227998733521 0.0502520017325878 -84.4173064052593
5.92 -0.660498976707459 0.344936013221741 1.01289999485016 0.0433817990124226 -85.1741869879453
5.94 -0.697256028652191 0.345364987850189 1.01344001293182 0.0364951007068157 -85.9734625548096
5.96 -0.639810979366302 0.348740994930267 1.01388001441956 0.029534500092268 -86.7062735508605
5.98 -0.67414402961731 0.342833012342453 1.01423001289368 0.0226866006851196 -87.4791982479069
6 -0.683817982673645 0.342303991317749 1.01449000835419 0.015845300629735 -88.2624297004108
6.02 -0.621478974819183 0.300047993659973 1.01462996006012 0.00984605960547924 -88.9746135251683
6.04 -0.501878976821899 0.234043002128601 1.01469004154205 0.00516558019444346 -89.5498657174453
6.06 -0.38477298617363 0.195857003331184 1.01470994949341 0.00124847004190087 -89.9910412963149
6.08 -0.306248992681503 0.158391997218132 1.01470005512238 -0.00191936001647264 -90.3416963781143
6.1 -0.23573599755764 0.113153003156185 1.01468002796173 -0.00418234011158347 -90.6121308881118
6.12 -0.202049002051353 0.0827618017792702 1.01466000080109 -0.00583744002506137 -90.8436059990836
6.14 -0.110595002770424 0.0603565014898777 1.01463997364044 -0.00704442011192441 -90.9702308761065
6.16 -0.00540278991684318 0.0377610996365547 1.01462996006012 -0.00779952993616462 -90.9765283105213
6.18 -0.0343790985643864 0.0201781000941992 1.0146199464798 -0.00820302963256836 -91.0154945397362
6.2 -0.00203181011602283 0.0111852996051311 1.01461005210876 -0.00842669978737831 -91.0177826531082
6.22 -0.0201102998107672 0.00868627987802029 1.01461005210876 -0.00860039982944727 -91.0412716736639
6.24 -0.0339173004031181 0.00300167989917099 1.01461005210876 -0.00866041984409094 -91.0796641669885
6.26 0 0 1.01461005210876 -0.00866041984409094 -91.0796641669885
6.28 0 0 1.01461005210876 -0.00866041984409094 -91.0796641669885
6.3 0 0 1.01461005210876 -0.00866041984409094 -91.0796641669885
6.32 0 0 1.01461005210876 -0.00866041984409094 -91.0796641669885
6.34 0 0 1.01461005210876 -0.00866041984409094 -91.0796641669885
6.36 0 0 1.01461005210876 -0.00866041984409094 -91.0796641669885
6.38 0 0 1.01461005210876 -0.00866041984409094 -91.0796641669885
6.4 0 0 1.01461005210876 -0.00866041984409094 -91.0796641669885
6.42 0 0 1.01461005210876 -0.00866041984409094 -91.0796641669885
6.44 0 0 1.01461005210876 -0.00866041984409094 -91.0796641669885
6.46 0 0 1.01461005210876 -0.00866041984409094 -91.0796641669885
6.48 0 0 1.01461005210876 -0.00866041984409094 -91.0796641669885
6.5 0 0 1.01461005210876 -0.00866041984409094 -91.0796641669885
6.52 0 0 1.01461005210876 -0.00866041984409094 -91.0796641669885
6.54 0 0 1.01461005210876 -0.00866041984409094 -91.0796641669885
