0 0 0 -0.0500000007450581 0 -85.0000103339208
0.02 0 0 -0.0500000007450581 0 -85.0000103339208
0.04 0 0 -0.0500000007450581 0 -85.0000103339208
0.06 0 0 -0.0500000007450581 0 -85.0000103339208
0.08 0 0 -0.0500000007450581 0 -85.0000103339208
0.1 0 0 -0.0500000007450581 0 -85.0000103339208
0.12 0 0 -0.0500000007450581 0 -85.0000103339208
0.14 0 0 -0.0500000007450581 0 -85.0000103339208
0.16 0 0 -0.0500000007450581 0 -85.0000103339208
0.18 0 0 -0.0500000007450581 0 -85.0000103339208
0.2 0 0 -0.0500000007450581 0 -85.0000103339208
0.22 0 0 -0.0500000007450581 0 -85.0000103339208
0.24 0 0 -0.0500000007450581 0 -85.0000103339208
0.26 0 0 -0.0500000007450581 0 -85.0000103339208
0.28 0 0 -0.0500000007450581 0 -85.0000103339208
0.3 0 0 -0.0500000007450581 0 -85.0000103339208
0.32 0 0 -0.0500000007450581 0 -85.0000103339208
0.34 0 0 -0.0500000007450581 0 -85.0000103339208
0.36 0 0 -0.0500000007450581 0 -85.0000103339208
0.38 0 0 -0.0500000007450581 0 -85.0000103339208
0.4 0 0 -0.0500000007450581 0 -85.0000103339208
0.42 0 0 -0.0500000007450581 0 -85.0000103339208
0.44 0 0 -0.0500000007450581 0 -85.0000103339208
0.46 0 0 -0.0500000007450581 0 -85.0000103339208
0.48 0 0 -0.0500000007450581 0 -85.0000103339208
0.5 0 0 -0.0500000007450581 0 -85.0000103339208
0.52 0 0 -0.0500000007450581 0 -85.0000103339208
0.54 0 0 -0.0500000007450581 0 -85.0000103339208
0.56 0 0 -0.0500000007450581 0 -85.0000103339208
0.58 0 0 -0.0500000007450581 0 -85.0000103339208
0.6 0 0 -0.0500000007450581 0 -85.0000103339208
0.62 0 0 -0.0500000007450581 0 -85.0000103339208
0.64 0 0 -0.0500000007450581 0 -85.0000103339208
0.66 0 0 -0.0500000007450581 0 -85.0000103339208
0.68 0 0 -0.0500000007450581 0 -85.0000103339208
0.7 0 0 -0.0500000007450581 0 -85.0000103339208
0.72 0 0 -0.0500000007450581 0 -85.0000103339208
0.74 0 0 -0.0500000007450581 0 -85.0000103339208
0.76 0 0 -0.0500000007450581 0 -85.0000103339208
0.78 0 0 -0.0500000007450581 0 -85.0000103339208
0.8 0 0 -0.0500000007450581 0 -85.0000103339208
0.82 0 0 -0.0500000007450581 0 -85.0000103339208
0.84 0 0 -0.0500000007450581 0 -85.0000103339208
0.86 0 0 -0.0500000007450581 0 -85.0000103339208
0.88 0 0 -0.0500000007450581 0 -85.0000103339208
0.9 0 0 -0.0500000007450581 0 -85.0000103339208
0.92 0 0 -0.0500000007450581 0 -85.0000103339208
0.94 0 0 -0.0500000007450581 0 -85.0000103339208
0.96 0 0 -0.0500000007450581 0 -85.0000103339208
0.98 0 0 -0.0500000007450581 0 -85.0000103339208
1 0 0 -0.0500000007450581 0 -85.0000103339208
1.02 0 0 -0.0500000007450581 0 -85.0000103339208
1.04 0 0 -0.0500000007450581 0 -85.0000103339208
1.06 0 0 -0.0500000007450581 0 -85.0000103339208
1.08 0 0 -0.0500000007450581 0 -85.0000103339208
1.1 0 0 -0.0500000007450581 0 -85.0000103339208
1.12 0 0 -0.0500000007450581 0 -85.0000103339208
1.14 0 0 -0.0500000007450581 0 -85.0000103339208
1.16 0 0 -0.0500000007450581 0 -85.0000103339208
1.18 0 0 -0.0500000007450581 0 -85.0000103339208
1.2 0 0 -0.0500000007450581 0 -85.0000103339208
1.22 0 0 -0.0500000007450581 0 -85.0000103339208
1.24 0 0 -0.0500000007450581 0 -85.0000103339208
1.26 0 0 -0.0500000007450581 0 -85.0000103339208
1.28 0 0 -0.0500000007450581 0 -85.0000103339208
1.3 0 0 -0.0500000007450581 0 -85.0000103339208
1.32 0 0 -0.0500000007450581 0 -85.0000103339208
1.34 0 0 -0.0500000007450581 0 -85.0000103339208
1.36 0 0 -0.0500000007450581 0 -85.0000103339208
1.38 0 0 -0.0500000007450581 0 -85.0000103339208
1.4 0 0 -0.0500000007450581 0 -85.0000103339208
1.42 0 0 -0.0500000007450581 0 -85.0000103339208
1.44 0 0 -0.0500000007450581 0 -85.0000103339208
1.46 0 0 -0.0500000007450581 0 -85.0000103339208
1.48 0 0 -0.0500000007450581 0 -85.0000103339208
1.5 0 0 -0.0500000007450581 0 -85.0000103339208
1.52 0 0 -0.0500000007450581 0 -85.0000103339208
1.54 0 0 -0.0500000007450581 0 -85.0000103339208
1.56 0 0 -0.0500000007450581 0 -85.0000103339208
1.58 0 0 -0.0500000007450581 0 -85.0000103339208
1.6 0 0 -0.0500000007450581 0 -85.0000103339208
1.62 0 0 -0.0500000007450581 0 -85.0000103339208
1.64 0 0 -0.0500000007450581 0 -85.0000103339208
1.66 0 0 -0.0500000007450581 0 -85.0000103339208
1.68 -0.211977005004883 0.0382780991494656 -0.0499349012970924 -0.000762787996791303 -85.2429396721307
1.7 -0.420837998390198 0.110722996294498 -0.0497605018317699 -0.00297036999836564 -85.7253695935872
1.72 -0.670727014541626 0.172123998403549 -0.0495270006358624 -0.00640490977093577 -86.4937112337005
1.74 -0.721337020397186 0.225161001086235 -0.0492839999496937 -0.0109016001224518 -87.3204851421633
1.76 -0.70473700761795 0.272825986146927 -0.0490672998130322 -0.0163538008928299 -88.1277861813023
1.78 -0.63290798664093 0.30970698595047 -0.0489040985703468 -0.022545799612999 -88.8531522711579
1.8 -0.484885990619659 0.336084008216858 -0.048802200704813 -0.0292667001485825 -89.4089179337329
1.82 -0.3230339884758 0.363972008228302 -0.048750601708889 -0.0365458987653255 -89.779045884856
1.84 -0.123824998736382 0.37712299823761 -0.0487308017909527 -0.0440884009003639 -89.9205674044587
1.86 0.0938325002789497 0.388318002223969 -0.0487128011882305 -0.0518546998500824 -89.8134290571378
1.88 0.27879598736763 0.39664500951767 -0.0486649014055729 -0.0597875006496906 -89.4937147322786
1.9 0.486824989318848 0.393703013658524 -0.0485569983720779 -0.0676608011126518 -88.9362278620328
1.92 0.697163999080658 0.392055988311768 -0.0483567006886005 -0.0754993036389351 -88.1369522951685
1.94 0.886699020862579 0.38426399230957 -0.048038799315691 -0.0831779986619949 -87.1210982599122
1.96 0.946452021598816 0.380728989839554 -0.0475843995809555 -0.0907791033387184 -86.0364915404705
1.98 1.10926997661591 0.382506996393204 -0.0469710007309914 -0.0984046012163162 -84.7650928076073
2 1.19339001178741 0.38416001200676 -0.0461786985397339 -0.106046997010708 -83.3980167848504
2.02 1.24038994312286 0.381042003631592 -0.0452087000012398 -0.113605998456478 -81.9765109845978
2.04 1.30867004394531 0.382943987846375 -0.0440405011177063 -0.121174998581409 -80.4770795561044
2.06 1.33554005622864 0.382699012756348 -0.0426734983921051 -0.128705993294716 -78.9461336347806
2.08 1.29320001602173 0.377186000347137 -0.0411315001547337 -0.136089995503426 -77.4644675283185
2.1 1.26249003410339 0.383605986833572 -0.0393719002604485 -0.143557995557785 -76.0177514998393
2.12 1.19807004928589 0.387553989887238 -0.0374091006815434 -0.151056006550789 -74.6449449483688
2.14 1.07530999183655 0.384793996810913 -0.035291600972414 -0.15845499932766 -73.4125124447205
2.16 0.980553984642029 0.393563985824585 -0.0329705998301506 -0.165976002812386 -72.2889394960639
2.18 0.932229995727539 0.390504986047745 -0.0305253993719816 -0.173393994569778 -71.2209437966837
2.2 0.838627994060516 0.393128007650375 -0.0279319994151592 -0.180815994739532 -70.2595195389232
2.22 0.78515499830246 0.395413011312485 -0.0252024997025728 -0.188238993287086 -69.3599767950431
2.24 0.699449002742767 0.393932998180389 -0.0223737992346287 -0.195592001080513 -68.5584131148068
2.26 0.631498992443085 0.3941890001297 -0.019445700570941 -0.202912002801895 -67.8347682326221
2.28 0.611527979373932 0.393994987010956 -0.0164282005280256 -0.210190996527672 -67.1340386351028
2.3 0.596728026866913 0.391111999750137 -0.0133456997573376 -0.217380002140999 -66.4505006237244
2.32 0.593033015727997 0.392697006464005 -0.0101650999858975 -0.224562004208565 -65.7709719333888
2.34 0.562879979610443 0.39139398932457 -0.00691248010843992 -0.231682002544403 -65.1258195851458
2.36 0.572553992271423 0.388583987951279 -0.00360317993909121 -0.238713994622231 -64.4697867455551
2.38 0.551774024963379 0.391407996416092 -0.000190410006325692 -0.24575899541378 -63.8372360963308
2.4 0.523467004299164 0.390170007944107 0.00328687997534871 -0.252743989229202 -63.2373542419068
2.42 0.568490028381348 0.388392001390457 0.00682405009865761 -0.259660005569458 -62.5858976290599
2.44 0.541429996490479 0.389977991580963 0.0104524996131659 -0.266564011573792 -61.9659555090435
2.46 0.567982017993927 0.390599012374878 0.0141631998121738 -0.273438990116119 -61.3150794622761
2.48 0.583774983882904 0.390946000814438 0.0179562997072935 -0.280276000499725 -60.6458643575872
2.5 0.621779024600983 0.397639989852905 0.0218978002667427 -0.287182986736298 -59.9331067969395
2.52 0.671141982078552 0.39842501282692 0.0259362999349833 -0.294052988290787 -59.1641982511251
2.54 0.674004971981049 0.400207012891769 0.0300852991640568 -0.300897985696793 -58.391847289969
2.56 0.681093990802765 0.399861007928848 0.0343228988349438 -0.307680010795593 -57.6114776867273
2.58 0.686774015426636 0.397989988327026 0.0386326983571053 -0.314372003078461 -56.8244657245177
2.6 0.720459997653961 0.398196011781693 0.0430384986102581 -0.321006000041962 -55.9988905142543
2.62 0.720991015434265 0.398234993219376 0.0475400015711784 -0.327576994895935 -55.1726835114926
2.64 0.753246009349823 0.400068014860153 0.0521588996052742 -0.334109991788864 -54.3095251853211
2.66 0.734798014163971 0.397237986326218 0.0568411983549595 -0.34052899479866 -53.4675062946309
2.68 0.727039992809296 0.395013988018036 0.061590101569891 -0.346841990947723 -52.6343666498616
2.7 0.753108024597168 0.392724007368088 0.066403903067112 -0.353049010038376 -51.7713790784194
2.72 0.765667974948883 0.395951986312866 0.0713516995310783 -0.359232008457184 -50.8940071285852
2.74 0.771324992179871 0.396081000566483 0.0763954967260361 -0.365339994430542 -50.0101055179044
2.76 0.792150020599365 0.393813014030457 0.0815048962831497 -0.371333986520767 -49.1023699621148
2.78 0.785315990447998 0.39970999956131 0.0867860019207001 -0.377335995435715 -48.2024822936816
2.8 0.752229988574982 0.397395014762878 0.0921277031302452 -0.383221000432968 -47.3404646091015
2.82 0.764558970928192 0.397424012422562 0.0975584983825684 -0.389025002717972 -46.4643562442637
2.84 0.752229988574982 0.396560996770859 0.103064998984337 -0.394733011722565 -45.6024000313862
2.86 0.747982025146484 0.400088012218475 0.108705997467041 -0.400407999753952 -44.7452522716843
2.88 0.715472996234894 0.397109001874924 0.11438599973917 -0.405959010124207 -43.9254075901345
2.9 0.70533698797226 0.395922005176544 0.120127998292446 -0.411412000656128 -43.1171366641333
2.92 0.692269027233124 0.398279994726181 0.125980004668236 -0.416815996170044 -42.3238204373198
2.94 0.702935993671417 0.395909011363983 0.131871998310089 -0.422105997800827 -41.5183567190675
2.96 0.737015008926392 0.397801995277405 0.137868002057076 -0.427336007356644 -40.6737594319656
2.98 0.743525981903076 0.399623990058899 0.143968001008034 -0.432500004768372 -39.8217684650871
3 0.72018301486969 0.397186011075974 0.150104999542236 -0.437543004751205 -38.9964801227688
3.02 0.717251002788544 0.398566007614136 0.15633599460125 -0.442514002323151 -38.1745727240896
3.04 0.682617008686066 0.399607986211777 0.162652999162674 -0.447411000728607 -37.3923726301503
3.06 0.707252979278564 0.398391991853714 0.169017001986504 -0.452205002307892 -36.5819228738039
3.08 0.669571995735168 0.396838992834091 0.175421997904778 -0.456892013549805 -35.8146194224444
3.1 0.643782019615173 0.397866994142532 0.188464999198914 -0.466048002243042 -34.3295689572485
3.12 0.656018972396851 0.39725399017334 0.195054993033409 -0.470485985279083 -33.5778485824804
3.14 0.665901005268097 0.400119006633759 0.201752007007599 -0.474866986274719 -32.814783263501
3.16 0.670818984508514 0.399801999330521 0.208500996232033 -0.479155004024506 -32.0460454724158
3.18 0.690306007862091 0.401935011148453 0.215343996882439 -0.483373999595642 -31.2550207740689
3.2 0.692107021808624 0.402229011058807 0.222249999642372 -0.487500011920929 -30.461929943498
3.22 0.721107006072998 0.402368009090424 0.229214996099472 -0.491528987884521 -29.635610242615
3.24 0.719004988670349 0.402590990066528 0.2362419962883 -0.495460003614426 -28.8116981834145
3.26 0.735167980194092 0.403207987546921 0.243337005376816 -0.499294996261597 -27.9692216700498
3.28 0.735351979732513 0.402898013591766 0.250481009483337 -0.503021001815796 -27.1265726944086
3.3 0.723484992980957 0.400139003992081 0.257629990577698 -0.506618976593018 -26.2975601914454
3.32 0.744517982006073 0.402130991220474 0.26486599445343 -0.510128021240234 -25.4443688188202
3.34 0.713256001472473 0.399471014738083 0.272105008363724 -0.513508975505829 -24.6270444770742
3.36 0.736944973468781 0.396899998188019 0.279345005750656 -0.516763985157013 -23.7825615956408
3.38 0.737061023712158 0.396490007638931 0.286624997854233 -0.519908010959625 -22.9379643085389
3.4 0.723900020122528 0.393694013357162 0.293897986412048 -0.52292400598526 -22.1084361262933
3.42 0.725678026676178 0.397468000650406 0.301284998655319 -0.525862991809845 -21.2768452269183
3.44 0.697763979434967 0.398111999034882 0.308723986148834 -0.528699994087219 -20.4772827921089
3.46 0.740962982177734 0.395976990461349 0.31616398692131 -0.531414985656738 -19.6282168537425
3.48 0.709376990795136 0.400860011577606 0.323733985424042 -0.53405499458313 -18.8153031066529
3.5 0.720968008041382 0.397334009408951 0.331274002790451 -0.536563992500305 -17.9891558680465
3.52 0.68700498342514 0.397258013486862 0.338847994804382 -0.538964986801147 -17.2019116794052
3.54 0.664655029773712 0.397810012102127 0.346462994813919 -0.541267991065979 -16.4402789926041
3.56 0.702427983283997 0.394589006900787 0.354048013687134 -0.543447971343994 -15.6353309536341
3.58 0.724385023117065 0.391526013612747 0.361604005098343 -0.545503973960876 -14.8052870921062
3.6 0.704275012016296 0.392619997262955 0.369210004806519 -0.547456979751587 -13.9982182793989
3.62 0.71907502412796 0.397664994001389 0.376940011978149 -0.549324989318848 -13.1742481635904
3.64 0.712333023548126 0.394219994544983 0.384629994630814 -0.551066994667053 -12.357955180409
3.66 0.710093021392822 0.397944986820221 0.392416000366211 -0.552716016769409 -11.5442397398656
3.68 0.715472996234894 0.400162011384964 0.400269001722336 -0.554261028766632 -10.7243950583158
3.7 0.72105997800827 0.396225988864899 0.408064991235733 -0.555679976940155 -9.89807535743281
3.72 0.694230973720551 0.402283012866974 0.416000992059708 -0.557007014751434 -9.10258030027411
3.74 0.69852602481842 0.400121003389359 0.42391100525856 -0.558218002319336 -8.30210091256858
3.76 0.669803023338318 0.39784899353981 0.431791990995407 -0.559314012527466 -7.53456694232463
3.78 0.653433978557587 0.402451992034912 0.439778000116348 -0.560317993164063 -6.78582581069514
3.8 0.658559024333954 0.397179991006851 0.447672009468079 -0.561204016208649 -6.03112576590164
3.82 0.664285004138947 0.397747993469238 0.45558899641037 -0.561987996101379 -5.26992807677334
3.84 0.673451006412506 0.398151010274887 0.463523000478745 -0.562664985656738 -4.4982114694364
3.86 0.693031013011932 0.396075010299683 0.471424013376236 -0.563232004642487 -3.70405769067596
3.88 0.724153995513916 0.399417996406555 0.479398995637894 -0.563690006732941 -2.87423709095652
3.9 0.712310016155243 0.402983009815216 0.487450987100601 -0.564037024974823 -2.0579899981086
3.92 0.719166994094849 0.400332987308502 0.495454996824265 -0.564266979694366 -1.23388754738494
3.94 0.745280981063843 0.402063995599747 0.50349497795105 -0.564379990100861 -0.379856701822145
3.96 0.723738014698029 0.405254006385803 0.511600017547607 -0.564374983310699 0.449486531707333
3.98 0.711593985557556 0.397545993328094 0.519550025463104 -0.564256012439728 1.2649131480812
4 0.735536992549896 0.40463000535965 0.535650014877319 -0.563672006130219 2.90941662060691
4.02 0.729394972324371 0.398995012044907 0.543615996837616 -0.563208997249603 3.74524159693703
4.04 0.698109984397888 0.405330985784531 0.551701009273529 -0.562623023986816 4.54521683130444
4.06 0.738631010055542 0.404850989580154 0.55976802110672 -0.561922013759613 5.39163009495196
4.08 0.720229029655457 0.400202006101608 0.567731022834778 -0.561111986637115 6.21693593963002
4.1 0.700604021549225 0.405948013067245 0.575796008110046 -0.560177028179169 7.01976448552321
4.12 0.721314013004303 0.402963012456894 0.583787977695465 -0.559134006500244 7.84637020057768
4.14 0.7223299741745 0.401255011558533 0.591728985309601 -0.557981014251709 8.67406533080478
4.16 0.710209012031555 0.404366999864578 0.599714994430542 -0.556704998016357 9.4878943232431
4.18 0.737545013427734 0.40004700422287 0.60759699344635 -0.555328011512756 10.3330644924617
4.2 0.739068984985352 0.398730993270874 0.615431010723114 -0.553839027881622 11.1800105108645
4.22 0.7292799949646 0.402184009552002 0.623310983181 -0.552222013473511 12.0156696416638
4.24 0.731634974479675 0.398571997880936 0.631094992160797 -0.550505995750427 12.8540787773777
4.26 0.717181026935577 0.396095007658005 0.638805985450745 -0.548687994480133 13.6759298269962
4.28 0.695731997489929 0.398900985717773 0.646543979644775 -0.546747982501984 14.4731435305048
4.3 0.686865985393524 0.394504010677338 0.654169976711273 -0.544722974300385 15.2602733134775
4.32 0.690468013286591 0.396784007549286 0.661810994148254 -0.542581975460052 16.051470474101
4.34 0.706467986106873 0.399731993675232 0.669479012489319 -0.540316998958588 16.8610015700041
4.36 0.686150014400482 0.398151010274887 0.677083015441895 -0.537954986095428 17.6472724566887
4.38 0.66941100358963 0.402631998062134 0.684740006923676 -0.535462975502014 18.4144051533189
4.4 0.687928020954132 0.401692003011703 0.692345023155212 -0.532872021198273 19.2026807005249
4.42 0.693839013576508 0.403225004673004 0.699943006038666 -0.530166983604431 19.9977744840699
4.44 0.654748976230621 0.403165012598038 0.707500994205475 -0.527360022068024 20.7480622266595
4.46 0.682524979114532 0.400584995746613 0.714973986148834 -0.524470984935761 21.5301496224775
4.48 0.67220401763916 0.399773001670837 0.722392022609711 -0.52148699760437 22.3004344514097
4.5 0.675644993782043 0.399991989135742 0.729772984981537 -0.518401026725769 23.074672252324
4.52 0.694230973720551 0.399069994688034 0.737093985080719 -0.515222012996674 23.8702236585434
4.54 0.705267012119293 0.399659007787704 0.744379997253418 -0.511936008930206 24.678380178876
4.56 0.723460972309113 0.402698993682861 0.751673996448517 -0.508520007133484 25.5074507384472
4.58 0.725008010864258 0.402350008487701 0.75891101360321 -0.505002975463867 26.3382390905947
4.6 0.732811987400055 0.400830000638962 0.766068994998932 -0.501393020153046 27.1779664528184
4.62 0.748143017292023 0.404830992221832 0.773244023323059 -0.497640997171402 28.0352832597022
4.64 0.742648005485535 0.401912987232208 0.780310988426209 -0.493811011314392 28.8862975095294
4.66 0.712979018688202 0.402381002902985 0.787329018115997 -0.489872992038727 29.7032769267224
4.68 0.727248013019562 0.404660999774933 0.79433000087738 -0.48581200838089 30.5366453828288
4.7 0.689567029476166 0.397554010152817 0.801150023937225 -0.481725007295609 31.3268675339482
4.72 0.682340979576111 0.398414999246597 0.807928025722504 -0.477535009384155 32.108726118429
4.74 0.701873004436493 0.399747014045715 0.814670026302338 -0.473237991333008 32.9130457799954
4.76 0.718428015708923 0.39954000711441 0.821346998214722 -0.468847990036011 33.7363294617923
4.78 0.696771025657654 0.398359000682831 0.82794201374054 -0.464377999305725 34.5347444248212
4.8 0.71766597032547 0.400404989719391 0.834505975246429 -0.459791004657745 35.3571094461747
4.82 0.715149998664856 0.393712997436523 0.840894997119904 -0.455188006162643 36.176612618266
4.84 0.745673000812531 0.39614799618721 0.847256004810333 -0.450464010238647 37.0311205098537
4.86 0.732097029685974 0.399392992258072 0.853596985340118 -0.445607006549835 37.8700453248499
4.88 0.717135012149811 0.395368009805679 0.859803974628448 -0.440708011388779 38.6917819687998
4.9 0.665278017520905 0.395494997501373 0.872014999389648 -0.430649012327194 40.2545838924126
4.92 0.68825101852417 0.394401013851166 0.877999007701874 -0.425509989261627 41.043259005685
4.94 0.65802800655365 0.396786004304886 0.883949995040894 -0.420260012149811 41.7973289655276
4.96 0.674421012401581 0.397668987512589 0.889844000339508 -0.4149189889431 42.5701341342635
4.98 0.67511397600174 0.398297995328903 0.895673990249634 -0.409491002559662 43.3437999068348
5 0.671465992927551 0.402363985776901 0.901489019393921 -0.403928011655808 44.1132241319316
5.02 0.686496019363403 0.400613009929657 0.907203018665314 -0.398312002420425 44.8998945846826
5.04 0.667771995067596 0.403389990329742 0.91287899017334 -0.392578989267349 45.6650806773994
5.06 0.713072001934052 0.405290007591248 0.918502986431122 -0.386741012334824 46.4822308493216
5.08 0.698756992816925 0.402328014373779 0.92400199174881 -0.380867004394531 47.2829407559117
5.1 0.693885028362274 0.397976994514465 0.92936098575592 -0.374981999397278 48.0780908885173
5.12 0.706098973751068 0.402756989002228 0.934701025485992 -0.368950992822647 48.8872224183539
5.14 0.716257989406586 0.405048996210098 0.939984023571014 -0.362809002399445 49.7079857603471
5.16 0.705868005752563 0.401547014713287 0.945133984088898 -0.35664701461792 50.5168304222386
5.18 0.696054995059967 0.399477005004883 0.950170993804932 -0.350445002317429 51.31444283804
5.2 0.693145990371704 0.399980008602142 0.955128014087677 -0.34416601061821 52.1087357819048
5.22 0.728148996829987 0.395942002534866 0.959945023059845 -0.33788201212883 52.9431321814813
5.24 0.715865015983582 0.397653996944427 0.964691996574402 -0.331501007080078 53.7634379008001
5.26 0.723946988582611 0.395500987768173 0.969322025775909 -0.325087010860443 54.5930224321063
5.28 0.718820989131927 0.398173004388809 0.973888993263245 -0.318563014268875 55.4167637365777
5.3 0.714711010456085 0.399632006883621 0.978377997875214 -0.311951011419296 56.2357512293866
5.32 0.702242970466614 0.400364011526108 0.982782006263733 -0.305263012647629 57.0404704570194
5.34 0.688643991947174 0.400889009237289 0.987097024917603 -0.298505991697311 57.8297773627901
5.36 0.69328498840332 0.401569008827209 0.991325974464417 -0.291678011417389 58.6238961368311
5.38 0.684372007846832 0.40183898806572 0.995464026927948 -0.284788012504578 59.4082750611156
5.4 0.672020018100739 0.398669987916946 0.999475002288818 -0.277897000312805 60.1783310787105
5.42 0.678553998470306 0.399673014879227 1.00339996814728 -0.270934998989105 60.9558320025008
5.44 0.700442016124725 0.399886012077332 1.00724005699158 -0.263915985822678 61.7585499847068
5.46 0.708454012870789 0.402319014072418 1.01099002361298 -0.256801009178162 62.5704272505898
5.48 0.724870026111603 0.403685986995697 1.01466000080109 -0.249607995152473 63.4012173102846
5.5 0.738354027271271 0.402043998241425 1.01821005344391 -0.242392003536224 64.2469040125591
5.52 0.73701399564743 0.406219989061356 1.02167999744415 -0.235048994421959 65.0914432430531
5.54 0.716072976589203 0.409013003110886 1.02507996559143 -0.227605000138283 65.9124934529915
5.56 0.698710024356842 0.40038600564003 1.02829003334045 -0.22027200460434 66.7129164916363
5.58 0.661652982234955 0.403494000434875 1.03143000602722 -0.212837994098663 67.4709377159137
5.6 0.678876996040344 0.401811003684998 1.03445994853973 -0.205394998192787 68.2490123755943
5.62 0.661561012268066 0.400352001190186 1.03737998008728 -0.197937995195389 69.0070335998717
5.64 0.675921976566315 0.403436988592148 1.04022002220154 -0.19038599729538 69.7816726743998
5.66 0.696286022663116 0.403993010520935 1.04296004772186 -0.182784005999565 70.5798075996727
5.68 0.666501998901367 0.400552004575729 1.04557001590729 -0.175211995840073 71.3435593526638
5.7 0.718752026557922 0.399805992841721 1.05280995368958 -0.152162000536919 73.7929539814903
5.72 0.718936026096344 0.405654013156891 1.05501997470856 -0.144355997443199 74.6168660406909
5.74 0.715148985385895 0.401710003614426 1.05710005760193 -0.136593997478485 75.4367687788486
5.76 0.697486996650696 0.399574995040894 1.05904996395111 -0.128846004605293 76.2354706098227
5.78 0.655418992042542 0.398050993680954 1.06089997291565 -0.121100999414921 76.9866206637951
5.8 0.706652998924255 0.395956009626389 1.0626300573349 -0.113372996449471 77.7967835521964
5.82 0.715749979019165 0.397823989391327 1.06424999237061 -0.105584003031254 78.6166862903541
5.84 0.716165006160736 0.394574999809265 1.06575000286102 -0.0978370979428291 79.4371627644021
5.86 0.671927988529205 0.393920987844467 1.06714999675751 -0.0900826007127762 80.2072187819971
5.88 0.695246994495392 0.399278998374939 1.06844997406006 -0.0822041034698486 81.0041994053003
5.9 0.708292007446289 0.399693995714188 1.06964004039764 -0.0742999017238617 81.8155097654822
5.92 0.708616018295288 0.404242008924484 1.07073998451233 -0.0662894994020462 82.6279607672555
5.94 0.714549005031586 0.400546014308929 1.0717099905014 -0.0583375990390778 83.4467160336327
5.96 0.699657022953033 0.40242400765419 1.07256996631622 -0.0503355003893375 84.2482865440581
5.98 0.701134979724884 0.401683986186981 1.07332003116608 -0.0423367992043495 85.0515714319652
6 0.693006992340088 0.39581099152565 1.07395005226135 -0.0344455987215042 85.8456902060061
6.02 0.679684996604919 0.404913991689682 1.0744800567627 -0.0263647995889187 86.6249191676565
6.04 0.698155999183655 0.401068985462189 1.07490003108978 -0.0183541998267174 87.424768470411
6.06 0.54244601726532 0.338272988796234 1.07516002655029 -0.0115940002724528 88.0464249679091
6.08 0.334001004695892 0.256285011768341 1.07532000541687 -0.0064707500860095 88.4291614482401
6.1 0.189303994178772 0.212742999196053 1.07543003559113 -0.00221725995652378 88.6463136525224
6.12 0.198632001876831 0.164341002702713 1.07550001144409 0.00106877996586263 88.8737726122622
6.14 0.0964414998888969 0.116815999150276 1.07554996013641 0.00340469996444881 88.9843533749247
6.16 0.0465237013995647 0.0795497000217438 1.07556998729706 0.00499544991180301 89.0376425108292
6.18 0.0358797982335091 0.0484724007546902 1.0755900144577 0.00596476998180151 89.0783231175258
6.2 -0.0240583997219801 0.0193831995129585 1.0755900144577 0.00635237991809845 89.0508179457381
6.22 -0.0184247996658087 0.0147326001897454 1.07560002803802 0.00664698984473944 89.0301907744447
6.24 0.0164391994476318 0.00896621961146593 1.07560002803802 0.00682628992944956 89.0485298323662
6.26 -0.0275448001921177 0.00243772007524967 1.07560002803802 0.00687504000961781 89.0170153395357
6.28 0 0 1.07560002803802 0.00687504000961781 89.0170153395357
6.3 0 0 1.07560002803802 0.00687504000961781 89.0170153395357
6.32 0 0 1.07560002803802 0.00687504000961781 89.0170153395357
6.34 0 0 1.07560002803802 0.00687504000961781 89.0170153395357
6.36 0 0 1.07560002803802 0.00687504000961781 89.0170153395357
6.38 0 0 1.07560002803802 0.00687504000961781 89.0170153395357
6.4 0 0 1.07560002803802 0.00687504000961781 89.0170153395357
6.42 0 0 1.07560002803802 0.00687504000961781 89.0170153395357
6.44 0 0 1.07560002803802 0.00687504000961781 89.0170153395357
6.46 0 0 1.07560002803802 0.00687504000961781 89.0170153395357
6.48 0 0 1.07560002803802 0.00687504000961781 89.0170153395357
6.5 0 0 1.07560002803802 0.00687504000961781 89.0170153395357
6.52 0 0 1.07560002803802 0.00687504000961781 89.0170153395357
6.54 0 0 1.07560002803802 0.00687504000961781 89.0170153395357
