0 0 0 -0.0500000007450581 0 90.000207410181
0.02 0 0 -0.0500000007450581 0 90.000207410181
0.04 0 0 -0.0500000007450581 0 90.000207410181
0.06 0 0 -0.0500000007450581 0 90.000207410181
0.08 0 0 -0.0500000007450581 0 90.000207410181
0.1 0 0 -0.0500000007450581 0 90.000207410181
0.12 0 0 -0.0500000007450581 0 90.000207410181
0.14 0 0 -0.0500000007450581 0 90.000207410181
0.16 0 0 -0.0500000007450581 0 90.000207410181
0.18 0 0 -0.0500000007450581 0 90.000207410181
0.2 0 0 -0.0500000007450581 0 90.000207410181
0.22 0 0 -0.0500000007450581 0 90.000207410181
0.24 0 0 -0.0500000007450581 0 90.000207410181
0.26 0 0 -0.0500000007450581 0 90.000207410181
0.28 0 0 -0.0500000007450581 0 90.000207410181
0.3 0 0 -0.0500000007450581 0 90.000207410181
0.32 0 0 -0.0500000007450581 0 90.000207410181
0.34 0 0 -0.0500000007450581 0 90.000207410181
0.36 0 0 -0.0500000007450581 0 90.000207410181
0.38 0 0 -0.0500000007450581 0 90.000207410181
0.4 0 0 -0.0500000007450581 0 90.000207410181
0.42 0 0 -0.0500000007450581 0 90.000207410181
0.44 0 0 -0.0500000007450581 0 90.000207410181
0.46 0 0 -0.0500000007450581 0 90.000207410181
0.48 0 0 -0.0500000007450581 0 90.000207410181
0.5 0 0 -0.0500000007450581 0 90.000207410181
0.52 0 0 -0.0500000007450581 0 90.000207410181
0.54 0 0 -0.0500000007450581 0 90.000207410181
0.56 0 0 -0.0500000007450581 0 90.000207410181
0.58 0 0 -0.0500000007450581 0 90.000207410181
0.6 0 0 -0.0500000007450581 0 90.000207410181
0.62 0 0 -0.0500000007450581 0 90.000207410181
0.64 0 0 -0.0500000007450581 0 90.000207410181
0.66 0 0 -0.0500000007450581 0 90.000207410181
0.68 0 0 -0.0500000007450581 0 90.000207410181
0.7 0 0 -0.0500000007450581 0 90.000207410181
0.72 0 0 -0.0500000007450581 0 90.000207410181
0.74 0 0 -0.0500000007450581 0 90.000207410181
0.76 0 0 -0.0500000007450581 0 90.000207410181
0.78 0 0 -0.0500000007450581 0 90.000207410181
0.8 0 0 -0.0500000007450581 0 90.000207410181
0.82 0 0 -0.0500000007450581 0 90.000207410181
0.84 0 0 -0.0500000007450581 0 90.000207410181
0.86 0 0 -0.0500000007450581 0 90.000207410181
0.88 0 0 -0.0500000007450581 0 90.000207410181
0.9 0 0 -0.0500000007450581 0 90.000207410181
0.92 0 0 -0.0500000007450581 0 90.000207410181
0.94 0 0 -0.0500000007450581 0 90.000207410181
0.96 0 0 -0.0500000007450581 0 90.000207410181
0.98 0 0 -0.0500000007450581 0 90.000207410181
1 0 0 -0.0500000007450581 0 90.000207410181
1.02 -1.08336997032166 0.0106253996491432 -0.0499976985156536 0.000212496001040563 88.7586087926666
1.04 -3.37741994857788 0.0287335999310017 -0.0499658994376659 0.000786284974310547 84.8882820994776
1.06 -3.48164010047913 0.0990779995918274 -0.0497207008302212 0.00275262002833188 80.8987754354611
1.08 -0.654865026473999 0.174744993448257 -0.0491452999413013 0.00619983021169901 80.148199117379
1.1 2.17417001724243 0.0953999981284142 -0.0488598011434078 0.00808634981513023 82.6394218246827
1.12 2.80931997299194 0.185427993535995 -0.0484881997108459 0.0117761995643377 85.8588724711043
1.14 0.178729996085167 0.263594001531601 -0.0481169000267982 0.017035000026226 86.0634161461787
1.16 -2.68314003944397 0.16227500140667 -0.0478072986006737 0.0202657002955675 82.9889226045124
1.18 -2.40442991256714 0.1822399944067 -0.0472755990922451 0.0238715000450611 80.233569651815
1.2 0.321741014719009 0.234346002340317 -0.0464954003691673 0.0284931007772684 80.6025569613468
1.22 1.95477998256683 0.238312005996704 -0.0458091981709003 0.0332097001373768 82.8422511222755
1.24 0.0509568005800247 0.272118985652924 -0.045133899897337 0.0386100001633167 82.9006902208142
1.26 -2.06625008583069 0.241319999098778 -0.0444386005401611 0.0433860011398792 80.5332305412711
1.28 -1.73800003528595 0.271530985832214 -0.043452400714159 0.0487263016402721 78.5416293415648
1.3 0.830963015556335 0.265125006437302 -0.0424421988427639 0.0539316982030869 79.4938806552699
1.32 1.10093998908997 0.277857005596161 -0.0414890982210636 0.0594065003097057 80.7555395383768
1.34 -1.03446996212006 0.306158989667892 -0.0404429994523525 0.0654397010803223 79.5700850758398
1.36 -2.08056998252869 0.262914001941681 -0.0393836013972759 0.0705901011824608 77.1860075460461
1.38 -0.0230426006019115 0.283248990774155 -0.0381258986890316 0.0761137008666992 77.1590829403379
1.4 1.05334997177124 0.330033987760544 -0.0367268994450569 0.0825643986463547 78.3663052157597
1.42 -0.68123197555542 0.317992001771927 -0.0354019999504089 0.0887847989797592 77.585935612518
1.44 -2.14559006690979 0.2449039965868 -0.034246601164341 0.093544602394104 75.126801133935
1.46 -0.782315015792847 0.260832011699677 -0.0328681990504265 0.0985758975148201 74.2306939752074
1.48 0.958434998989105 0.320055991411209 -0.0311877001076937 0.104751996695995 75.3290498654483
1.5 -0.071805901825428 0.322979986667633 -0.0295471996068954 0.111000001430511 75.2465480104637
1.52 -1.46836996078491 0.298804998397827 -0.0279406998306513 0.116755999624729 73.5637669838905
1.54 -0.801270008087158 0.312898010015488 -0.0261220000684261 0.122744001448154 72.645892012278
1.56 0.629283010959625 0.369248002767563 -0.02396360039711 0.129806995391846 73.3666750452005
1.58 -0.505734980106354 0.314402014017105 -0.0221331994980574 0.135822996497154 72.7874135318807
1.6 -1.79948997497559 0.240609005093575 -0.020626800134778 0.140393003821373 70.7253384403182
1.62 -0.948207020759583 0.285705000162125 -0.0186895001679659 0.145768001675606 69.6390105132057
1.64 0.575648009777069 0.349593013525009 -0.0162944998592138 0.152336999773979 70.2984857681382
1.66 0.0027477100957185 0.334551990032196 -0.0140389995649457 0.158637002110481 70.3013476174004
1.68 -1.333860039711 0.28669598698616 -0.0120344003662467 0.164009004831314 68.773270375528
1.7 -0.920615971088409 0.313264012336731 -0.00971234031021595 0.169827997684479 67.7178832053556
1.72 0.355659008026123 0.370434999465942 -0.00692762993276119 0.176693007349968 68.1258299139131
1.74 -0.391030013561249 0.3125059902668 -0.00457635009661317 0.182484000921249 67.6777763345493
1.76 -1.31552994251251 0.271333992481232 -0.00244933995418251 0.187476992607117 66.1703194337812
1.78 -0.713279008865356 0.335638999938965 0.000306506990455091 0.193598002195358 65.3527116391845
1.8 0.276787012815475 0.383630990982056 0.00348690990358591 0.20058000087738 65.6701310204826
1.82 -1.34301996231079 0.271867990493774 0.00840857997536659 0.210988000035286 63.2940721327746
1.84 -0.336378991603851 0.346987009048462 0.0115481996908784 0.217176005244255 62.9084738031814
1.86 0.159520000219345 0.366746991872787 0.0148783000186086 0.223711997270584 63.091249665371
1.88 -0.735722005367279 0.302691996097565 0.0176577009260654 0.229090005159378 62.2478510764684
1.9 -1.30153000354767 0.275792986154556 0.0202894005924463 0.233937993645668 60.7564451202498
1.92 -0.440209001302719 0.345081001520157 0.0236875005066395 0.239944994449615 60.2522405557193
1.94 0.129596993327141 0.367841988801956 0.0273295007646084 0.246336996555328 60.4006400758162
1.96 -0.630367994308472 0.306196004152298 0.0303878001868725 0.251641988754272 59.6781358352228
1.98 -1.24125003814697 0.282451987266541 0.0333001017570496 0.256482988595963 58.2560562990799
2 -0.548865020275116 0.346866995096207 0.0369823016226292 0.262362003326416 57.6269480651973
2.02 0.117821998894215 0.373374998569489 0.0409732013940811 0.268673986196518 57.7621653201961
2.04 -0.865018010139465 0.306492000818253 0.0442878007888794 0.273829996585846 56.7708931357627
2.06 -1.09745001792908 0.284303992986679 0.0474556982517242 0.278551995754242 55.5132504038879
2.08 -0.155524998903275 0.366838991641998 0.0516192987561226 0.284592986106873 55.3350610137259
2.1 -0.205651000142097 0.363104999065399 0.0557621009647846 0.290558010339737 55.0994024118875
2.12 -1.04135000705719 0.280528008937836 0.0590199008584023 0.295125007629395 53.9061034770888
2.14 -0.970256984233856 0.30240198969841 0.0626301020383835 0.299977988004684 52.7942784538046
2.16 0.0902998968958855 0.394470989704132 0.0673950016498566 0.306266009807587 52.8977558197303
2.18 -0.38230299949646 0.33747199177742 0.0714870989322662 0.311632990837097 52.4596709014602
2.2 -1.45288002490997 0.249906003475189 0.0745897963643074 0.315551996231079 50.794771310134
2.22 -0.947329998016357 0.296339005231857 0.078379400074482 0.320109009742737 49.709245930249
2.24 0.403129011392593 0.394113004207611 0.0834524035453796 0.326140999794006 50.1711647936279
2.26 -0.39197701215744 0.3386589884758 0.0878108963370323 0.331326007843018 49.7220217990915
2.28 -1.6496000289917 0.255304008722305 0.091175802052021 0.33516600728035 47.8317191349657
2.3 -0.847470998764038 0.287824004888535 0.0950762033462524 0.339399993419647 46.8605550274488
2.32 0.509151995182037 0.373311996459961 0.100153997540474 0.344873994588852 47.4440000316352
2.34 -0.31878599524498 0.350694000720978 0.104914002120495 0.35002601146698 47.0787385902957
2.36 -1.56260001659393 0.262975007295609 0.108554996550083 0.353821009397507 45.28813278239
2.38 -0.86702698469162 0.28914201259613 0.112658999860287 0.357894986867905 44.2945656543955
2.4 0.467153996229172 0.376399010419846 0.118023000657558 0.363177001476288 44.8298783155008
2.42 -0.34526801109314 0.345652997493744 0.122942000627518 0.3680340051651 44.434253268206
2.44 -1.70627999305725 0.256298989057541 0.126662999391556 0.371558994054794 42.4789750145059
2.46 -0.948714971542358 0.283977001905441 0.130888000130653 0.375355005264282 41.3918445401659
2.48 0.540252983570099 0.355962008237839 0.13620300590992 0.3800910115242 42.0109260563469
2.5 -0.221443995833397 0.350722998380661 0.141425997018814 0.384773999452591 41.7571640381133
2.52 -1.52516996860504 0.281179010868073 0.145677000284195 0.388455003499985 40.0094723087628
2.54 -0.838465988636017 0.293080002069473 0.150197997689247 0.392185986042023 39.0486217868927
2.56 0.470223993062973 0.367929995059967 0.155891001224518 0.396847993135452 39.5874861463664
2.58 -0.404029011726379 0.351069986820221 0.161320000886917 0.401300996541977 39.1244812829094
2.6 -1.80246996879578 0.263586014509201 0.165469005703926 0.4045529961586 37.0590252477078
2.62 -0.922601997852325 0.272805988788605 0.169854000210762 0.407801002264023 36.0018041717433
2.64 0.640688002109528 0.350223988294601 0.175494000315666 0.411953985691071 36.7359914509119
2.66 -0.335224986076355 0.339487999677658 0.180949002504349 0.415996998548508 36.3518240459498
2.68 -1.55978000164032 0.281774014234543 0.18553900718689 0.419265985488892 34.5644796533728
2.7 -0.654334008693695 0.30247300863266 0.190542995929718 0.422666013240814 33.8146512410049
2.72 0.575024008750916 0.383756011724472 0.196895003318787 0.4269739985466 34.473552760047
2.74 -0.500331997871399 0.345513999462128 0.202610999345779 0.430855989456177 33.9002505867781
2.76 -2.03681993484497 0.222040995955467 0.20634700357914 0.43325799703598 31.566193947371
2.78 -1.32709002494812 0.242207005620003 0.21050800383091 0.435739010572433 30.0455069701805
2.8 0.567174017429352 0.309033989906311 0.215839996933937 0.438863009214401 30.6954131300858
2.82 0.322203010320663 0.335249990224838 0.221595004200935 0.442304998636246 31.0646258358601
2.84 -0.876909017562866 0.336641997098923 0.227392002940178 0.445728003978729 30.0597718202621
2.86 -1.08307003974915 0.310492992401123 0.232800006866455 0.448780000209808 28.81868888203
2.88 -0.0417906008660793 0.35325899720192 0.238992005586624 0.45218300819397 28.7707887653807
2.9 -0.245341002941132 0.349085986614227 0.245120003819466 0.455529004335403 28.4896393961226
2.92 -1.17869997024536 0.301739990711212 0.250456988811493 0.458344995975494 27.1389472896374
2.94 -0.927842974662781 0.315492987632751 0.256098985671997 0.461171001195908 26.0757105245614
2.96 0.072706401348114 0.378352999687195 0.262894004583359 0.46450200676918 26.1590183418681
2.98 -0.624157011508942 0.328711986541748 0.268812000751495 0.467362999916077 25.44379508293
3 -1.13802003860474 0.282279014587402 0.273938000202179 0.469731003046036 24.1397429231922
3.02 -0.426032990217209 0.347631007432938 0.280294001102448 0.472546994686127 23.6515261239614
3.04 -0.129874005913734 0.381545007228851 0.287288010120392 0.475598990917206 23.5026706887374
3.06 -0.952340006828308 0.303663998842239 0.292879998683929 0.477968007326126 22.411416487686
3.08 -1.2247200012207 0.277743995189667 0.298040986061096 0.480022996664047 21.0079560472205
3.1 -0.135299995541573 0.367505013942719 0.304906010627747 0.482647985219955 20.8529141681557
3.12 -0.187225997447968 0.367673993110657 0.311782985925674 0.485253006219864 20.6383984168931
3.14 -1.03817999362946 0.292106986045837 0.317270994186401 0.48725500702858 19.4487092370707
3.16 -1.01417005062103 0.305651009082794 0.323056012392044 0.489232003688812 18.2865781630021
3.18 0.0746688023209572 0.398654013872147 0.330624997615814 0.491739988327026 18.3721211597146
3.2 -0.506404995918274 0.346231013536453 0.337206989526749 0.493889003992081 17.7918299953775
3.22 -1.43465995788574 0.255670011043549 0.342097997665405 0.495380997657776 16.1478410281953
3.24 -0.881687998771667 0.303153991699219 0.347936004400253 0.49701601266861 15.1374870027682
3.26 0.255730986595154 0.392625987529755 0.355511009693146 0.499085992574692 15.4305550521279
3.28 -0.363092988729477 0.342658013105392 0.362123996019363 0.500886023044586 15.0144735882689
3.3 -1.49624001979828 0.258201986551285 0.367130994796753 0.502148985862732 13.2998971773356
3.32 -0.96102100610733 0.303835988044739 0.373057991266251 0.503489971160889 12.198615404809
3.34 0.33610200881958 0.383031994104385 0.380540013313293 0.505133986473084 12.5838150221094
3.36 -0.379994004964828 0.34155398607254 0.387212991714478 0.506596028804779 12.1483665568588
3.38 -1.51838004589081 0.266631007194519 0.392441987991333 0.507638990879059 10.4084083091961
3.4 -0.797021985054016 0.306311011314392 0.398476004600525 0.508697986602783 9.4951138331958
3.42 0.456486999988556 0.391770005226135 0.406199008226395 0.510025978088379 10.0181671585146
3.44 -0.465790987014771 0.351839989423752 0.413134008646011 0.511218011379242 9.48439982770899
3.46 -1.86003005504608 0.246190994977951 0.418004006147385 0.511938989162445 7.35299660852354
3.48 -1.17869997024536 0.263913005590439 0.423247009515762 0.51255202293396 6.00230578269877
3.5 0.517533004283905 0.349550008773804 0.430195987224579 0.51331901550293 6.59537452342574
3.52 -0.0431295000016689 0.352167010307312 0.437193006277084 0.514124989509583 6.54592822270306
3.54 -1.11374998092651 0.302538007497787 0.443210989236832 0.514747977256775 5.26965913807477
3.56 -0.846524000167847 0.317855000495911 0.449546009302139 0.515277981758118 4.29961859667634
3.58 0.116921000182629 0.385311007499695 0.457230001688004 0.515865027904511 4.43359916054853
3.6 -0.5884850025177 0.33601701259613 0.463932991027832 0.516345024108887 3.75924476539603
3.62 -1.47003996372223 0.264542013406754 0.469217002391815 0.516614019870758 2.07470880709292
3.64 -0.747913002967834 0.322447001934052 0.475663989782333 0.516799986362457 1.21766136579451
3.66 0.289139986038208 0.389730006456375 0.483455985784531 0.516987979412079 1.5489913878327
3.68 -0.71685802936554 0.317602008581162 0.48980700969696 0.517113983631134 0.727536062299233
3.7 -1.30569005012512 0.275669991970062 0.495319992303848 0.517112016677856 -0.768674451752791
3.72 -0.476736009120941 0.345665007829666 0.502232015132904 0.516986012458801 -1.31497256500359
3.74 0.0816880017518997 0.384943008422852 0.509929001331329 0.516816020011902 -1.22136845096653
3.76 -1.01315999031067 0.308535993099213 0.516097009181976 0.516622006893158 -2.38235845655696
3.78 -1.20112001895905 0.285055994987488 0.521790027618408 0.516317009925842 -3.75874061205792
3.8 -0.0771854966878891 0.369729995727539 0.529168009757996 0.515825986862183 -3.84718814671502
3.82 -0.212900996208191 0.364286005496979 0.536436021327972 0.515322029590607 -4.09115353924467
3.84 -1.17540001869202 0.285210996866226 0.54212099313736 0.514847993850708 -5.43806257470337
3.86 -0.928905010223389 0.31318399310112 0.548350989818573 0.514196991920471 -6.5024980379787
3.88 0.170395001769066 0.403292000293732 0.55636602640152 0.513297021389008 -6.30723402866538
3.9 -0.607878983020782 0.333348006010056 0.562987983226776 0.512524008750916 -7.00383605749191
3.92 -1.6912499666214 0.242153003811836 0.567784011363983 0.511852025985718 -8.94186594910366
3.94 -0.895771980285645 0.297816008329391 0.573660016059875 0.510873973369598 -9.96831958417818
3.96 0.38255700469017 0.382844001054764 0.581206023693085 0.509576976299286 -9.52994950551017
3.98 -0.353026002645493 0.350360989570618 0.588113009929657 0.508392989635468 -9.93451527042849
4 -1.3699699640274 0.275527000427246 0.593527019023895 0.50736802816391 -11.5043625341701
4.02 -0.723115026950836 0.316381990909576 0.599717974662781 0.506061017513275 -12.3329737635196
4.04 0.310012012720108 0.39368999004364 0.607415020465851 0.504402995109558 -11.9777398936554
4.06 -0.536351025104523 0.332064986228943 0.613905012607574 0.502990007400513 -12.5923519047982
4.08 -1.93298995494843 0.238299995660782 0.618534982204437 0.501860976219177 -14.8074061582962
4.1 -1.16893994808197 0.276163011789322 0.623857975006104 0.500387012958527 -16.1469240752993
4.12 0.543138980865479 0.343903988599777 0.630474984645844 0.498510003089905 -15.5245213796344
4.14 0.000577189028263092 0.345533013343811 0.63713401556015 0.496661007404327 -15.5238332380755
4.16 -1.20961999893188 0.312137991189957 0.643127977848053 0.494917005300522 -16.9099893942787
4.18 -0.739439010620117 0.328112989664078 0.649392008781433 0.492962002754211 -17.757279483461
4.2 0.10886300355196 0.37813600897789 0.656597018241882 0.49066299200058 -17.6325465688381
4.22 -0.804618000984192 0.328736007213593 0.662846982479095 0.488622009754181 -18.5545503898039
4.24 -1.34461998939514 0.281948000192642 0.668168008327484 0.486755013465881 -20.0954052080661
4.26 -0.429242014884949 0.343419998884201 0.674607992172241 0.484367996454239 -20.5872898188812
4.28 0.0535660982131958 0.380039006471634 0.681725025177002 0.481698989868164 -20.5258693427698
4.3 -0.966655015945435 0.311764001846313 0.687542974948883 0.479456007480621 -21.6335689317953
4.32 -1.32843005657196 0.281471997499466 0.692748010158539 0.477311998605728 -23.1558592958934
4.34 -0.228393003344536 0.364762991666794 0.699449002742767 0.474427998065948 -23.4175870222465
4.36 -0.109301999211311 0.367480009794235 0.70618999004364 0.471498996019363 -23.5428356161516
4.38 -0.860678017139435 0.307682007551193 0.711809992790222 0.468993008136749 -24.5290688285249
4.4 -1.18474996089935 0.29942598938942 0.71722799539566 0.466441988945007 -25.8867482185311
4.42 -0.304378002882004 0.370407998561859 0.723882973194122 0.463187992572784 -26.2355079228358
4.44 -0.252012997865677 0.358974009752274 0.730315029621124 0.45999801158905 -26.5242797832075
4.46 -0.81692498922348 0.302886009216309 0.735713005065918 0.457248002290726 -27.4604340485862
4.48 -1.02386999130249 0.31199699640274 0.741219997406006 0.454313993453979 -28.6336812555291
4.5 -0.411347985267639 0.371742993593216 0.74773097038269 0.450724989175797 -29.105051393172
4.52 -0.396201997995377 0.352506995201111 0.753876984119415 0.44727098941803 -29.5590643125867
4.54 -0.804894983768463 0.307803988456726 0.759207010269165 0.444191008806229 -30.4814130581055
4.56 -0.811684012413025 0.329867988824844 0.76486599445343 0.440798997879028 -31.4115516343727
4.58 -0.560847997665405 0.360502004623413 0.770998001098633 0.437005996704102 -32.0542382843252
4.6 -0.561194002628326 0.348044008016586 0.776876986026764 0.433279007673264 -32.6973279154388
4.62 -0.653849005699158 0.326696991920471 0.782351970672607 0.429713010787964 -33.4465825919165
4.64 -0.768968999385834 0.330612003803253 0.787841022014618 0.426026999950409 -34.3277350514564
4.66 -0.543830990791321 0.357479989528656 0.793722987174988 0.421963006258011 -34.950942001896
4.68 -0.648769974708557 0.339354008436203 0.799260973930359 0.418038994073868 -35.6943534515388
4.7 -0.813830971717834 0.317790001630783 0.804391980171204 0.414288014173508 -36.6269577260964
4.72 -0.540759980678558 0.351969003677368 0.810019016265869 0.410057991743088 -37.2466095630731
4.74 -0.48539400100708 0.354429006576538 0.815640985965729 0.405741006135941 -37.8028396785116
4.76 -0.872475981712341 0.31802698969841 0.820631980895996 0.401798009872437 -38.8025915427996
4.78 -0.728726029396057 0.332673996686935 0.825787007808685 0.3975909948349 -39.6376777914822
4.8 -0.478790998458862 0.358646988868713 0.831288993358612 0.392989009618759 -40.186285415807
4.82 -0.588231027126312 0.341192990541458 0.836476027965546 0.388554990291595 -40.8603704453741
4.84 -0.830730974674225 0.314173012971878 0.841193974018097 0.384404987096787 -41.8123383062287
4.86 -0.70339697599411 0.343865007162094 0.84628701210022 0.379783987998962 -42.6183757603713
4.88 -0.433952003717422 0.368225991725922 0.851684987545013 0.374774008989334 -43.1156476828942
4.9 -0.715981006622314 0.326314985752106 0.856417000293732 0.370279014110565 -43.9360661003343
4.92 -0.883234977722168 0.31037300825119 0.860849022865295 0.365933001041412 -44.9481942673984
4.94 -0.465721994638443 0.367965012788773 0.866033017635345 0.360709995031357 -45.4818471925354
4.96 -0.520834982395172 0.355906993150711 0.87099701166153 0.355607986450195 -46.0786998580626
4.98 -0.855805993080139 0.309976011514664 0.875258982181549 0.351105988025665 -47.0593715889041
5 -0.714664995670319 0.334183990955353 0.879777014255524 0.346181005239487 -47.8783590817131
5.02 -0.472671985626221 0.365076988935471 0.884648978710175 0.340741991996765 -48.4199760074224
5.04 -0.689589977264404 0.333856999874115 0.889046013355255 0.335716992616653 -49.2101981585418
5.06 -0.81013697385788 0.319505989551544 0.893181025981903 0.33084499835968 -50.1385062441115
5.08 -0.535149991512299 0.356972992420197 0.897728025913239 0.325340986251831 -50.7517991749709
5.1 -0.585829973220825 0.353922992944717 0.90217399597168 0.319833010435104 -51.4230769967891
5.12 -0.794297993183136 0.326409012079239 0.906203985214233 0.314696997404099 -52.333278250869
5.14 -0.688435971736908 0.33686500787735 0.910283982753754 0.309336006641388 -53.1221821754787
5.16 -0.537459015846252 0.357537001371384 0.914543986320496 0.303593009710312 -53.7380569178443
5.18 -0.659968018531799 0.340229988098145 0.918533027172089 0.298079997301102 -54.4943022929375
5.2 -0.794505000114441 0.325356990098953 0.922269999980927 0.292753010988235 -55.4047323583547
5.22 -0.667402029037476 0.345934987068176 0.926159977912903 0.28703099489212 -56.1695154699104
5.24 -0.557337999343872 0.35249599814415 0.930051982402802 0.281152993440628 -56.8081927988202
5.26 -0.624319016933441 0.335020005702972 0.933685004711151 0.275523006916046 -57.5238190389193
5.28 -0.782244980335236 0.331851989030838 0.937205016613007 0.269896000623703 -58.4199193674577
5.3 -0.656551003456116 0.352192014455795 0.940854012966156 0.263871997594833 -59.1722168932107
5.32 -0.554567992687225 0.345777988433838 0.94436502456665 0.257914006710052 -59.8076293916972
5.34 -0.675022006034851 0.32991498708725 0.947645008563995 0.252187997102737 -60.5811209944447
5.36 -0.725100994110107 0.339152991771698 0.950933992862701 0.246255993843079 -61.4124779598405
5.38 -0.712448000907898 0.348973989486694 0.954230010509491 0.240103006362915 -62.2289451128458
5.4 -0.614183008670807 0.346374005079269 0.957419991493225 0.23395399749279 -62.9325365596273
5.42 -0.560455024242401 0.341865003108978 0.96049702167511 0.227847993373871 -63.574827058608
5.44 -0.682085990905762 0.342952013015747 0.963508009910584 0.221685007214546 -64.3563373034411
5.46 -0.83059298992157 0.335864990949631 0.966364026069641 0.21560600399971 -65.3080217114451
5.48 -0.635215997695923 0.344047009944916 0.969199001789093 0.209335997700691 -66.036249650563
5.5 -0.528569996356964 0.348565012216568 0.971997022628784 0.202950999140739 -66.6418688638898
5.52 -0.630367994308472 0.344182014465332 0.974686026573181 0.196613997220993 -67.3637925384037
5.54 -0.851350009441376 0.328931987285614 0.977165997028351 0.190521001815796 -68.3395397028537
5.56 -0.62847501039505 0.345907002687454 0.979678988456726 0.184074997901917 -69.0597489998859
5.58 -0.513145983219147 0.35556098818779 0.98218697309494 0.177421003580093 -69.6476028911816
5.6 -0.754239022731781 0.334122985601425 0.98446398973465 0.171138003468513 -70.5121955570788
5.62 -0.816532015800476 0.33050200343132 0.986617982387543 0.164888992905617 -71.4478358507224
5.64 -0.462213009595871 0.365271002054214 0.988910019397736 0.1579529941082 -71.9772506434794
5.66 -0.6926149725914 0.339805006980896 0.990967988967896 0.151474997401237 -72.7713694175204
5.68 -0.809744000434875 0.327751010656357 0.99285900592804 0.145199000835419 -73.6989910690784
5.7 -0.57089102268219 0.352988988161087 0.994800984859467 0.138411998748779 -74.3533027009983
5.72 -0.616398990154266 0.351547986268997 0.996656000614166 0.131630003452301 -75.0597628272313
5.74 -0.722168982028961 0.334017992019653 0.998332023620605 0.1251630038023 -75.8871173017736
5.76 -0.673427999019623 0.339177995920181 0.999940991401672 0.118573002517223 -76.6588876968502
5.78 -0.667656004428864 0.349038988351822 1.00151002407074 0.111769996583462 -77.4237869216219
5.8 -0.636510014533997 0.346886992454529 1.00296998023987 0.104988999664783 -78.1531623325202
5.82 -0.661284029483795 0.337572008371353 1.00432002544403 0.0983728021383286 -78.9111835567976
5.84 -0.670680999755859 0.347528994083405 1.00560998916626 0.0915431976318359 -79.6795183667218
5.86 -0.702174007892609 0.344651997089386 1.00679004192352 0.0847532004117966 -80.4845244622997
5.88 -0.666662991046906 0.337251007556915 1.00786995887756 0.0780937001109123 -81.24828304548
5.9 -0.634846985340118 0.341390997171402 1.00885999202728 0.0713388994336128 -81.9759372487075
5.92 -0.657450973987579 0.350461006164551 1.00978994369507 0.0643920972943306 -82.7288016801616
5.94 -0.71729701757431 0.342875987291336 1.01060998439789 0.0575836002826691 -83.5509993618804
5.96 -0.693816006183624 0.336789011955261 1.01131999492645 0.0508854016661644 -84.346265607702
5.98 -0.600028991699219 0.344116985797882 1.01196002960205 0.0440325997769833 -85.0338129401232
6 -0.607532978057861 0.348830997943878 1.01251995563507 0.0370786003768444 -85.7299526505202
6.02 -0.779590010643005 0.337134003639221 1.01296997070313 0.0303508993238211 -86.6231979599856
6.04 -0.702497005462646 0.3418850004673 1.01332998275757 0.02352249994874 -87.4282040555636
6.06 -0.598621010780334 0.346080005168915 1.0135999917984 0.0166060999035835 -88.1140301803139
6.08 -0.505595982074738 0.306248992681503 1.0137699842453 0.0104834996163845 -88.6932916936337
6.1 -0.394771009683609 0.229921996593475 1.01384997367859 0.00588585995137692 -89.1459283299306
6.12 -0.280297011137009 0.189724996685982 1.0139000415802 0.00209162989631295 -89.4673570322715
6.14 -0.29985299706459 0.15854200720787 1.01391994953156 -0.00107913999818265 -89.8105603776864
6.16 -0.230794996023178 0.117517001926899 1.01391994953156 -0.00342947989702225 -90.0752711891595
6.18 -0.130197003483772 0.0815643966197968 1.01391994953156 -0.00506075983867049 -90.2242376149575
6.2 -0.102536998689175 0.0561002008616924 1.01391005516052 -0.00618275022134185 -90.3416963781143
6.22 -0.0876678004860878 0.0354910008609295 1.01391005516052 -0.00689254980534315 -90.4425372910204
6.24 -0.0586684010922909 0.0227853991091251 1.0139000415802 -0.00734825013205409 -90.5095687675349
6.26 -0.00734221003949642 0.00877823028713465 1.0139000415802 -0.00752379978075624 -90.5181611455108
6.28 -0.00168548000510782 0.0050981598906219 1.0139000415802 -0.00762576004490256 -90.5198823531816
6.3 0 0 1.0139000415802 -0.00762576004490256 -90.5198823531816
6.32 0 0 1.0139000415802 -0.00762576004490256 -90.5198823531816
6.34 0 0 1.0139000415802 -0.00762576004490256 -90.5198823531816
6.36 0 0 1.0139000415802 -0.00762576004490256 -90.5198823531816
6.38 0 0 1.0139000415802 -0.00762576004490256 -90.5198823531816
6.4 0 0 1.0139000415802 -0.00762576004490256 -90.5198823531816
6.42 0 0 1.0139000415802 -0.00762576004490256 -90.5198823531816
6.44 0 0 1.0139000415802 -0.00762576004490256 -90.5198823531816
6.46 0 0 1.0139000415802 -0.00762576004490256 -90.5198823531816
6.48 0 0 1.0139000415802 -0.00762576004490256 -90.5198823531816
6.5 0 0 1.0139000415802 -0.00762576004490256 -90.5198823531816
6.52 0 0 1.0139000415802 -0.00762576004490256 -90.5198823531816
6.54 0 0 1.0139000415802 -0.00762576004490256 -90.5198823531816
6.56 0 0 1.0139000415802 -0.00762576004490256 -90.5198823531816
6.58 0 0 1.0139000415802 -0.00762576004490256 -90.5198823531816
6.6 0 0 1.0139000415802 -0.00762576004490256 -90.5198823531816
6.62 0 0 1.0139000415802 -0.00762576004490256 -90.5198823531816
6.64 0 0 1.0139000415802 -0.00762576004490256 -90.5198823531816
6.66 0 0 1.0139000415802 -0.00762576004490256 -90.5198823531816
6.68 0 0 1.0139000415802 -0.00762576004490256 -90.5198823531816
6.7 0 0 1.0139000415802 -0.00762576004490256 -90.5198823531816
6.72 0 0 1.0139000415802 -0.00762576004490256 -90.5198823531816
6.74 0 0 1.0139000415802 -0.00762576004490256 -90.5198823531816
6.76 0 0 1.0139000415802 -0.00762576004490256 -90.5198823531816
6.78 0 0 1.0139000415802 -0.00762576004490256 -90.5198823531816
6.8 0 0 1.0139000415802 -0.00762576004490256 -90.5198823531816
6.82 0 0 1.0139000415802 -0.00762576004490256 -90.5198823531816
6.84 0 0 1.0139000415802 -0.00762576004490256 -90.5198823531816
6.86 0 0 1.0139000415802 -0.00762576004490256 -90.5198823531816
6.88 0 0 1.0139000415802 -0.00762576004490256 -90.5198823531816
6.9 0 0 1.0139000415802 -0.00762576004490256 -90.5198823531816
6.92 0 0 1.0139000415802 -0.00762576004490256 -90.5198823531816
6.94 0 0 1.0139000415802 -0.00762576004490256 -90.5198823531816
6.96 0 0 1.0139000415802 -0.00762576004490256 -90.5198823531816
6.98 0 0 1.0139000415802 -0.00762576004490256 -90.5198823531816
7 0 0 1.0139000415802 -0.00762576004490256 -90.5198823531816
7.02 0 0 1.0139000415802 -0.00762576004490256 -90.5198823531816
7.04 0 0 1.0139000415802 -0.00762576004490256 -90.5198823531816
7.06 0 0 1.0139000415802 -0.00762576004490256 -90.5198823531816
7.08 0 0 1.0139000415802 -0.00762576004490256 -90.5198823531816
7.1 0 0 1.0139000415802 -0.00762576004490256 -90.5198823531816
7.12 0 0 1.0139000415802 -0.00762576004490256 -90.5198823531816
7.14 0 0 1.0139000415802 -0.00762576004490256 -90.5198823531816
7.16 0 0 1.0139000415802 -0.00762576004490256 -90.5198823531816
7.18 0 0 1.0139000415802 -0.00762576004490256 -90.5198823531816
7.2 0 0 1.0139000415802 -0.00762576004490256 -90.5198823531816
7.22 0 0 1.0139000415802 -0.00762576004490256 -90.5198823531816
7.24 0 0 1.0139000415802 -0.00762576004490256 -90.5198823531816
7.26 0 0 1.0139000415802 -0.00762576004490256 -90.5198823531816
7.28 0 0 1.0139000415802 -0.00762576004490256 -90.5198823531816
7.3 0 0 1.0139000415802 -0.00762576004490256 -90.5198823531816
7.32 0 0 1.0139000415802 -0.00762576004490256 -90.5198823531816
7.34 0 0 1.0139000415802 -0.00762576004490256 -90.5198823531816
7.36 0 0 1.0139000415802 -0.00762576004490256 -90.5198823531816
7.38 0 0 1.0139000415802 -0.00762576004490256 -90.5198823531816
7.4 0 0 1.0139000415802 -0.00762576004490256 -90.5198823531816
7.42 0 0 1.0139000415802 -0.00762576004490256 -90.5198823531816
7.44 0 0 1.0139000415802 -0.00762576004490256 -90.5198823531816
7.46 0 0 1.0139000415802 -0.00762576004490256 -90.5198823531816
7.48 0 0 1.0139000415802 -0.00762576004490256 -90.5198823531816
7.5 0 0 1.0139000415802 -0.00762576004490256 -90.5198823531816
7.52 0 0 1.0139000415802 -0.00762576004490256 -90.5198823531816
7.54 0 0 1.0139000415802 -0.00762576004490256 -90.5198823531816
7.56 0 0 1.0139000415802 -0.00762576004490256 -90.5198823531816
7.58 0 0 1.0139000415802 -0.00762576004490256 -90.5198823531816
7.6 0 0 1.0139000415802 -0.00762576004490256 -90.5198823531816
7.62 0 0 1.0139000415802 -0.00762576004490256 -90.5198823531816
7.64 0 0 1.0139000415802 -0.00762576004490256 -90.5198823531816
7.66 0 0 1.0139000415802 -0.00762576004490256 -90.5198823531816
7.68 0 0 1.0139000415802 -0.00762576004490256 -90.5198823531816
7.7 0 0 1.0139000415802 -0.00762576004490256 -90.5198823531816
7.72 0 0 1.0139000415802 -0.00762576004490256 -90.5198823531816
7.74 0 0 1.0139000415802 -0.00762576004490256 -90.5198823531816
7.76 0 0 1.0139000415802 -0.00762576004490256 -90.5198823531816
7.78 0 0 1.0139000415802 -0.00762576004490256 -90.5198823531816
7.8 0 0 1.0139000415802 -0.00762576004490256 -90.5198823531816
7.82 0 0 1.0139000415802 -0.00762576004490256 -90.5198823531816
7.84 0 0 1.0139000415802 -0.00762576004490256 -90.5198823531816
7.86 0 0 1.0139000415802 -0.00762576004490256 -90.5198823531816
7.88 0 0 1.0139000415802 -0.00762576004490256 -90.5198823531816
7.9 0 0 1.0139000415802 -0.00762576004490256 -90.5198823531816
