0 0 0 -0.0500000007450581 0 -85.0000103339208
0.02 0 0 -0.0500000007450581 0 -85.0000103339208
0.04 0 0 -0.0500000007450581 0 -85.0000103339208
0.06 0 0 -0.0500000007450581 0 -85.0000103339208
0.08 0 0 -0.0500000007450581 0 -85.0000103339208
0.1 0 0 -0.0500000007450581 0 -85.0000103339208
0.12 0 0 -0.0500000007450581 0 -85.0000103339208
0.14 0 0 -0.0500000007450581 0 -85.0000103339208
0.16 0 0 -0.0500000007450581 0 -85.0000103339208
0.18 0 0 -0.0500000007450581 0 -85.0000103339208
0.2 0 0 -0.0500000007450581 0 -85.0000103339208
0.22 0 0 -0.0500000007450581 0 -85.0000103339208
0.24 0 0 -0.0500000007450581 0 -85.0000103339208
0.26 0 0 -0.0500000007450581 0 -85.0000103339208
0.28 0 0 -0.0500000007450581 0 -85.0000103339208
0.3 0 0 -0.0500000007450581 0 -85.0000103339208
0.32 0 0 -0.0500000007450581 0 -85.0000103339208
0.34 0 0 -0.0500000007450581 0 -85.0000103339208
0.36 0 0 -0.0500000007450581 0 -85.0000103339208
0.38 0 0 -0.0500000007450581 0 -85.0000103339208
0.4 0 0 -0.0500000007450581 0 -85.0000103339208
0.42 0 0 -0.0500000007450581 0 -85.0000103339208
0.44 0 0 -0.0500000007450581 0 -85.0000103339208
0.46 0 0 -0.0500000007450581 0 -85.0000103339208
0.48 0 0 -0.0500000007450581 0 -85.0000103339208
0.5 0 0 -0.0500000007450581 0 -85.0000103339208
0.52 0 0 -0.0500000007450581 0 -85.0000103339208
0.54 0 0 -0.0500000007450581 0 -85.0000103339208
0.56 0 0 -0.0500000007450581 0 -85.0000103339208
0.58 0 0 -0.0500000007450581 0 -85.0000103339208
0.6 0 0 -0.0500000007450581 0 -85.0000103339208
0.62 0 0 -0.0500000007450581 0 -85.0000103339208
0.64 0 0 -0.0500000007450581 0 -85.0000103339208
0.66 0 0 -0.0500000007450581 0 -85.0000103339208
0.68 0 0 -0.0500000007450581 0 -85.0000103339208
0.7 0 0 -0.0500000007450581 0 -85.0000103339208
0.72 0 0 -0.0500000007450581 0 -85.0000103339208
0.74 0 0 -0.0500000007450581 0 -85.0000103339208
0.76 0 0 -0.0500000007450581 0 -85.0000103339208
0.78 0 0 -0.0500000007450581 0 -85.0000103339208
0.8 0 0 -0.0500000007450581 0 -85.0000103339208
0.82 0 0 -0.0500000007450581 0 -85.0000103339208
0.84 0 0 -0.0500000007450581 0 -85.0000103339208
0.86 0 0 -0.0500000007450581 0 -85.0000103339208
0.88 0 0 -0.0500000007450581 0 -85.0000103339208
0.9 0 0 -0.0500000007450581 0 -85.0000103339208
0.92 0 0 -0.0500000007450581 0 -85.0000103339208
0.94 0 0 -0.0500000007450581 0 -85.0000103339208
0.96 0 0 -0.0500000007450581 0 -85.0000103339208
0.98 0 0 -0.0500000007450581 0 -85.0000103339208
1 0 0 -0.0500000007450581 0 -85.0000103339208
1.02 0 0 -0.0500000007450581 0 -85.0000103339208
1.04 0 0 -0.0500000007450581 0 -85.0000103339208
1.06 0 0 -0.0500000007450581 0 -85.0000103339208
1.08 0 0 -0.0500000007450581 0 -85.0000103339208
1.1 0 0 -0.0500000007450581 0 -85.0000103339208
1.12 0 0 -0.0500000007450581 0 -85.0000103339208
1.14 0 0 -0.0500000007450581 0 -85.0000103339208
1.16 0 0 -0.0500000007450581 0 -85.0000103339208
1.18 0 0 -0.0500000007450581 0 -85.0000103339208
1.2 0 0 -0.0500000007450581 0 -85.0000103339208
1.22 0 0 -0.0500000007450581 0 -85.0000103339208
1.24 0 0 -0.0500000007450581 0 -85.0000103339208
1.26 0 0 -0.0500000007450581 0 -85.0000103339208
1.28 0 0 -0.0500000007450581 0 -85.0000103339208
1.3 0 0 -0.0500000007450581 0 -85.0000103339208
1.32 0 0 -0.0500000007450581 0 -85.0000103339208
1.34 0 0 -0.0500000007450581 0 -85.0000103339208
1.36 0 0 -0.0500000007450581 0 -85.0000103339208
1.38 0 0 -0.0500000007450581 0 -85.0000103339208
1.4 0 0 -0.0500000007450581 0 -85.0000103339208
1.42 0 0 -0.0500000007450581 0 -85.0000103339208
1.44 0 0 -0.0500000007450581 0 -85.0000103339208
1.46 0 0 -0.0500000007450581 0 -85.0000103339208
1.48 0 0 -0.0500000007450581 0 -85.0000103339208
1.5 0 0 -0.0500000007450581 0 -85.0000103339208
1.52 0 0 -0.0500000007450581 0 -85.0000103339208
1.54 0 0 -0.0500000007450581 0 -85.0000103339208
1.56 0 0 -0.0500000007450581 0 -85.0000103339208
1.58 0 0 -0.0500000007450581 0 -85.0000103339208
1.6 0 0 -0.0500000007450581 0 -85.0000103339208
1.62 0 0 -0.0500000007450581 0 -85.0000103339208
1.64 0 0 -0.0500000007450581 0 -85.0000103339208
1.66 0 0 -0.0500000007450581 0 -85.0000103339208
1.68 0 0 -0.0500000007450581 0 -85.0000103339208
1.7 0 0 -0.0500000007450581 0 -85.0000103339208
1.72 0 0 -0.0500000007450581 0 -85.0000103339208
1.74 0 0 -0.0500000007450581 0 -85.0000103339208
1.76 0 0 -0.0500000007450581 0 -85.0000103339208
1.78 0 0 -0.0500000007450581 0 -85.0000103339208
1.8 0 0 -0.0500000007450581 0 -85.0000103339208
1.82 0 0 -0.0500000007450581 0 -85.0000103339208
1.84 0 0 -0.0500000007450581 0 -85.0000103339208
1.86 0 0 -0.0500000007450581 0 -85.0000103339208
1.88 0 0 -0.0500000007450581 0 -85.0000103339208
1.9 0 0 -0.0500000007450581 0 -85.0000103339208
1.92 0 0 -0.0500000007450581 0 -85.0000103339208
1.94 0 0 -0.0500000007450581 0 -85.0000103339208
1.96 0 0 -0.0500000007450581 0 -85.0000103339208
1.98 0 0 -0.0500000007450581 0 -85.0000103339208
2 0 0 -0.0500000007450581 0 -85.0000103339208
2.02 0 0 -0.0500000007450581 0 -85.0000103339208
2.04 0 0 -0.0500000007450581 0 -85.0000103339208
2.06 0 0 -0.0500000007450581 0 -85.0000103339208
2.08 0 0 -0.0500000007450581 0 -85.0000103339208
2.1 0 0 -0.0500000007450581 0 -85.0000103339208
2.12 0 0 -0.0500000007450581 0 -85.0000103339208
2.14 0 0 -0.0500000007450581 0 -85.0000103339208
2.16 0 0 -0.0500000007450581 0 -85.0000103339208
2.18 0 0 -0.0500000007450581 0 -85.0000103339208
2.2 0 0 -0.0500000007450581 0 -85.0000103339208
2.22 0 0 -0.0500000007450581 0 -85.0000103339208
2.24 0 0 -0.0500000007450581 0 -85.0000103339208
2.26 0 0 -0.0500000007450581 0 -85.0000103339208
2.28 0 0 -0.0500000007450581 0 -85.0000103339208
2.3 0 0 -0.0500000007450581 0 -85.0000103339208
2.32 0 0 -0.0500000007450581 0 -85.0000103339208
2.34 0 0 -0.0500000007450581 0 -85.0000103339208
2.36 0 0 -0.0500000007450581 0 -85.0000103339208
2.38 0 0 -0.0500000007450581 0 -85.0000103339208
2.4 0 0 -0.0500000007450581 0 -85.0000103339208
2.42 0 0 -0.0500000007450581 0 -85.0000103339208
2.44 0 0 -0.0500000007450581 0 -85.0000103339208
2.46 0 0 -0.0500000007450581 0 -85.0000103339208
2.48 0 0 -0.0500000007450581 0 -85.0000103339208
2.5 0 0 -0.0500000007450581 0 -85.0000103339208
2.52 0 0 -0.0500000007450581 0 -85.0000103339208
2.54 0 0 -0.0500000007450581 0 -85.0000103339208
2.56 0 0 -0.0500000007450581 0 -85.0000103339208
2.58 0 0 -0.0500000007450581 0 -85.0000103339208
2.6 0 0 -0.0500000007450581 0 -85.0000103339208
2.62 0 0 -0.0500000007450581 0 -85.0000103339208
2.64 0 0 -0.0500000007450581 0 -85.0000103339208
2.66 0 0 -0.0500000007450581 0 -85.0000103339208
2.68 0 0 -0.0500000007450581 0 -85.0000103339208
2.7 0 0 -0.0500000007450581 0 -85.0000103339208
2.72 0 0 -0.0500000007450581 0 -85.0000103339208
2.74 0 0 -0.0500000007450581 0 -85.0000103339208
2.76 0 0 -0.0500000007450581 0 -85.0000103339208
2.78 0 0 -0.0500000007450581 0 -85.0000103339208
2.8 0 0 -0.0500000007450581 0 -85.0000103339208
2.82 0 0 -0.0500000007450581 0 -85.0000103339208
2.84 0 0 -0.0500000007450581 0 -85.0000103339208
2.86 0 0 -0.0500000007450581 0 -85.0000103339208
2.88 0 0 -0.0500000007450581 0 -85.0000103339208
2.9 0 0 -0.0500000007450581 0 -85.0000103339208
2.92 0 0 -0.0500000007450581 0 -85.0000103339208
2.94 0 0 -0.0500000007450581 0 -85.0000103339208
2.96 0 0 -0.0500000007450581 0 -85.0000103339208
2.98 0 0 -0.0500000007450581 0 -85.0000103339208
3 -0.405391007661819 0.00425834022462368 -0.0499929003417492 -0.0000848721028887667 -85.464674933346
3.02 -0.79644501209259 0.00261344993487 -0.0499892011284828 -0.000137009003083222 -86.3773999423243
3.04 -1.04168999195099 0.00896418001502752 -0.0499797016382217 -0.000316041987389326 -87.5708662167577
3.06 -1.17849004268646 0.0360324010252953 -0.049957700073719 -0.00103635003324598 -88.921331219453
3.08 -1.00490999221802 0.079457700252533 -0.0499437004327774 -0.00262545002624393 -90.0729762455984
3.1 -0.849110007286072 0.109486997127533 -0.0499650985002518 -0.00481508020311594 -91.0458615607861
3.12 -0.415066003799438 0.151104003190994 -0.0500327982008457 -0.00783639028668404 -91.5214134817484
3.14 -0.042621698230505 0.184045001864433 -0.0501320995390415 -0.0115158995613456 -91.5701127305306
3.16 0.333701014518738 0.200253993272781 -0.0502284988760948 -0.0155199002474546 -91.1879499860899
3.18 0.660082995891571 0.211888998746872 -0.0502884015440941 -0.0197572000324726 -90.4316499694834
3.2 0.867581009864807 0.224564000964165 -0.0502833016216755 -0.0242484994232655 -89.4375637471119
3.22 1.03236997127533 0.240777999162674 -0.0501862987875938 -0.0290630999952555 -88.2544110583252
3.24 1.09036004543304 0.252261996269226 -0.0499776005744934 -0.0341040007770061 -87.004786968536
3.26 1.10237002372742 0.266676008701324 -0.0496402010321617 -0.0394269004464149 -85.7414137079475
3.28 0.988057971000671 0.286915004253387 -0.0491576008498669 -0.0451448000967503 -84.609248381315
3.3 0.790026009082794 0.294375002384186 -0.0485582984983921 -0.0510017015039921 -83.7039751087213
3.32 0.647107005119324 0.305519998073578 -0.0478488989174366 -0.0570707991719246 -82.9625717346945
3.34 0.484678000211716 0.310396999120712 -0.0470585003495216 -0.0632281973958015 -82.4073729778207
3.36 0.378931999206543 0.315710008144379 -0.0462003983557224 -0.0694838985800743 -81.9730685692561
3.38 0.259193986654282 0.320654988288879 -0.0452884994447231 -0.075831800699234 -81.6757094535503
3.4 0.256123006343842 0.327854007482529 -0.0443225987255573 -0.0823173001408577 -81.3823528286982
3.42 0.286761999130249 0.3350810110569 -0.0432993993163109 -0.0889403969049454 -81.0540461258631
3.44 0.302693009376526 0.339486002922058 -0.0422233007848263 -0.0956443026661873 -80.7068334594054
3.46 0.437485009431839 0.349601000547409 -0.0410640016198158 -0.102540001273155 -80.2054975743263
3.48 0.543370008468628 0.356784999370575 -0.0398119986057281 -0.109564997255802 -79.5832673409379
3.5 0.661861002445221 0.363761007785797 -0.0384492017328739 -0.116710998117924 -78.8246655505811
3.52 0.737338006496429 0.364160001277924 -0.0369849987328053 -0.123845003545284 -77.9795525841968
3.54 0.853474020957947 0.370142996311188 -0.0353814996778965 -0.131072998046875 -77.0015173063749
3.56 0.868182003498077 0.370929002761841 -0.0336502008140087 -0.138285994529724 -76.0068641783023
3.58 0.869150996208191 0.375584006309509 -0.0317705981433392 -0.145558997988701 -75.0110635784491
3.6 0.804965019226074 0.37583801150322 -0.0297681000083685 -0.152804002165794 -74.0885987197144
3.62 0.806672990322113 0.379130989313126 -0.0276305004954338 -0.160079002380371 -73.1638457476078
3.64 0.779520988464355 0.381603986024857 -0.0253631994128227 -0.167366996407509 -72.2706072683316
3.66 0.699772000312805 0.379675000905991 -0.0230001993477345 -0.174583002924919 -71.4690367579061
3.68 0.666248023509979 0.38051700592041 -0.020533500239253 -0.181783005595207 -70.7052850049151
3.7 0.665877997875214 0.387623995542526 -0.0179232005029917 -0.189082995057106 -69.9421069878143
3.72 0.657196998596191 0.387071996927261 -0.0152204995974898 -0.196336999535561 -69.1892357261711
3.74 0.645582973957062 0.389627993106842 -0.0124049000442028 -0.203602999448776 -68.449546729626
3.76 0.678623020648956 0.392446011304855 -0.00947238970547915 -0.210883006453514 -67.6720458058357
3.78 0.659298002719879 0.389759004116058 -0.00646344013512135 -0.218075007200241 -66.9163126949302
3.8 0.688390016555786 0.390489995479584 -0.00335202994756401 -0.225237995386124 -66.1273507137126
3.82 0.709815979003906 0.39512500166893 -0.000102660997072235 -0.232440993189812 -65.3143259760491
3.84 0.703119993209839 0.390812993049622 0.00321160000748932 -0.239519998431206 -64.5081724086906
3.86 0.676199018955231 0.392031013965607 0.00663380976766348 -0.246573999524117 -63.7335333341625
3.88 0.675921976566315 0.393245011568069 0.0101619996130466 -0.253603994846344 -62.9588942596344
3.9 0.708868980407715 0.39307901263237 0.0137855997309089 -0.260580003261566 -62.1464432578612
3.92 0.717712998390198 0.394993990659714 0.017526600509882 -0.267538011074066 -61.3242455761423
3.94 0.743709981441498 0.39613801240921 0.0213798992335796 -0.274461001157761 -60.4722546092638
3.96 0.721499025821686 0.397796988487244 0.0253507997840643 -0.281354993581772 -59.645480700801
3.98 0.720459997653961 0.398301988840103 0.0294259004294872 -0.288199990987778 -58.8198474339296
4 0.744979977607727 0.400148987770081 0.0336202010512352 -0.2950159907341 -57.9661420895695
4.02 0.743086993694305 0.399278998374939 0.0379060991108418 -0.301753997802734 -57.1144960472441
4.04 0.74405699968338 0.398984998464584 0.04228850081563 -0.30842199921608 -56.2618767029619
4.06 0.729140996932983 0.399087011814117 0.0467698015272617 -0.315026998519897 -55.4263328316048
4.08 0.714757025241852 0.397482991218567 0.0513277016580105 -0.321539998054504 -54.6072906972825
4.1 0.732836008071899 0.399246007204056 0.0559999011456966 -0.328016012907028 -53.7675052784508
4.12 0.726925015449524 0.400573998689651 0.0607821010053158 -0.334443002939224 -52.9344817468975
4.14 0.7309889793396 0.396192997694016 0.0656040981411934 -0.340730994939804 -52.0968751584111
4.16 0.729879975318909 0.398023992776871 0.0755738988518715 -0.353163987398148 -50.4408548130059
4.18 0.747057974338531 0.39936101436615 0.0807065963745117 -0.359283000230789 -49.5847998835713
4.2 0.740177989006042 0.399814009666443 0.0859356969594955 -0.365332990884781 -48.736592841493
4.22 0.74975997209549 0.402786999940872 0.0912939012050629 -0.371347993612289 -47.8774404212698
4.24 0.717204988002777 0.399967014789581 0.0967015996575356 -0.377243012189865 -47.0555910791985
4.26 0.705522000789642 0.399563014507294 0.102187000215054 -0.383053988218308 -46.2470913418601
4.28 0.688804984092712 0.398737013339996 0.107741996645927 -0.388776004314423 -45.4577844360895
4.3 0.678600013256073 0.399134010076523 0.113379001617432 -0.394428014755249 -44.6801639839887
4.32 0.704783022403717 0.398124009370804 0.119079999625683 -0.399985998868942 -43.8725248504857
4.34 0.710300981998444 0.399985998868942 0.124886997044086 -0.405490010976791 -43.0585814523788
4.36 0.721867978572845 0.398115992546082 0.130742996931076 -0.410883992910385 -42.2314011476604
4.38 0.72623199224472 0.396153002977371 0.136647999286652 -0.416166007518768 -41.3991801633345
4.4 0.763635993003845 0.398440986871719 0.14266599714756 -0.421389997005463 -40.5241577985747
4.42 0.755324006080627 0.397873014211655 0.148754000663757 -0.426515012979507 -39.6585918307208
4.44 0.795382976531982 0.396735012531281 0.154901996254921 -0.431529998779297 -38.747188463347
4.46 0.754330992698669 0.398234993219376 0.161151006817818 -0.436468005180359 -37.8827665521791
4.48 0.737707018852234 0.400902986526489 0.167515993118286 -0.441345006227493 -37.0374247744576
4.5 0.726023972034454 0.397940009832382 0.173904001712799 -0.446092009544373 -36.2054326014689
4.52 0.706237018108368 0.398485988378525 0.180368006229401 -0.45075398683548 -35.396188373511
4.54 0.674305975437164 0.398095995187759 0.186888992786407 -0.455321997404099 -34.6234378462884
4.56 0.671649992465973 0.397541999816895 0.193461999297142 -0.459796011447906 -33.8537848098545
4.58 0.647845983505249 0.399742990732193 0.200130000710487 -0.464206010103226 -33.1114593602897
4.6 0.676037013530731 0.39792999625206 0.206825003027916 -0.468508988618851 -32.3367622291537
4.62 0.669596016407013 0.400976985692978 0.213630005717278 -0.47275298833847 -31.5694587777942
4.64 0.710093021392822 0.405252009630203 0.220565006136894 -0.476947009563446 -30.7557441910245
4.66 0.752529978752136 0.40404200553894 0.227540999650955 -0.481027007102966 -29.893384996986
4.68 0.762804985046387 0.405927985906601 0.234610006213188 -0.485018998384476 -29.0192812926696
4.7 0.763036012649536 0.401775985956192 0.241666004061699 -0.488864004611969 -28.1449470694687
4.72 0.780444025993347 0.399789988994598 0.248744994401932 -0.492579996585846 -27.2506174674726
4.74 0.756317019462585 0.400507003068924 0.255894005298615 -0.496194005012512 -26.3839040278381
4.76 0.749067008495331 0.399592012166977 0.26308000087738 -0.499691992998123 -25.5255558623896
4.78 0.723531007766724 0.396219998598099 0.270254999399185 -0.503054976463318 -24.6964870103657
4.8 0.737338006496429 0.399190992116928 0.277532994747162 -0.506336987018585 -23.8515447987107
4.82 0.726809024810791 0.396387994289398 0.284806996583939 -0.509490013122559 -23.0186937294339
4.84 0.754123985767365 0.395649999380112 0.29211300611496 -0.512529015541077 -22.1545023371505
4.86 0.697833001613617 0.401174992322922 0.299564987421036 -0.515502989292145 -21.3548237891251
4.88 0.690976023674011 0.396382987499237 0.306968003511429 -0.518338024616241 -20.5630546001587
4.9 0.68986701965332 0.396833002567291 0.314417988061905 -0.521075010299683 -19.7725438735468
4.92 0.704621016979218 0.399549007415771 0.321956992149353 -0.523724973201752 -18.965075494773
4.94 0.726832985877991 0.40158799290657 0.32957199215889 -0.526279985904694 -18.1322227179489
4.96 0.714317977428436 0.400422990322113 0.337199985980988 -0.528717994689941 -17.313638206301
4.98 0.707553029060364 0.40038400888443 0.344862014055252 -0.531046986579895 -16.5028452329487
5 0.692915022373199 0.398782014846802 0.352524012327194 -0.533258974552155 -15.7088408645764
5.02 0.704460024833679 0.399787992238998 0.360235989093781 -0.535369992256165 -14.9016012971398
5.04 0.740547001361847 0.399295002222061 0.367969006299973 -0.537365972995758 -14.0529929814478
5.06 0.729326009750366 0.393667995929718 0.375620007514954 -0.539222002029419 -13.2172194449799
5.08 0.745510995388031 0.394372999668121 0.383311986923218 -0.540968000888824 -12.3629395109558
5.1 0.704828977584839 0.397956997156143 0.391097992658615 -0.542617976665497 -11.5552406132976
5.12 0.732765972614288 0.39691498875618 0.398887008428574 -0.54415100812912 -10.7155713076818
5.14 0.729834020137787 0.403227001428604 0.406821995973587 -0.54559201002121 -9.87922488909722
5.16 0.716489017009735 0.396811008453369 0.414649993181229 -0.546898007392883 -9.05823358954049
5.18 0.741401016712189 0.400171995162964 0.42256298661232 -0.548098981380463 -8.20859476905743
5.2 0.691182971000671 0.400905013084412 0.430505990982056 -0.54918897151947 -7.41659506120648
5.22 0.704621016979218 0.399801999330521 0.43844199180603 -0.550166010856628 -6.60912540177227
5.24 0.69002902507782 0.400099992752075 0.446397006511688 -0.55103200674057 -5.81844349354431
5.26 0.696748018264771 0.402067989110947 0.454403012990952 -0.55179101228714 -5.02001572391073
5.28 0.690168023109436 0.399495005607605 0.462366998195648 -0.552434980869293 -4.22914470482013
5.3 0.705268025398254 0.398126006126404 0.470311999320984 -0.552965998649597 -3.42096491915565
5.32 0.729326009750366 0.399646997451782 0.478293985128403 -0.553385019302368 -2.58521998410487
5.34 0.740547001361847 0.400954008102417 0.486306995153427 -0.553687989711761 -1.73661785827177
5.36 0.785986006259918 0.401906996965408 0.494343012571335 -0.553867995738983 -0.835945411775091
5.38 0.758463978767395 0.403239011764526 0.502408027648926 -0.553924977779388 0.0331923047876789
5.4 0.75654798746109 0.400164008140564 0.510411024093628 -0.553858995437622 0.90013387540845
5.42 0.782453000545502 0.40226799249649 0.518454015254974 -0.553669989109039 1.79675553947963
5.44 0.728518009185791 0.396629005670547 0.534375011920929 -0.552932977676392 3.49298563541546
5.46 0.696839988231659 0.39818599820137 0.542320013046265 -0.552393019199371 4.29150561260283
5.48 0.679385006427765 0.397785007953644 0.550248980522156 -0.551742970943451 5.07002338080582
5.5 0.679385006427765 0.397875010967255 0.558170974254608 -0.550985991954803 5.84852407353588
5.52 0.662137985229492 0.398146986961365 0.566087007522583 -0.550122022628784 6.60729192286695
5.54 0.690168023109436 0.397477000951767 0.573976993560791 -0.549152970314026 7.39814586648463
5.56 0.68284797668457 0.398831009864807 0.58187997341156 -0.548071980476379 8.18063368214269
5.58 0.736944973468781 0.402081996202469 0.589830994606018 -0.546868979930878 9.02511656357603
5.6 0.755438983440399 0.403335005044937 0.597787976264954 -0.545544028282166 9.89079864464581
5.62 0.722307026386261 0.401383996009827 0.605686008930206 -0.544107973575592 10.7184937748729
5.64 0.773772001266479 0.402493000030518 0.613583981990814 -0.542549014091492 11.6052025933026
5.66 0.76622200012207 0.397206991910934 0.621352970600128 -0.540892004966736 12.4832037743141
5.68 0.738169014453888 0.397062003612518 0.629094004631042 -0.539117991924286 13.3290612313179
5.7 0.725446999073029 0.398449003696442 0.636834979057312 -0.537225008010864 14.1603652627477
5.72 0.723830997943878 0.398723006248474 0.644551992416382 -0.535218000411987 14.9898370959327
5.74 0.687488973140717 0.398927003145218 0.652244985103607 -0.5331010222435 15.777653312917
5.76 0.698940992355347 0.39936900138855 0.65991598367691 -0.530875980854034 16.5785903232969
5.78 0.704551994800568 0.398701012134552 0.667542994022369 -0.528546988964081 17.3859460039493
5.8 0.68825101852417 0.401533007621765 0.675189971923828 -0.526094973087311 18.1746228247691
5.82 0.704598009586334 0.399686008691788 0.682766973972321 -0.523548007011414 18.9820348544822
5.84 0.706167995929718 0.40404599905014 0.69038999080658 -0.520865023136139 19.7912227333795
5.86 0.721337020397186 0.40209099650383 0.697935998439789 -0.518087983131409 20.6178293022076
5.88 0.726601004600525 0.405281990766525 0.705501973628998 -0.515178978443146 21.4504515601472
5.9 0.703143000602722 0.402785003185272 0.712979018688202 -0.512179970741272 22.2562021463447
5.92 0.746689021587372 0.401358991861343 0.720385015010834 -0.509083986282349 23.1117994531049
5.94 0.746918976306915 0.403553992509842 0.727784991264343 -0.505860984325409 23.9677416844183
5.96 0.753615021705627 0.400606989860535 0.735081017017365 -0.502551019191742 24.8313029917508
5.98 0.720991015434265 0.398005992174149 0.742281019687653 -0.49915599822998 25.6575082869651
6 0.704389989376068 0.399282991886139 0.749454975128174 -0.495647996664047 26.464691505341
6.02 0.728541016578674 0.394766986370087 0.756497025489807 -0.492078006267548 27.2995489426865
6.04 0.754145979881287 0.400481998920441 0.763585984706879 -0.488350987434387 28.16374033497
6.06 0.735213994979858 0.401544988155365 0.770637989044189 -0.484508007764816 29.0062185558819
6.08 0.738654017448425 0.396528989076614 0.777545988559723 -0.480612009763718 29.852649748776
6.1 0.740939974784851 0.398050993680954 0.784421026706696 -0.476597994565964 30.7017139795951
6.12 0.733389019966125 0.405784994363785 0.791368007659912 -0.472402989864349 31.5420731343171
6.14 0.6665940284729 0.400523006916046 0.798166990280151 -0.468167006969452 32.3059375854294
6.16 0.708338022232056 0.40081799030304 0.804911971092224 -0.463835000991821 33.1176475116778
6.18 0.681924998760223 0.401349008083344 0.811604976654053 -0.459403991699219 33.8991065300921
6.2 0.684903979301453 0.399471014738083 0.818206012248993 -0.45490300655365 34.683943077051
6.22 0.6875119805336 0.39919900894165 0.824739992618561 -0.450313985347748 35.4717610015826
6.24 0.729672014713287 0.402983009815216 0.831269025802612 -0.445589005947113 36.30787860883
6.26 0.757125020027161 0.404130011796951 0.837746024131775 -0.440753996372223 37.1755072938132
6.28 0.737568974494934 0.403376013040543 0.844138026237488 -0.435831993818283 38.0206783168054
6.3 0.760079979896545 0.404060006141663 0.850466012954712 -0.430806010961533 38.8916879454278
6.32 0.781159996986389 0.403661996126175 0.856710016727448 -0.42568901181221 39.7868183871041
6.34 0.765897989273071 0.399336010217667 0.868902981281281 -0.415208011865616 41.5725576852262
6.36 0.705452024936676 0.402491003274918 0.874886989593506 -0.409824013710022 42.3809993659566
6.38 0.687188982963562 0.399235993623734 0.880747973918915 -0.404401004314423 43.1684177244218
6.4 0.669179975986481 0.397000998258591 0.886502981185913 -0.398930013179779 43.9352635531069
6.42 0.6632000207901 0.399091005325317 0.892214000225067 -0.393353998661041 44.6952347963923
6.44 0.680469989776611 0.399637997150421 0.897857010364532 -0.387694001197815 45.4749726071358
6.46 0.678530991077423 0.4009830057621 0.90344101190567 -0.381938010454178 46.2525350026286
6.48 0.706583976745605 0.399304986000061 0.908922970294952 -0.376130014657974 47.062236853261
6.5 0.711962997913361 0.402743995189667 0.914367973804474 -0.370195001363754 47.878072213768
6.52 0.733690023422241 0.400777012109756 0.919700026512146 -0.36421000957489 48.7188309345564
6.54 0.733020007610321 0.401032000780106 0.924947023391724 -0.358143985271454 49.5587871081173
6.56 0.727710008621216 0.401510000228882 0.93011200428009 -0.35199499130249 50.3926678284115
6.58 0.76172000169754 0.399264991283417 0.935155987739563 -0.345804005861282 51.265569419434
6.6 0.705868005752563 0.399964988231659 0.940117001533508 -0.339529007673264 52.0744140813255
6.62 0.74973601102829 0.40217998623848 0.945012986660004 -0.333146989345551 52.9335665015487
6.64 0.735189974308014 0.398470014333725 0.949769020080566 -0.326752990484238 53.7760430149134
6.66 0.739392995834351 0.403214007616043 0.954487025737762 -0.320212006568909 54.6232767550349
6.68 0.739277005195618 0.399338006973267 0.959061980247498 -0.313665986061096 55.470449023454
6.7 0.722006976604462 0.403355002403259 0.963586986064911 -0.30698698759079 56.2978000829016
6.72 0.73156601190567 0.402700990438461 0.968007028102875 -0.300255000591278 57.1360965204942
6.74 0.714388012886047 0.40378001332283 0.972339987754822 -0.293440014123917 57.9546810321422
6.76 0.726879000663757 0.404931008815765 0.976586997509003 -0.286545008420944 58.7877592052089
6.78 0.725908994674683 0.405977010726929 0.980745017528534 -0.279570013284683 59.6196967366842
6.8 0.721036970615387 0.404208987951279 0.984782993793488 -0.272567003965378 60.4459037394459
6.82 0.68885201215744 0.402357995510101 0.988704025745392 -0.265538990497589 61.2348657206635
6.84 0.713648974895477 0.403216004371643 0.992533981800079 -0.258442014455795 62.0530472511504
6.86 0.706237018108368 0.400602996349335 0.999839007854462 -0.244181007146835 63.6882696705328
6.88 0.704252004623413 0.400272011756897 1.00334000587463 -0.236981004476547 64.4949969737816
6.9 0.754193007946014 0.39657598733902 1.00670003890991 -0.229796007275581 65.3595896396788
6.92 0.75306099653244 0.4009830057621 1.00998997688293 -0.222481995820999 66.2224610979051
6.94 0.775250017642975 0.402835994958878 1.01318001747131 -0.215084001421928 67.1105496145471
6.96 0.741008996963501 0.398939996957779 1.01622998714447 -0.20771099627018 67.9596719019742
6.98 0.719651997089386 0.400548011064529 1.01918005943298 -0.200264006853104 68.7847314329553
7 0.694438993930817 0.400956004858017 1.02202999591827 -0.1927679926157 69.5799976787768
7.02 0.677838027477264 0.400546014308929 1.0247700214386 -0.185241997241974 70.3569248666768
7.04 0.703604996204376 0.400350004434586 1.02741003036499 -0.177681997418404 71.1630784340353
7.06 0.673451006412506 0.401093006134033 1.02995002269745 -0.170073002576828 71.934848829112
7.08 0.677745997905731 0.399462997913361 1.03237998485565 -0.162460997700691 72.7117828472012
7.1 0.686981022357941 0.399809986352921 1.03470003604889 -0.15480999648571 73.4990236207479
7.12 0.703927993774414 0.401946991682053 1.03692996501923 -0.14708599448204 74.3051771881064
7.14 0.712239980697632 0.402009010314941 1.0390499830246 -0.139329999685287 75.1216443411117
7.16 0.747588992118835 0.404953002929688 1.04106998443604 -0.131486997008324 75.9782115347341
7.18 0.776242017745972 0.403504014015198 1.04296004772186 -0.12364300340414 76.8680144288577
7.2 0.791365027427673 0.406448990106583 1.04474997520447 -0.115712001919746 77.7744351732321
7.22 0.767076015472412 0.403086006641388 1.0479199886322 -0.0999011024832726 79.5225332988382
7.24 0.733043015003204 0.401192992925644 1.04932999610901 -0.0920004993677139 80.3624894723991
7.26 0.731750011444092 0.398974001407623 1.05060005187988 -0.0841241031885147 81.2012981741794
7.28 0.687789022922516 0.39953801035881 1.05176997184753 -0.0762192010879517 81.9896864195067
7.3 0.696725010871887 0.397022992372513 1.0528199672699 -0.0683486983180046 82.7878145145905
7.32 0.714226007461548 0.398723006248474 1.05376994609833 -0.0604302994906902 83.6060028752666
7.34 0.675391018390656 0.399527996778488 1.05460000038147 -0.0524837002158165 84.3800682139044
7.36 0.698710978031158 0.399278998374939 1.05533003807068 -0.04453120008111 85.1810649884395
7.38 0.736783981323242 0.402330011129379 1.05595004558563 -0.0365082994103432 86.0250304830432
7.4 0.710138976573944 0.396346986293793 1.05643999576569 -0.0285966992378235 86.838628956597
7.42 0.715658009052277 0.397264003753662 1.05682003498077 -0.020660599693656 87.6591054306451
7.44 0.691182971000671 0.399302989244461 1.05709004402161 -0.0126791000366211 88.4509292611249
7.46 0.586498975753784 0.341632008552551 1.05724000930786 -0.005848019849509 89.1230130452652
7.48 0.270137995481491 0.258009999990463 1.05729997158051 -0.0006882359739393 89.4324069542885
7.5 0.100319996476173 0.207063004374504 1.05734002590179 0.00345286005176604 89.5475707738841
7.52 0.136592999100685 0.169470995664597 1.05736005306244 0.00684220995754004 89.7039889360667
7.54 0.130312994122505 0.135928004980087 1.05736994743347 0.00956074986606836 89.8535359279441
7.56 0.0591995008289814 0.10419899970293 1.05737996101379 0.0116446996107697 89.921141140349
7.58 0.0818725004792213 0.0683377981185913 1.05737996101379 0.0130115002393723 90.0151040527608
7.6 0.0156772006303072 0.0436234995722771 1.05737996101379 0.013883899897337 90.032869374792
7.62 0.0112442001700401 0.0299903005361557 1.05737996101379 0.0144836995750666 90.046044809701
7.64 -0.00655718985944986 0.0161629002541304 1.05737996101379 0.0148069998249412 90.0385999035057
7.66 -0.00279374001547694 0.00905000045895576 1.05737996101379 0.01498799957335 90.035157488164
7.68 -0.00251666991971433 0.00537606002762914 1.05737996101379 0.0150955002754927 90.0322956389018
7.7 0 0 1.05737996101379 0.0150955002754927 90.0322956389018
7.72 0 0 1.05737996101379 0.0150955002754927 90.0322956389018
7.74 0 0 1.05737996101379 0.0150955002754927 90.0322956389018
7.76 0 0 1.05737996101379 0.0150955002754927 90.0322956389018
7.78 0 0 1.05737996101379 0.0150955002754927 90.0322956389018
7.8 0 0 1.05737996101379 0.0150955002754927 90.0322956389018
7.82 0 0 1.05737996101379 0.0150955002754927 90.0322956389018
7.84 0 0 1.05737996101379 0.0150955002754927 90.0322956389018
7.86 0 0 1.05737996101379 0.0150955002754927 90.0322956389018
7.88 0 0 1.05737996101379 0.0150955002754927 90.0322956389018
7.9 0 0 1.05737996101379 0.0150955002754927 90.0322956389018
7.92 0 0 1.05737996101379 0.0150955002754927 90.0322956389018
7.94 0 0 1.05737996101379 0.0150955002754927 90.0322956389018
7.96 0 0 1.05737996101379 0.0150955002754927 90.0322956389018
7.98 0 0 1.05737996101379 0.0150955002754927 90.0322956389018
8 0 0 1.05737996101379 0.0150955002754927 90.0322956389018
8.02 0 0 1.05737996101379 0.0150955002754927 90.0322956389018
8.04 0 0 1.05737996101379 0.0150955002754927 90.0322956389018
8.06 0 0 1.05737996101379 0.0150955002754927 90.0322956389018
8.08 0 0 1.05737996101379 0.0150955002754927 90.0322956389018
8.1 0 0 1.05737996101379 0.0150955002754927 90.0322956389018
8.12 0 0 1.05737996101379 0.0150955002754927 90.0322956389018
8.14 0 0 1.05737996101379 0.0150955002754927 90.0322956389018
8.16 0 0 1.05737996101379 0.0150955002754927 90.0322956389018
8.18 0 0 1.05737996101379 0.0150955002754927 90.0322956389018
8.2 0 0 1.05737996101379 0.0150955002754927 90.0322956389018
8.22 0 0 1.05737996101379 0.0150955002754927 90.0322956389018
8.24 0 0 1.05737996101379 0.0150955002754927 90.0322956389018
8.26 0 0 1.05737996101379 0.0150955002754927 90.0322956389018
8.28 0 0 1.05737996101379 0.0150955002754927 90.0322956389018
8.3 0 0 1.05737996101379 0.0150955002754927 90.0322956389018
8.32 0 0 1.05737996101379 0.0150955002754927 90.0322956389018
8.34 0 0 1.05737996101379 0.0150955002754927 90.0322956389018
8.36 0 0 1.05737996101379 0.0150955002754927 90.0322956389018
8.38 0 0 1.05737996101379 0.0150955002754927 90.0322956389018
8.4 0 0 1.05737996101379 0.0150955002754927 90.0322956389018
8.42 0 0 1.05737996101379 0.0150955002754927 90.0322956389018
8.44 0 0 1.05737996101379 0.0150955002754927 90.0322956389018
8.46 0 0 1.05737996101379 0.0150955002754927 90.0322956389018
8.48 0 0 1.05737996101379 0.0150955002754927 90.0322956389018
8.5 0 0 1.05737996101379 0.0150955002754927 90.0322956389018
8.52 0 0 1.05737996101379 0.0150955002754927 90.0322956389018
8.54 0 0 1.05737996101379 0.0150955002754927 90.0322956389018
8.56 0 0 1.05737996101379 0.0150955002754927 90.0322956389018
8.58 0 0 1.05737996101379 0.0150955002754927 90.0322956389018
8.6 0 0 1.05737996101379 0.0150955002754927 90.0322956389018
8.62 0 0 1.05737996101379 0.0150955002754927 90.0322956389018
8.64 0 0 1.05737996101379 0.0150955002754927 90.0322956389018
8.66 0 0 1.05737996101379 0.0150955002754927 90.0322956389018
8.68 0 0 1.05737996101379 0.0150955002754927 90.0322956389018
8.7 0 0 1.05737996101379 0.0150955002754927 90.0322956389018
8.72 -0.00616469001397491 0.0293405000120401 1.05737996101379 0.0156823005527258 90.0254176384076
8.74 -0.113595999777317 0.0324973985552788 1.05737996101379 0.0163323003798723 89.8953571762321
8.76 -0.120685003697872 0.0427897982299328 1.05737996101379 0.0171881001442671 89.7567043360808
8.78 -0.0897457972168922 0.0480452999472618 1.05737996101379 0.0181489996612072 89.6541422155039
8.8 -0.101659998297691 0.0484988987445831 1.05738997459412 0.0191188994795084 89.5372571882374
8.82 0.22409899532795 0.0792656987905502 1.05739998817444 0.0207042004913092 89.794516263326
