0 0 0 -0.0371798984706402 -0.0420412011444569 -96.2895685413358
0.02 0 0 -0.0371798984706402 -0.0420412011444569 -96.2895685413358
0.04 0 0 -0.0371798984706402 -0.0420412011444569 -96.2895685413358
0.06 0 0 -0.0371798984706402 -0.0420412011444569 -96.2895685413358
0.08 0 0 -0.0371798984706402 -0.0420412011444569 -96.2895685413358
0.1 0 0 -0.0371798984706402 -0.0420412011444569 -96.2895685413358
0.12 0 0 -0.0371798984706402 -0.0420412011444569 -96.2895685413358
0.14 0 0 -0.0371798984706402 -0.0420412011444569 -96.2895685413358
0.16 0 0 -0.0371798984706402 -0.0420412011444569 -96.2895685413358
0.18 0 0 -0.0371798984706402 -0.0420412011444569 -96.2895685413358
0.2 0 0 -0.0371798984706402 -0.0420412011444569 -96.2895685413358
0.22 0 0 -0.0371798984706402 -0.0420412011444569 -96.2895685413358
0.24 0 0 -0.0371798984706402 -0.0420412011444569 -96.2895685413358
0.26 0 0 -0.0371798984706402 -0.0420412011444569 -96.2895685413358
0.28 0 0 -0.0371798984706402 -0.0420412011444569 -96.2895685413358
0.3 0 0 -0.0371798984706402 -0.0420412011444569 -96.2895685413358
0.32 0 0 -0.0371798984706402 -0.0420412011444569 -96.2895685413358
0.34 0 0 -0.0371798984706402 -0.0420412011444569 -96.2895685413358
0.36 0 0 -0.0371798984706402 -0.0420412011444569 -96.2895685413358
0.38 0 0 -0.0371798984706402 -0.0420412011444569 -96.2895685413358
0.4 0 0 -0.0371798984706402 -0.0420412011444569 -96.2895685413358
0.42 0 0 -0.0371798984706402 -0.0420412011444569 -96.2895685413358
0.44 0 0 -0.0371798984706402 -0.0420412011444569 -96.2895685413358
0.46 0 0 -0.0371798984706402 -0.0420412011444569 -96.2895685413358
0.48 0 0 -0.0371798984706402 -0.0420412011444569 -96.2895685413358
0.5 0 0 -0.0371798984706402 -0.0420412011444569 -96.2895685413358
0.52 0 0 -0.0371798984706402 -0.0420412011444569 -96.2895685413358
0.54 0 0 -0.0371798984706402 -0.0420412011444569 -96.2895685413358
0.56 0 0 -0.0371798984706402 -0.0420412011444569 -96.2895685413358
0.58 0 0 -0.0371798984706402 -0.0420412011444569 -96.2895685413358
0.6 0 0 -0.0371798984706402 -0.0420412011444569 -96.2895685413358
0.62 0 0 -0.0371798984706402 -0.0420412011444569 -96.2895685413358
0.64 0 0 -0.0371798984706402 -0.0420412011444569 -96.2895685413358
0.66 0 0 -0.0371798984706402 -0.0420412011444569 -96.2895685413358
0.68 0 0 -0.0371798984706402 -0.0420412011444569 -96.2895685413358
0.7 0 0 -0.0371798984706402 -0.0420412011444569 -96.2895685413358
0.72 0 0 -0.0371798984706402 -0.0420412011444569 -96.2895685413358
0.74 0 0 -0.0371798984706402 -0.0420412011444569 -96.2895685413358
0.76 0 0 -0.0371798984706402 -0.0420412011444569 -96.2895685413358
0.78 0 0 -0.0371798984706402 -0.0420412011444569 -96.2895685413358
0.8 0 0 -0.0371798984706402 -0.0420412011444569 -96.2895685413358
0.82 0 0 -0.0371798984706402 -0.0420412011444569 -96.2895685413358
0.84 0 0 -0.0371798984706402 -0.0420412011444569 -96.2895685413358
0.86 0 0 -0.0371798984706402 -0.0420412011444569 -96.2895685413358
0.88 0 0 -0.0371798984706402 -0.0420412011444569 -96.2895685413358
0.9 0 0 -0.0371798984706402 -0.0420412011444569 -96.2895685413358
0.92 0 0 -0.0371798984706402 -0.0420412011444569 -96.2895685413358
0.94 0 0 -0.0371798984706402 -0.0420412011444569 -96.2895685413358
0.96 0 0 -0.0371798984706402 -0.0420412011444569 -96.2895685413358
0.98 0 0 -0.0371798984706402 -0.0420412011444569 -96.2895685413358
1 0 0 -0.0371798984706402 -0.0420412011444569 -96.2895685413358
1.02 0 0 -0.0371798984706402 -0.0420412011444569 -96.2895685413358
1.04 0 0 -0.0371798984706402 -0.0420412011444569 -96.2895685413358
1.06 0 0 -0.0371798984706402 -0.0420412011444569 -96.2895685413358
1.08 0 0 -0.0371798984706402 -0.0420412011444569 -96.2895685413358
1.1 0 0 -0.0371798984706402 -0.0420412011444569 -96.2895685413358
1.12 0 0 -0.0371798984706402 -0.0420412011444569 -96.2895685413358
1.14 0 0 -0.0371798984706402 -0.0420412011444569 -96.2895685413358
1.16 0 0 -0.0371798984706402 -0.0420412011444569 -96.2895685413358
1.18 0 0 -0.0371798984706402 -0.0420412011444569 -96.2895685413358
1.2 0 0 -0.0371798984706402 -0.0420412011444569 -96.2895685413358
1.22 0 0 -0.0371798984706402 -0.0420412011444569 -96.2895685413358
1.24 0 0 -0.0371798984706402 -0.0420412011444569 -96.2895685413358
1.26 0 0 -0.0371798984706402 -0.0420412011444569 -96.2895685413358
1.28 0 0 -0.0371798984706402 -0.0420412011444569 -96.2895685413358
1.3 0 0 -0.0371798984706402 -0.0420412011444569 -96.2895685413358
1.32 0 0 -0.0371798984706402 -0.0420412011444569 -96.2895685413358
1.34 0 0 -0.0371798984706402 -0.0420412011444569 -96.2895685413358
1.36 0 0 -0.0371798984706402 -0.0420412011444569 -96.2895685413358
1.38 0 0 -0.0371798984706402 -0.0420412011444569 -96.2895685413358
1.4 0 0 -0.0371798984706402 -0.0420412011444569 -96.2895685413358
1.42 0 0 -0.0371798984706402 -0.0420412011444569 -96.2895685413358
1.44 0 0 -0.0371798984706402 -0.0420412011444569 -96.2895685413358
1.46 0 0 -0.0371798984706402 -0.0420412011444569 -96.2895685413358
1.48 0 0 -0.0371798984706402 -0.0420412011444569 -96.2895685413358
1.5 0 0 -0.0371798984706402 -0.0420412011444569 -96.2895685413358
1.52 0 0 -0.0371798984706402 -0.0420412011444569 -96.2895685413358
1.54 0 0 -0.0371798984706402 -0.0420412011444569 -96.2895685413358
1.56 0 0 -0.0371798984706402 -0.0420412011444569 -96.2895685413358
1.58 0 0 -0.0371798984706402 -0.0420412011444569 -96.2895685413358
1.6 0 0 -0.0371798984706402 -0.0420412011444569 -96.2895685413358
1.62 0 0 -0.0371798984706402 -0.0420412011444569 -96.2895685413358
1.64 0 0 -0.0371798984706402 -0.0420412011444569 -96.2895685413358
1.66 0 0 -0.0371798984706402 -0.0420412011444569 -96.2895685413358
1.68 0 0 -0.0371798984706402 -0.0420412011444569 -96.2895685413358
1.7 0 0 -0.0371798984706402 -0.0420412011444569 -96.2895685413358
1.72 0 0 -0.0371798984706402 -0.0420412011444569 -96.2895685413358
1.74 0 0 -0.0371798984706402 -0.0420412011444569 -96.2895685413358
1.76 0 0 -0.0371798984706402 -0.0420412011444569 -96.2895685413358
1.78 0 0 -0.0371798984706402 -0.0420412011444569 -96.2895685413358
1.8 0 0 -0.0371798984706402 -0.0420412011444569 -96.2895685413358
1.82 0 0 -0.0371798984706402 -0.0420412011444569 -96.2895685413358
1.84 0 0 -0.0371798984706402 -0.0420412011444569 -96.2895685413358
1.86 0 0 -0.0371798984706402 -0.0420412011444569 -96.2895685413358
1.88 0 0 -0.0371798984706402 -0.0420412011444569 -96.2895685413358
1.9 0 0 -0.0371798984706402 -0.0420412011444569 -96.2895685413358
1.92 0 0 -0.0371798984706402 -0.0420412011444569 -96.2895685413358
1.94 0 0 -0.0371798984706402 -0.0420412011444569 -96.2895685413358
1.96 0 0 -0.0371798984706402 -0.0420412011444569 -96.2895685413358
1.98 0 0 -0.0371798984706402 -0.0420412011444569 -96.2895685413358
2 0 0 -0.0371798984706402 -0.0420412011444569 -96.2895685413358
2.02 0 0 -0.0371798984706402 -0.0420412011444569 -96.2895685413358
2.04 0 0 -0.0371798984706402 -0.0420412011444569 -96.2895685413358
2.06 0 0 -0.0371798984706402 -0.0420412011444569 -96.2895685413358
2.08 0 0 -0.0371798984706402 -0.0420412011444569 -96.2895685413358
2.1 0 0 -0.0371798984706402 -0.0420412011444569 -96.2895685413358
2.12 0 0 -0.0371798984706402 -0.0420412011444569 -96.2895685413358
2.14 0 0 -0.0371798984706402 -0.0420412011444569 -96.2895685413358
2.16 0 0 -0.0371798984706402 -0.0420412011444569 -96.2895685413358
2.18 0 0 -0.0371798984706402 -0.0420412011444569 -96.2895685413358
2.2 0 0 -0.0371798984706402 -0.0420412011444569 -96.2895685413358
2.22 0 0 -0.0371798984706402 -0.0420412011444569 -96.2895685413358
2.24 0 0 -0.0371798984706402 -0.0420412011444569 -96.2895685413358
2.26 0 0 -0.0371798984706402 -0.0420412011444569 -96.2895685413358
2.28 0 0 -0.0371798984706402 -0.0420412011444569 -96.2895685413358
2.3 0 0 -0.0371798984706402 -0.0420412011444569 -96.2895685413358
2.32 0 0 -0.0371798984706402 -0.0420412011444569 -96.2895685413358
2.34 0 0 -0.0371798984706402 -0.0420412011444569 -96.2895685413358
2.36 0 0 -0.0371798984706402 -0.0420412011444569 -96.2895685413358
2.38 0 0 -0.0371798984706402 -0.0420412011444569 -96.2895685413358
2.4 0 0 -0.0371798984706402 -0.0420412011444569 -96.2895685413358
2.42 0 0 -0.0371798984706402 -0.0420412011444569 -96.2895685413358
2.44 0 0 -0.0371798984706402 -0.0420412011444569 -96.2895685413358
2.46 0 0 -0.0371798984706402 -0.0420412011444569 -96.2895685413358
2.48 0 0 -0.0371798984706402 -0.0420412011444569 -96.2895685413358
2.5 0 0 -0.0371798984706402 -0.0420412011444569 -96.2895685413358
2.52 0 0 -0.0371798984706402 -0.0420412011444569 -96.2895685413358
2.54 0 0 -0.0371798984706402 -0.0420412011444569 -96.2895685413358
2.56 0 0 -0.0371798984706402 -0.0420412011444569 -96.2895685413358
2.58 0 0 -0.0371798984706402 -0.0420412011444569 -96.2895685413358
2.6 0 0 -0.0371798984706402 -0.0420412011444569 -96.2895685413358
2.62 0 0 -0.0371798984706402 -0.0420412011444569 -96.2895685413358
2.64 0 0 -0.0371798984706402 -0.0420412011444569 -96.2895685413358
2.66 0 0 -0.0371798984706402 -0.0420412011444569 -96.2895685413358
2.68 0 0 -0.0371798984706402 -0.0420412011444569 -96.2895685413358
2.7 0 0 -0.0371798984706402 -0.0420412011444569 -96.2895685413358
2.72 0 0 -0.0371798984706402 -0.0420412011444569 -96.2895685413358
2.74 0 0 -0.0371798984706402 -0.0420412011444569 -96.2895685413358
2.76 0 0 -0.0371798984706402 -0.0420412011444569 -96.2895685413358
2.78 1.23063004016876 0.000404585007345304 -0.0371806994080544 -0.0420491993427277 -94.8795169683212
2.8 3.64685988426209 0.00486727012321353 -0.037185400724411 -0.0421463996171951 -90.7003632718101
2.82 5.01020002365112 -0.00257053994573653 -0.0371874012053013 -0.042095098644495 -84.9593297272241
2.84 3.41106009483337 0.0123848002403975 -0.0371572002768517 -0.0423409007489681 -81.0506105407106
2.86 -0.827291011810303 0.00761556997895241 -0.037134800106287 -0.0424915999174118 -81.9982787974826
2.88 -3.2553699016571 0.00812027044594288 -0.0371173992753029 -0.042653001844883 -85.7288120089288
2.9 -2.6391499042511 -0.00203721993602812 -0.0371193997561932 -0.042612299323082 -88.7528782639529
2.92 1.78617000579834 0.0225074999034405 -0.0371014997363091 -0.0430620983242989 -86.7062735508605
2.94 3.72525000572205 0.0114080002531409 -0.0370800010859966 -0.0432893000543118 -82.4377399988705
2.96 -1.44133996963501 0.0289584007114172 -0.0369280017912388 -0.0442144982516766 -81.2746339152979
2.98 -3.54981994628906 0.0258994996547699 -0.0368675999343395 -0.0447289012372494 -85.3426399434454
3 -2.95885992050171 0.00807124003767967 -0.0368592999875546 -0.0448900982737541 -88.7328248285498
3.02 1.54800999164581 0.0208585001528263 -0.0368436016142368 -0.0453069992363453 -86.958949569016
3.04 3.62829995155334 0.00579492980614305 -0.0368332006037235 -0.0454225018620491 -82.8015705155789
3.06 2.62723994255066 0.0488012991845608 -0.0366855002939701 -0.0463871993124485 -79.7906728652746
3.08 -1.63715004920959 0.0271336995065212 -0.0365981012582779 -0.0469227991998196 -81.6671102453853
3.1 -3.69885993003845 0.0121333999559283 -0.0365719012916088 -0.0471641011536121 -85.9052836065145
3.12 -2.61436009407043 0.0177628006786108 -0.0365558005869389 -0.0475189983844757 -88.9012777840498
3.14 1.29063999652863 0.0069085699506104 -0.0365513004362583 -0.04765709862113 -87.4224735268499
3.16 3.39334988594055 -0.00342057994566858 -0.0365566983819008 -0.047588899731636 -83.5338077757395
3.18 2.69024991989136 0.00295468000695109 -0.0365484990179539 -0.0476474016904831 -80.4512955919876
3.2 -1.64110004901886 0.012309099547565 -0.0365116000175476 -0.0478908009827137 -82.3317422931411
3.22 -3.63506007194519 0.0180162005126476 -0.0364766009151936 -0.0482494011521339 -86.497146818853
3.24 -2.94716000556946 0.0117677003145218 -0.0364690981805325 -0.0484846010804176 -89.8741630992376
3.26 1.32283997535706 0.0221539996564388 -0.0364622995257378 -0.0489276982843876 -88.3586875563839
3.28 3.45841002464294 0.00577449984848499 -0.0364550016820431 -0.0490428991615772 -84.3955385923744
3.3 2.63772010803223 0.0344039015471935 -0.0363696999847889 -0.0497257001698017 -81.3726129789417
3.32 -1.60565996170044 0.0158257000148296 -0.0363272987306118 -0.0500393994152546 -83.2129528092889
3.34 -3.71878004074097 0.0181837994605303 -0.0362977981567383 -0.0504017993807793 -87.4740414550835
3.36 -2.78839993476868 -0.00141194998286664 -0.0362982004880905 -0.0503735989332199 -90.6694225148699
3.38 1.23810994625092 0.00302007002756 -0.0362982004880905 -0.0504340007901192 -89.2507785638795
3.4 3.29656004905701 0.00239480007439852 -0.0362959988415241 -0.0504817999899387 -85.4732741415111
3.42 4.83525991439819 0.00478756008669734 -0.0362837985157967 -0.0505767986178398 -79.9321943848773
3.44 3.23874998092651 -0.014936899766326 -0.0363455004990101 -0.0502845011651516 -76.2211477031331
3.46 -0.845969974994659 -0.00930950976908207 -0.0363884009420872 -0.0501032993197441 -77.1905906029792
3.48 -3.25420999526978 0.0114305000752211 -0.0363450013101101 -0.0503278002142906 -80.9194026067546
3.5 -4.75790977478027 0.0260793007910252 -0.0362871997058392 -0.0508462004363537 -86.3716694136106
3.52 -3.54132008552551 0.0113303996622562 -0.0362809002399445 -0.0510727018117905 -90.4299287618125
3.54 0.716418981552124 -0.000982851022854447 -0.0362809002399445 -0.0510529987514019 -89.6088785518742
3.56 3.06747007369995 -0.0000694841000949964 -0.0362809002399445 -0.05105160176754 -86.0937831672286
3.58 4.64671993255615 -0.00151005003135651 -0.0362843982875347 -0.0510215982794762 -80.7687149732857
3.6 3.39667010307312 -0.00551705015823245 -0.0363058000802994 -0.0509134009480476 -76.8766136370228
3.62 -0.90235298871994 -0.0129998000338674 -0.036362498998642 -0.0506597012281418 -77.9107999000114
3.64 -3.25859999656677 0.00408260989934206 -0.0363480001688004 -0.0507399998605251 -81.6447686966102
3.66 -4.85255002975464 0.0224401000887156 -0.0363043993711472 -0.0511866994202137 -87.2053213225676
3.68 -3.45386004447937 0.0104516996070743 -0.036301501095295 -0.0513956993818283 -91.1633134937537
3.7 0.796145021915436 0.00351865007542074 -0.0363022983074188 -0.0514660999178886 -90.2505953149646
3.72 3.15138006210327 0.00216188002377748 -0.0363011993467808 -0.0515092983841896 -86.6398158102363
3.74 4.68081998825073 0.00270949001424015 -0.0362954996526241 -0.0515631996095181 -81.2757813870785
3.76 3.26799988746643 0.0110648004338145 -0.0362548008561134 -0.0517807006835938 -77.5309320991319
3.78 -1.02819001674652 -0.00229671993292868 -0.0362641997635365 -0.0517356991767883 -78.7089279950952
3.8 -3.3173201084137 0.0067451000213623 -0.0362421981990337 -0.0518688000738621 -82.5105088342879
3.82 -4.88542985916138 0.0244507007300854 -0.0362021997570992 -0.0523561984300613 -88.1088733874906
3.84 -3.46076989173889 0.0268006008118391 -0.0362031012773514 -0.0528922006487846 -92.0743172950611
3.86 0.749275028705597 0.0135065000504255 -0.0362108014523983 -0.0531621985137463 -91.2160288937679
3.88 3.24695992469788 0.00301597989164293 -0.0362102016806602 -0.0532226003706455 -87.4952423622673
3.9 4.7121000289917 0.00472217984497547 -0.0362015999853611 -0.0533166006207466 -82.0956841252362
3.92 3.36441993713379 -0.00908678956329823 -0.0362326018512249 -0.0531374998390675 -78.2402540746271
3.94 -0.967577993869781 -0.00672058016061783 -0.0362587012350559 -0.0530056990683079 -79.3489235505147
3.96 -4.89355993270874 0.0218720007687807 -0.0362038016319275 -0.0535980015993118 -88.7517376223615
3.98 -3.37785005569458 0.0329490005970001 -0.0362116992473602 -0.0542569011449814 -92.6226380514407
4 0.803601980209351 0.0180162005126476 -0.0362253002822399 -0.0546169988811016 -91.7018944003769
4.02 3.2532000541687 0.00158563000150025 -0.0362251996994019 -0.0546487011015415 -87.9736561324918
4.04 4.73776006698608 0.0019003200577572 -0.0362221002578735 -0.0546865984797478 -82.5448851763806
4.06 3.40120005607605 0.0245651993900537 -0.0361418016254902 -0.055171299725771 -78.6476270472943
4.08 -0.866403996944427 0.00117901002522558 -0.0361373983323574 -0.0551944002509117 -79.6399852318057
4.1 -3.2033998966217 0.00538423983380198 -0.0361213982105255 -0.0553008988499641 -83.3109250427436
4.12 -4.81152009963989 0.0200104992836714 -0.0360939987003803 -0.0557002015411854 -88.8244996275897
4.14 -3.51192998886108 0.0110790003091097 -0.0360971987247467 -0.0559218004345894 -92.8489563695892
4.16 0.793812990188599 0.00334087992087007 -0.0361000001430511 -0.0559885017573833 -91.9391000400623
4.18 3.20686006546021 -0.00341444998048246 -0.0360998995602131 -0.055920198559761 -88.264724643972
4.2 4.78261995315552 -0.00384355010464787 -0.0361059010028839 -0.0558435991406441 -82.7838051935477
4.22 3.05977988243103 -0.0029526399448514 -0.0361150987446308 -0.0557852983474731 -79.2778759227682
4.24 -1.04250001907349 0.0000286065005639102 -0.0361149981617928 -0.0557858012616634 -80.4724964991713
4.26 -3.32423996925354 0.0162303000688553 -0.0360719002783298 -0.0561075992882252 -84.2815154143702
4.28 -2.69755005836487 0.0096405204385519 -0.0360579006373882 -0.0562998987734318 -87.3726268062871
4.3 1.54589998722076 0.0255194008350372 -0.0360266007483006 -0.0568092986941338 -85.6016133960157
4.32 3.55503988265991 0.0140357995405793 -0.0359950996935368 -0.0570882000029087 -81.5278836693437
4.34 2.76502990722656 0.00818770006299019 -0.0359665006399155 -0.0572495013475418 -78.3588534793752
4.36 -1.52452003955841 0.0113589996472001 -0.0359240993857384 -0.0574726983904839 -80.106377869091
4.38 -3.62892007827759 0.0128343002870679 -0.0358892008662224 -0.0577270016074181 -84.2643306584184
4.4 -2.67136001586914 -0.0116593996062875 -0.0359062999486923 -0.0574943982064724 -87.3256419349866
4.42 1.37102997303009 0.0243260990828276 -0.0358768999576569 -0.0579800009727478 -85.7545959730457
4.44 3.45513010025024 0.0137804001569748 -0.0358471013605595 -0.05825399979949 -81.795456330079
4.46 -1.51902997493744 0.012789299711585 -0.0357524007558823 -0.0588004998862743 -80.7595488594196
4.48 -3.64092993736267 0.0145017001777887 -0.0357161983847618 -0.0590883009135723 -84.9318245554365
4.5 -2.82153010368347 0.0113038001582026 -0.0357026010751724 -0.0593139007687569 -88.1650243726573
4.52 1.36603999137878 0.00218434003181756 -0.0357006005942822 -0.0593575984239578 -86.5997089394299
4.54 3.47286009788513 -0.0052432301454246 -0.0357104986906052 -0.0592532008886337 -82.6205158610601
4.56 2.70148992538452 -0.00547822983935475 -0.0357275009155273 -0.0591448992490768 -79.5248214122101
4.58 -1.47932004928589 0.00573567999526858 -0.0357083007693291 -0.0592579990625381 -81.2196304019118
4.6 -3.56988000869751 0.00849625002592802 -0.0356884002685547 -0.0594267994165421 -85.3105517147246
4.62 -2.79096007347107 0.0104414997622371 -0.0356771014630795 -0.0596353001892567 -88.5088014539624
4.64 1.24117994308472 0.0154946995899081 -0.0356651991605759 -0.059944998472929 -87.0867219178195
4.66 3.3923499584198 0.00387214007787406 -0.0356586016714573 -0.0600221008062363 -83.1992036384896
4.68 2.43265008926392 0.0310814008116722 -0.0355699993669987 -0.0606373995542526 -80.4117624570716
4.7 -1.64481997489929 0.0222213994711638 -0.035503201186657 -0.0610768012702465 -82.2962184792678
4.72 -3.62316989898682 0.0152393002063036 -0.0354732982814312 -0.0613800995051861 -86.4478738341805
4.74 -2.72293996810913 0.00666132010519505 -0.0354687012732029 -0.0615133009850979 -89.5681979451776
4.76 1.22982001304626 0.00338175008073449 -0.0354674011468887 -0.0615809001028538 -88.1592938439436
4.78 3.4167799949646 -0.00137926999013871 -0.0354692004621029 -0.0615532994270325 -84.243703487125
4.8 4.86654996871948 -0.000576228019781411 -0.035470899194479 -0.0615420006215572 -78.6671067468072
4.82 3.4384400844574 0.0159034002572298 -0.0353977009654045 -0.0618515014648438 -74.7268730674631
4.84 0.525106012821198 -0.00776269007474184 -0.0354393981397152 -0.0617019012570381 -74.1252700053682
4.86 0.571421980857849 -0.00527389021590352 -0.035468801856041 -0.061600599437952 -73.4703778073689
4.88 0.377754002809525 -0.00630374019965529 -0.0355052016675472 -0.0614799000322819 -73.0377946064751
4.9 0.100758999586105 -0.000968548003584147 -0.0355108007788658 -0.0614614002406597 -72.9220570509892
4.92 0.0556900016963482 -0.000952201022300869 -0.0355163998901844 -0.0614431984722614 -72.8584611596272
4.94 0 0 -0.0355163998901844 -0.0614431984722614 -72.8584611596272
4.96 0 0 -0.0355163998901844 -0.0614431984722614 -72.8584611596272
4.98 0 0 -0.0355163998901844 -0.0614431984722614 -72.8584611596272
5 0 0 -0.0355163998901844 -0.0614431984722614 -72.8584611596272
5.02 0 0 -0.0355163998901844 -0.0614431984722614 -72.8584611596272
5.04 0 0 -0.0355163998901844 -0.0614431984722614 -72.8584611596272
5.06 0 0 -0.0355163998901844 -0.0614431984722614 -72.8584611596272
5.08 0 0 -0.0355163998901844 -0.0614431984722614 -72.8584611596272
5.1 0 0 -0.0355163998901844 -0.0614431984722614 -72.8584611596272
5.12 0 0 -0.0355163998901844 -0.0614431984722614 -72.8584611596272
5.14 0 0 -0.0355163998901844 -0.0614431984722614 -72.8584611596272
5.16 0 0 -0.0355163998901844 -0.0614431984722614 -72.8584611596272
5.18 0 0 -0.0355163998901844 -0.0614431984722614 -72.8584611596272
5.2 0 0 -0.0355163998901844 -0.0614431984722614 -72.8584611596272
5.22 0 0 -0.0355163998901844 -0.0614431984722614 -72.8584611596272
5.24 0 0 -0.0355163998901844 -0.0614431984722614 -72.8584611596272
5.26 0 0 -0.0355163998901844 -0.0614431984722614 -72.8584611596272
5.28 0 0 -0.0355163998901844 -0.0614431984722614 -72.8584611596272
5.3 0 0 -0.0355163998901844 -0.0614431984722614 -72.8584611596272
5.32 0 0 -0.0355163998901844 -0.0614431984722614 -72.8584611596272
5.34 0 0 -0.0355163998901844 -0.0614431984722614 -72.8584611596272
5.36 0 0 -0.0355163998901844 -0.0614431984722614 -72.8584611596272
5.38 0 0 -0.0355163998901844 -0.0614431984722614 -72.8584611596272
5.4 0 0 -0.0355163998901844 -0.0614431984722614 -72.8584611596272
5.42 0 0 -0.0355163998901844 -0.0614431984722614 -72.8584611596272
5.44 0 0 -0.0355163998901844 -0.0614431984722614 -72.8584611596272
5.46 0 0 -0.0355163998901844 -0.0614431984722614 -72.8584611596272
5.48 0 0 -0.0355163998901844 -0.0614431984722614 -72.8584611596272
5.5 0 0 -0.0355163998901844 -0.0614431984722614 -72.8584611596272
5.52 0 0 -0.0355163998901844 -0.0614431984722614 -72.8584611596272
5.54 0 0 -0.0355163998901844 -0.0614431984722614 -72.8584611596272
5.56 0 0 -0.0355163998901844 -0.0614431984722614 -72.8584611596272
5.58 0 0 -0.0355163998901844 -0.0614431984722614 -72.8584611596272
5.6 0 0 -0.0355163998901844 -0.0614431984722614 -72.8584611596272
5.62 0 0 -0.0355163998901844 -0.0614431984722614 -72.8584611596272
5.64 0 0 -0.0355163998901844 -0.0614431984722614 -72.8584611596272
5.66 0 0 -0.0355163998901844 -0.0614431984722614 -72.8584611596272
5.68 0 0 -0.0355163998901844 -0.0614431984722614 -72.8584611596272
5.7 0 0 -0.0355163998901844 -0.0614431984722614 -72.8584611596272
5.72 0 0 -0.0355163998901844 -0.0614431984722614 -72.8584611596272
5.74 0 0 -0.0355163998901844 -0.0614431984722614 -72.8584611596272
5.76 0 0 -0.0355163998901844 -0.0614431984722614 -72.8584611596272
5.78 0 0 -0.0355163998901844 -0.0614431984722614 -72.8584611596272
5.8 0 0 -0.0355163998901844 -0.0614431984722614 -72.8584611596272
5.82 0 0 -0.0355163998901844 -0.0614431984722614 -72.8584611596272
5.84 0 0 -0.0355163998901844 -0.0614431984722614 -72.8584611596272
5.86 0 0 -0.0355163998901844 -0.0614431984722614 -72.8584611596272
5.88 0 0 -0.0355163998901844 -0.0614431984722614 -72.8584611596272
5.9 0 0 -0.0355163998901844 -0.0614431984722614 -72.8584611596272
5.92 0 0 -0.0355163998901844 -0.0614431984722614 -72.8584611596272
5.94 0 0 -0.0355163998901844 -0.0614431984722614 -72.8584611596272
