0 0 0 -0.00349502009339631 0.210923999547958 58.0434871517307
0.02 0 0 -0.00349502009339631 0.210923999547958 58.0434871517307
0.04 0 0 -0.00349502009339631 0.210923999547958 58.0434871517307
0.06 0 0 -0.00349502009339631 0.210923999547958 58.0434871517307
0.08 0 0 -0.00349502009339631 0.210923999547958 58.0434871517307
0.1 0 0 -0.00349502009339631 0.210923999547958 58.0434871517307
0.12 0 0 -0.00349502009339631 0.210923999547958 58.0434871517307
0.14 0 0 -0.00349502009339631 0.210923999547958 58.0434871517307
0.16 0 0 -0.00349502009339631 0.210923999547958 58.0434871517307
0.18 0 0 -0.00349502009339631 0.210923999547958 58.0434871517307
0.2 0 0 -0.00349502009339631 0.210923999547958 58.0434871517307
0.22 0 0 -0.00349502009339631 0.210923999547958 58.0434871517307
0.24 0 0 -0.00349502009339631 0.210923999547958 58.0434871517307
0.26 0 0 -0.00349502009339631 0.210923999547958 58.0434871517307
0.28 0 0 -0.00349502009339631 0.210923999547958 58.0434871517307
0.3 0 0 -0.00349502009339631 0.210923999547958 58.0434871517307
0.32 0 0 -0.00349502009339631 0.210923999547958 58.0434871517307
0.34 0 0 -0.00349502009339631 0.210923999547958 58.0434871517307
0.36 0 0 -0.00349502009339631 0.210923999547958 58.0434871517307
0.38 0 0 -0.00349502009339631 0.210923999547958 58.0434871517307
0.4 0 0 -0.00349502009339631 0.210923999547958 58.0434871517307
0.42 0 0 -0.00349502009339631 0.210923999547958 58.0434871517307
0.44 0 0 -0.00349502009339631 0.210923999547958 58.0434871517307
0.46 0 0 -0.00349502009339631 0.210923999547958 58.0434871517307
0.48 0 0 -0.00349502009339631 0.210923999547958 58.0434871517307
0.5 0 0 -0.00349502009339631 0.210923999547958 58.0434871517307
0.52 0 0 -0.00349502009339631 0.210923999547958 58.0434871517307
0.54 0 0 -0.00349502009339631 0.210923999547958 58.0434871517307
0.56 0 0 -0.00349502009339631 0.210923999547958 58.0434871517307
0.58 0 0 -0.00349502009339631 0.210923999547958 58.0434871517307
0.6 0 0 -0.00349502009339631 0.210923999547958 58.0434871517307
0.62 0 0 -0.00349502009339631 0.210923999547958 58.0434871517307
0.64 0 0 -0.00349502009339631 0.210923999547958 58.0434871517307
0.66 0 0 -0.00349502009339631 0.210923999547958 58.0434871517307
0.68 0 0 -0.00349502009339631 0.210923999547958 58.0434871517307
0.7 0 0 -0.00349502009339631 0.210923999547958 58.0434871517307
0.72 0 0 -0.00349502009339631 0.210923999547958 58.0434871517307
0.74 0 0 -0.00349502009339631 0.210923999547958 58.0434871517307
0.76 0 0 -0.00349502009339631 0.210923999547958 58.0434871517307
0.78 0 0 -0.00349502009339631 0.210923999547958 58.0434871517307
0.8 0 0 -0.00349502009339631 0.210923999547958 58.0434871517307
0.82 0 0 -0.00349502009339631 0.210923999547958 58.0434871517307
0.84 0 0 -0.00349502009339631 0.210923999547958 58.0434871517307
0.86 0 0 -0.00349502009339631 0.210923999547958 58.0434871517307
0.88 0 0 -0.00349502009339631 0.210923999547958 58.0434871517307
0.9 0 0 -0.00349502009339631 0.210923999547958 58.0434871517307
0.92 0 0 -0.00349502009339631 0.210923999547958 58.0434871517307
0.94 0 0 -0.00349502009339631 0.210923999547958 58.0434871517307
0.96 0 0 -0.00349502009339631 0.210923999547958 58.0434871517307
0.98 0 0 -0.00349502009339631 0.210923999547958 58.0434871517307
1 0 0 -0.00349502009339631 0.210923999547958 58.0434871517307
1.02 0 0 -0.00349502009339631 0.210923999547958 58.0434871517307
1.04 0 0 -0.00349502009339631 0.210923999547958 58.0434871517307
1.06 0 0 -0.00349502009339631 0.210923999547958 58.0434871517307
1.08 0 0 -0.00349502009339631 0.210923999547958 58.0434871517307
1.1 0 0 -0.00349502009339631 0.210923999547958 58.0434871517307
1.12 0 0 -0.00349502009339631 0.210923999547958 58.0434871517307
1.14 0 0 -0.00349502009339631 0.210923999547958 58.0434871517307
1.16 0 0 -0.00349502009339631 0.210923999547958 58.0434871517307
1.18 0 0 -0.00349502009339631 0.210923999547958 58.0434871517307
1.2 0 0 -0.00349502009339631 0.210923999547958 58.0434871517307
1.22 0 0 -0.00349502009339631 0.210923999547958 58.0434871517307
1.24 0 0 -0.00349502009339631 0.210923999547958 58.0434871517307
1.26 0 0 -0.00349502009339631 0.210923999547958 58.0434871517307
1.28 0 0 -0.00349502009339631 0.210923999547958 58.0434871517307
1.3 0 0 -0.00349502009339631 0.210923999547958 58.0434871517307
1.32 0 0 -0.00349502009339631 0.210923999547958 58.0434871517307
1.34 0 0 -0.00349502009339631 0.210923999547958 58.0434871517307
1.36 0 0 -0.00349502009339631 0.210923999547958 58.0434871517307
1.38 0 0 -0.00349502009339631 0.210923999547958 58.0434871517307
1.4 0 0 -0.00349502009339631 0.210923999547958 58.0434871517307
1.42 0 0 -0.00349502009339631 0.210923999547958 58.0434871517307
1.44 0 0 -0.00349502009339631 0.210923999547958 58.0434871517307
1.46 0 0 -0.00349502009339631 0.210923999547958 58.0434871517307
1.48 0 0 -0.00349502009339631 0.210923999547958 58.0434871517307
1.5 0 0 -0.00349502009339631 0.210923999547958 58.0434871517307
1.52 0 0 -0.00349502009339631 0.210923999547958 58.0434871517307
1.54 0 0 -0.00349502009339631 0.210923999547958 58.0434871517307
1.56 0 0 -0.00349502009339631 0.210923999547958 58.0434871517307
1.58 0 0 -0.00349502009339631 0.210923999547958 58.0434871517307
1.6 0 0 -0.00349502009339631 0.210923999547958 58.0434871517307
1.62 1.33824002742767 -0.00117083999793977 -0.00350714009255171 0.210904002189636 59.5772949223167
1.64 3.61707997322083 -0.000829621974844486 -0.00351502001285553 0.210888996720314 63.7220722767352
1.66 4.91759014129639 -0.00921756029129028 -0.00358841009438038 0.210720002651215 69.3571149457809
1.68 3.24599003791809 -0.00262774992734194 -0.00360533990897238 0.210670992732048 73.0767540055009
1.7 -0.71477997303009 0.00702913012355566 -0.00356344995088875 0.210804998874664 72.2579987391237
1.72 -3.16084003448486 0.00824696011841297 -0.00350824999623001 0.210960000753403 68.6357581769681
1.74 -4.5444598197937 0.0271521005779505 -0.00328764994628727 0.211456000804901 63.428148746182
1.76 -3.19198989868164 0.0330715999007225 -0.00297305011190474 0.212037995457649 59.7703843701531
1.78 0.925511002540588 0.0149838998913765 -0.0028245800640434 0.212299004197121 60.8309283331488
1.8 3.07451009750366 0.00391301978379488 -0.00278854998759925 0.212367996573448 64.3540491900692
1.82 4.52101993560791 -0.00550275016576052 -0.00283164996653795 0.212266996502876 69.5347340151471
1.84 3.0487699508667 -0.00737239001318812 -0.00287897000089288 0.21212700009346 73.028628492609
1.86 -0.945204973220825 0.00867198035120964 -0.00282678008079529 0.21229200065136 71.9451624147587
1.88 -3.32317996025085 0.0140930004417896 -0.00273057003505528 0.212557002902031 68.1372841411512
1.9 -4.7155499458313 0.030417300760746 -0.00247767008841038 0.213110998272896 62.7337234132665
1.92 -3.1400899887085 0.040836401283741 -0.00208088988438249 0.21382500231266 59.1355456075569
1.94 0.774303019046783 0.0264899991452694 -0.00181262998376042 0.214280992746353 60.0224866524183
1.96 2.93814992904663 0.00691675022244453 -0.00174705998506397 0.214403003454208 63.389182516967
1.98 4.46343994140625 0.00206581992097199 -0.00173022004310042 0.214441001415253 68.5039765071218
2 2.86472988128662 -0.00283003994263709 -0.0017494399799034 0.214387997984886 71.7870298750945
2.02 -1.06433999538422 0.0167922005057335 -0.00164108001627028 0.214706003665924 70.5671990704649
2.04 -3.4417200088501 0.0271458998322487 -0.00144293997436762 0.215211004018784 66.6235298059683
2.06 -3.54011988639832 0.0249145999550819 -0.00122917001135647 0.215661004185677 62.566417929547
2.08 -0.954994976520538 0.00738875987008214 -0.00115984003059566 0.215792000293732 61.4720713603489
2.1 2.07384991645813 0.00140786997508258 -0.00114690000191331 0.215817004442215 63.8486971537581
2.12 3.84185004234314 -0.00296490010805428 -0.00117097003385425 0.215762004256248 68.2513073191555
2.14 2.59222006797791 0.0211405009031296 -0.0010245400480926 0.216159000992775 71.221517532574
2.16 -1.27077996730804 0.00761556997895241 -0.000973679998423904 0.216303005814552 69.7656353902286
2.18 -3.53354001045227 0.00960373971611261 -0.00090092298341915 0.216480001807213 65.7165421558929
2.2 -3.79816007614136 0.106423996388912 0.000047463701775996 0.218385994434357 61.3637787110583
2.22 -0.854489982128143 0.206291005015373 0.00205560005269945 0.221990004181862 60.3845959614558
2.24 2.16960000991821 0.095559298992157 0.00296378997154534 0.22367200255394 62.8706618759362
2.26 4.02230978012085 0.0649805963039398 0.00350941997021437 0.224850997328758 67.4801038297799
2.28 2.82005000114441 0.030960800126195 0.00373035995289683 0.225429996848106 70.711589269519
2.3 -1.28095996379852 0.0605076998472214 0.00414469977840781 0.226567000150681 69.2436655036669
2.32 -3.46941995620728 0.0581558011472225 0.00459438003599644 0.227639004588127 65.2679148406388
2.34 -4.07464981079102 0.0270048994570971 0.00484012998640537 0.228119999170303 60.5988794862867
2.36 -2.23343992233276 0.000124640995636582 0.00484141008928418 0.228121995925903 58.0394778306879
2.38 1.70100998878479 0.0115470001474023 0.00496029993519187 0.228320002555847 59.9886840462159
2.4 3.74542999267578 0.00300168991088867 0.00498836021870375 0.228374004364014 64.2807066187615
2.42 3.05641007423401 0.062651202082634 0.00549736991524696 0.229518994688988 67.7832003043885
2.44 -0.447367012500763 0.118670001626015 0.00640460010617971 0.231711998581886 67.2704033618821
2.46 -2.90792989730835 0.0824695974588394 0.00708585977554321 0.233214005827904 63.9380770092369
2.48 -3.08955001831055 0.171421006321907 0.00868650991469622 0.236246004700661 60.3977713963648
2.5 -0.545979022979736 0.244763001799583 0.0111277997493744 0.24048900604248 59.7721055778239
2.52 2.45344996452332 0.119621999561787 0.0122811999171972 0.242585003376007 62.583609515688
2.54 2.26224994659424 0.134776994585991 0.013467900454998 0.245004996657372 65.1762400415989
2.56 -1.13915002346039 0.125747993588448 0.0145496996119618 0.247274994850159 63.8704717968321
2.58 -3.29672002792358 0.112305000424385 0.0156047996133566 0.249257996678352 60.0929605442745
2.6 -2.04938006401062 0.0968118980526924 0.0166043993085623 0.250916987657547 57.7444068283541
2.62 1.71085000038147 0.0680088028311729 0.0173106007277966 0.252079010009766 59.7050672711202
2.64 3.62717008590698 0.039904598146677 0.0176878999918699 0.252781987190247 63.861305682966
2.66 2.78764009475708 0.0141604002565145 0.0428649000823498 0.294679999351501 62.4111472391451
2.68 -1.28919994831085 0.0174400005489588 0.0430303998291492 0.294986993074417 60.934064189616
2.7 -3.56489992141724 0.0264123994857073 0.0433032996952534 0.295439004898071 56.849044160246
2.72 -3.44841003417969 0.0839143022894859 0.0442689992487431 0.296811014413834 52.8974108951772
2.74 -0.351179003715515 0.098121702671051 0.045458298176527 0.298372000455856 52.4950239606042
2.76 2.30436992645264 0.0425282008945942 0.0459605008363724 0.299059003591537 55.1356126597723
2.78 2.88858008384705 0.124210998415947 0.0473210997879505 0.301137000322342 58.4457033315745
2.8 0.367433995008469 0.244671002030373 0.0498665012419224 0.305317014455795 58.8668323052301
2.82 -2.56224989891052 0.134616002440453 0.0513170994818211 0.307585000991821 55.9306500942566
2.84 -4.08320999145508 0.0903794020414352 0.0523900017142296 0.309040009975433 51.2515914372975
2.86 -2.98036003112793 0.0439626984298229 0.0529605001211166 0.309709012508392 47.8363602485067
2.88 1.00497996807098 0.0629127025604248 0.0537956990301609 0.310649991035461 48.9880052746521
2.9 2.95059990882874 0.0330695994198322 0.0542148016393185 0.311161011457443 52.3691435742008
2.92 4.55725002288818 0.0207768008112907 0.0544532015919685 0.311502009630203 57.5914242513241
2.94 3.25740003585815 0.0283534992486238 0.0547414012253284 0.311989992856979 61.3242455761423
2.96 -0.820688009262085 0.0193812008947134 0.0549301989376545 0.312328994274139 60.3834484896753
2.98 -3.29733991622925 0.0139479003846645 0.0550759993493557 0.312566012144089 56.6051346898902
3 -4.67825984954834 0.033312700688839 0.0554682984948158 0.31310498714447 51.2442558141289
3.02 -2.98538994789124 0.0269130002707243 0.0558176003396511 0.313513994216919 47.8232394551111
3.04 0.962776005268097 0.0196672007441521 0.0560788996517658 0.313807994127274 48.9265267419328
3.06 2.96714997291565 0.0124011002480984 0.0562362000346184 0.314000010490417 52.3266324768066
3.08 4.30868005752563 0.00825920980423689 0.0563315004110336 0.314134985208511 57.263981567419
3.1 2.87607002258301 0.0109401000663638 0.0564444996416569 0.314323008060455 60.5599200872609
3.12 -1.20989000797272 0.0283493995666504 0.0567291006445885 0.314812988042831 59.1733643649912
3.14 -3.43809008598328 0.0252436008304358 0.0570026002824306 0.315236985683441 55.2335336668082
3.16 -4.83310985565186 0.0421583987772465 0.0575162991881371 0.3159059882164 49.6951518348966
3.18 -3.50457000732422 0.0223398990929127 0.0578170008957386 0.316235989332199 45.6792328293597
3.2 0.711386024951935 0.0104598999023438 0.0579621009528637 0.316386997699738 46.4944363973685
3.22 3.048259973526 -0.00758492993190885 0.0578611008822918 0.316273987293243 49.9874736860895
3.24 4.53093004226685 -0.00519416993483901 0.0577979981899261 0.316190987825394 55.1795615119868
3.26 2.93516993522644 -0.0194199997931719 0.0575857013463974 0.315865993499756 58.5431086593281
3.28 -0.84936398267746 -0.0211017001420259 0.057362399995327 0.315508008003235 57.5696564384393
3.3 -2.99665999412537 -0.00809780042618513 0.0572714991867542 0.315373986959457 54.1358027388764
3.32 -3.47474002838135 0.0999791026115417 0.0584985017776489 0.316953003406525 50.1540312640949
3.34 2.01485991477966 0.0976966992020607 0.0625915974378586 0.321814000606537 51.5382988729927
3.36 3.4769299030304 0.0975658968091011 0.0637514963746071 0.323383003473282 55.5225906875779
3.38 1.92479002475739 0.106113001704216 0.0649188980460167 0.325156003236771 57.7283627139937
3.4 -1.52851998806 0.0782153978943825 0.0657742992043495 0.326465010643005 55.9766582485059
3.42 -3.65424990653992 0.0730293989181519 0.0666351988911629 0.327645003795624 51.7891956268694
3.44 -3.69265007972717 0.105598002672195 0.068002000451088 0.329255014657974 47.5577329265997
3.46 -0.410816997289658 0.182326003909111 0.0704737976193428 0.331936001777649 47.0869894588131
3.48 2.57371997833252 0.0699663981795311 0.0713998973369598 0.332985013723373 50.0362309914797
3.5 3.51839995384216 0.0965524017810822 0.0725874006748199 0.334508001804352 54.0680233566477
3.52 1.6044100522995 0.128341004252434 0.0740602016448975 0.336609989404678 55.9065873378107
3.54 -1.71924996376038 0.0964237004518509 0.0751684010028839 0.338189005851746 53.9364704981387
3.56 -3.73327994346619 0.0906042009592056 0.076289102435112 0.339612990617752 49.6584224926349
3.58 -3.0571300983429 0.0583295002579689 0.0770711004734039 0.340478003025055 46.155187731483
3.6 1.12029004096985 0.0581598989665508 0.077867403626442 0.341325998306274 47.4389559369331
3.62 3.09994006156921 0.0246510002762079 0.0781894996762276 0.341699004173279 50.9912382865149
3.64 2.48138999938965 -0.00483865989372134 0.0781304985284805 0.34162300825119 53.8347143398838
3.66 -1.44430994987488 0.0191728007048368 0.0783611983060837 0.341928988695145 52.1796092398275
3.68 -3.51280999183655 0.0449822992086411 0.0789375007152557 0.342619985342026 48.1542372524792
3.7 -2.73940992355347 0.0332963988184929 0.0793951004743576 0.343104004859924 45.0151164608862
3.72 1.29938995838165 0.0219783000648022 0.07970180362463 0.343418002128601 46.504118190517
3.74 3.25198006629944 -0.00364739005453885 0.079653300344944 0.343364000320435 50.2305806092179
3.76 2.55869007110596 -0.0185617990791798 0.0794231966137886 0.343073010444641 53.1626339708381
3.78 -1.29739999771118 0.0315698012709618 0.0798083022236824 0.343573004007339 51.6759237696739
3.8 -3.41640996932983 0.0410406999289989 0.0803389996290207 0.344199001789093 47.7610164317723
3.82 -2.70903992652893 0.0180427990853786 0.080588698387146 0.344460010528564 44.656674963433
3.84 1.6987099647522 0.030129199847579 0.081010103225708 0.344889998435974 46.6032413108468
3.86 3.50847005844116 -0.00240298011340201 0.0809782966971397 0.34485399723053 50.6236272601009
3.88 3.01325988769531 0.0128322001546621 0.0811351016163826 0.345057994127274 54.0766157346236
3.9 -1.43281996250153 0.0217351000756025 0.0813952013850212 0.345405995845795 52.4346894845708
3.92 -3.53681993484497 0.0282677002251148 0.0817554965615273 0.345842003822327 48.3818157405295
3.94 -2.59217000007629 0.0217208005487919 0.0820522978901863 0.346159011125565 45.4113733006792
3.96 1.51871001720428 0.028617100790143 0.0824479013681412 0.346572011709213 47.1517328219557
3.98 3.39873003959656 0.00224562990479171 0.0824773013591766 0.346605986356735 51.0463579131169
4 2.49188995361328 0.0136026004329324 0.0826430022716522 0.346821993589401 53.9018653447088
4.02 -1.46544003486633 0.0142216999083757 0.0828139036893845 0.347048997879028 52.2225813749906
4.04 -3.39615988731384 0.0193055998533964 0.083060696721077 0.347346007823944 48.3308796047941
4.06 -2.61811995506287 0.0435682982206345 0.0836568027734756 0.347981989383698 45.3307019363922
4.08 1.24379003047943 0.0185903999954462 0.0839148983359337 0.34825000166893 46.755991661445
4.1 3.21981000900269 -0.00645289989188313 0.0838295966386795 0.348152995109558 50.4456666812762
4.12 2.63343000411987 -0.00258893007412553 0.0837975963950157 0.348111987113953 53.4633228037642
4.14 -1.32753002643585 0.00199226988479495 0.0838218033313751 0.348143994808197 51.9420620906835
4.16 -3.33663988113403 0.0210423991084099 0.0840921029448509 0.348466008901596 48.1186007404846
4.18 -2.58748006820679 0.028482299298048 0.084483303129673 0.348879992961884 45.1535439047949
4.2 1.38769996166229 0.00368824996985495 0.0845346003770828 0.348933011293411 46.7437314718848
4.22 3.3761899471283 -0.0115429004654288 0.084382101893425 0.348760008811951 50.6125691838347
4.24 2.55100011825562 0.00359425996430218 0.0844262987375259 0.348816990852356 53.5358013561418
4.26 -1.46566998958588 0.0185454003512859 0.0846510976552963 0.349112004041672 51.8562339335731
4.28 -3.39581990242004 0.0271010007709265 0.0850000977516174 0.349525988101959 47.9649317294431
4.3 -2.58026003837585 0.038169801235199 0.0855258032679558 0.350080013275146 45.0081838188786
4.32 1.56764996051788 0.0201657991856337 0.0858063995838165 0.350369989871979 46.8045782121059
4.34 3.50530004501343 0.000512898026499897 0.0858132019639015 0.35037699341774 50.8213578214783
4.36 2.64102005958557 -0.0096405204385519 0.0856952965259552 0.350225001573563 53.8477770766714
4.38 -1.3578200340271 0.0135454004630446 0.0858580991625786 0.350441008806229 52.2917950969449
4.4 -3.37785005569458 0.0220865998417139 0.086139902472496 0.350782006978989 48.421065422595
4.42 -3.31205010414124 0.0720138028264046 0.0871308967471123 0.351826995611191 44.6257342064928
4.44 -0.31904000043869 0.158044993877411 0.0893876999616623 0.354039996862412 44.2601312556949
4.46 2.40785002708435 0.0665621012449265 0.0903183966875076 0.354992002248764 47.0193227747058
4.48 3.51839995384216 0.105760000646114 0.0917050987482071 0.356588989496231 51.0511117247793
4.5 1.49293994903564 0.132125005125999 0.093335397541523 0.358669012784958 52.7619067722333
4.52 -1.77266001701355 0.100295998156071 0.0945774018764496 0.360244005918503 50.7305982677871
4.54 -3.87023997306824 0.0807185024023056 0.0956467986106873 0.361452996730804 46.2956198359131
4.56 -3.22691988945007 0.0369438007473946 0.0961742997169495 0.361970990896225 42.5978066456858
4.58 1.29254996776581 0.0350393988192081 0.0966840013861656 0.362450987100601 44.0789604879602
4.6 3.50616002082825 0.0108829000964761 0.0968348979949951 0.36260798573494 48.0967714558973
4.62 2.77472996711731 0.011056600138545 0.0969780012965202 0.3627769947052 51.2763406277551
4.64 -1.41217005252838 0.0373626984655857 0.0974536016583443 0.36335301399231 49.6581390397843
4.66 -3.49231004714966 0.0440097004175186 0.0980464965105057 0.364003986120224 45.6562560729918
4.68 -2.6278600692749 0.0375854000449181 0.0985859036445618 0.364526987075806 42.6449042151077
4.7 1.39802002906799 0.0177321992814541 0.0988434031605721 0.364771008491516 44.2469524056913
4.72 3.43442010879517 -0.00723550003021955 0.098743200302124 0.364666998386383 48.1824834997918
4.74 2.66059994697571 -0.001095229992643 0.098729096353054 0.364650011062622 51.2313091905572
4.76 -1.60291004180908 0.0153168998658657 0.0989246964454651 0.364885985851288 49.3945210585784
4.78 -3.33723998069763 0.0115612996742129 0.099081002175808 0.36505600810051 45.5703118026655
4.8 -2.83561992645264 0.0121047999709845 0.0992553010582924 0.365224003791809 42.320955172963
4.82 1.58415997028351 0.0206828005611897 0.0995566993951797 0.365507990121841 44.1362555298129
4.84 3.48159003257751 -0.00587667990475893 0.09947519749403 0.365422993898392 48.1258748919507
4.86 2.73570990562439 -0.0027932699304074 0.0994390994310379 0.365379989147186 51.2607575511637
4.88 -1.2841500043869 0.00848399009555578 0.0995469018816948 0.365511000156403 49.7892308605244
4.9 -3.26873993873596 0.0129159996286035 0.0997200980782509 0.365702986717224 46.0435756102558
4.92 -2.89819002151489 0.0398739017546177 0.10029000043869 0.366261005401611 42.7224849187953
4.94 0.436814993619919 0.0787814036011696 0.101443000137806 0.367334991693497 43.2230182566469
4.96 2.6366400718689 0.0486357994377613 0.102133996784687 0.368019014596939 46.2443968322326
4.98 2.89425992965698 0.115975998342037 0.10368900001049 0.3697409927845 49.5609625233679
5 0.12788799405098 0.194520995020866 0.106209002435207 0.372705012559891 49.7075281376727
5.02 -2.54931998252869 0.119708001613617 0.107803001999855 0.374491006135941 46.786242569279
5.04 -4.22645998001099 0.0930766016244888 0.109134003520012 0.375791996717453 41.9430305609023
5.06 -3.28238010406494 0.0560409016907215 0.109990999102592 0.376513987779617 38.1817341774344
5.08 0.835256993770599 0.0338706001639366 0.110519997775555 0.376937001943588 39.1388622462069
5.1 3.17158007621765 0.012253999710083 0.110706001520157 0.377097994089127 42.7732468847068
5.12 4.75540018081665 0.00408262014389038 0.110762998461723 0.377155989408493 48.2224776724768
5.14 3.14362001419067 -0.0178833995014429 0.110532999038696 0.376881986856461 51.8248355539585
5.16 -0.787671029567719 -0.0163284000009298 0.110329002141953 0.376626998186111 50.9221953192898
5.18 -3.02191996574402 0.000545575981959701 0.110335998237133 0.376634985208511 47.4593542968894
5.2 -4.41925001144409 0.0257360003888607 0.110701002180576 0.376998007297516 42.3952676311328
5.22 -3.15454006195068 0.0204601008445024 0.111010998487473 0.377265006303787 38.7804207487537
5.24 0.94151097536087 0.00467110006138682 0.111083999276161 0.377323985099792 39.8593549960897
5.26 3.11506009101868 -0.00515126995742321 0.111006997525692 0.377254992723465 43.4289416299337
5.28 4.45589017868042 0.00392322009429336 0.111060999333858 0.377312004566193 48.5349690722887
5.3 2.79690003395081 -0.00363512011244893 0.111014999449253 0.377256006002426 51.7399806988049
5.32 -0.967370986938477 0.00758899981155992 0.111110001802444 0.377373993396759 50.6314785625519
5.34 -3.10549998283386 0.0207583997398615 0.111382998526096 0.377687007188797 47.0728373068528
5.36 -4.58784008026123 0.0307749006897211 0.111822001636028 0.378118008375168 41.8155484951386
5.38 -3.03993010520935 0.0490383990108967 0.112572997808456 0.378749012947083 38.3320803014447
5.4 0.768460988998413 0.0288786999881268 0.113022997975349 0.379110991954803 39.2126590250943
5.42 3.01877999305725 0.00783214997500181 0.113141998648643 0.379213988780975 42.6718902925184
5.44 4.4978199005127 -0.00436049979180098 0.113080002367496 0.379151999950409 47.82604666286
5.46 2.91863989830017 -0.0154600003734231 0.112879000604153 0.378915995359421 51.1705751484574
5.48 -0.833432972431183 -0.00617296015843749 0.112801000475883 0.378820985555649 50.2155097968142
5.5 -3.04150009155273 0.0104272002354264 0.1129390001297 0.378977000713348 46.7302076973282
5.52 -4.53955984115601 0.0243935007601976 0.113289996981621 0.379316985607147 41.5282673235532
5.54 -3.15659999847412 0.0292894002050161 0.113739997148514 0.379691004753113 37.9110708560996
5.56 0.770192980766296 0.0037761100102216 0.113798998296261 0.379738003015518 38.7936542402706
5.58 3.09261989593506 -0.00711289001628757 0.113691002130508 0.379644989967346 42.3375115515111
5.6 4.53117990493774 -0.0103046000003815 0.113545000553131 0.37950000166893 47.5298862453535
5.62 3.1057300567627 -0.0163119994103909 0.113333001732826 0.379253000020981 51.0887563123898
5.64 -0.705268025398254 0.00555791007354856 0.113402999937534 0.379339009523392 50.2805980845099
5.66 -2.83049011230469 0.00740918004885316 0.113500997424126 0.379449993371964 47.0370846816424
5.68 -4.48837995529175 0.0283391997218132 0.113904997706413 0.37984699010849 41.8938156328378
5.7 -3.22077989578247 0.0256930999457836 0.11429899930954 0.380176991224289 38.203051197834
5.72 0.81366902589798 0.0169986002147198 0.114564001560211 0.380389988422394 39.1354232459598
5.74 3.18321990966797 0.00133429002016783 0.114583998918533 0.380407005548477 42.7831609042871
5.76 4.61312007904053 -0.00472421990707517 0.114518001675606 0.38034000992775 48.0693823973255
5.78 3.09228992462158 -0.0162997990846634 0.114307999610901 0.3800910115242 51.6128981991076
5.8 -0.816000998020172 -0.00554157001897693 0.114238001406193 0.38000500202179 50.6778316413542
5.82 -3.01901006698608 -0.0020985200535506 0.11421100050211 0.379972994327545 47.2183100908904
5.84 -4.60079002380371 0.0244833994656801 0.114560000598431 0.380317002534866 41.9461826932043
5.86 -3.23270010948181 0.0223092995584011 0.114900998771191 0.38060399889946 38.2417817855226
5.88 0.79475998878479 0.0175318997353315 0.115175001323223 0.380822986364365 39.1524987188848
5.9 3.0787398815155 0.0065060299821198 0.115272998809814 0.380908995866776 42.6804860855888
5.92 4.61572980880737 -0.00514722010120749 0.115199998021126 0.380834996700287 47.9697470128079
5.94 3.03531002998352 -0.0201290007680655 0.114940002560616 0.380528002977371 51.4479423004625
5.96 -1.14263999462128 -0.00454236986115575 0.114882998168468 0.380457997322083 50.1385643007194
5.98 -3.3534300327301 0.0104558002203703 0.115022003650665 0.380614012479782 46.2958486472503
6 -4.76562023162842 0.0305624008178711 0.115465000271797 0.381035000085831 40.8348152925945
6.02 -3.42230010032654 0.01427480019629 0.115686997771263 0.381213992834091 36.9131494825092
6.04 0.68190199136734 0.00588076002895832 0.115781001746655 0.381285011768341 37.6945504443156
6.06 3.01729989051819 -0.000296279991744086 0.115776002407074 0.38128200173378 41.1521219757713
6.08 4.53256988525391 -0.00535563006997108 0.115699000656605 0.381208002567291 46.3460402923661
6.1 2.96055006980896 -0.0288500990718603 0.115313000977039 0.38077899813652 49.7385815927342
6.12 -0.997223973274231 -0.00528205977752805 0.115244001150131 0.380699008703232 48.5958738691178
6.14 -3.32690000534058 0.00915830954909325 0.115369997918606 0.380831986665726 44.7835286517931
6.16 -3.48247003555298 0.106504000723362 0.11693300306797 0.382279008626938 40.792932572604
6.18 -0.787070989608765 0.21102699637413 0.120149999856949 0.385010987520218 39.8909821870414
6.2 1.95797002315521 0.105236999690533 0.121738001704216 0.386391997337341 42.134627612405
6.22 3.83503007888794 0.0647905990481377 0.122665002942085 0.387297987937927 46.5292737772301
6.24 3.02425003051758 0.013510599732399 0.122845001518726 0.387499004602432 49.9948058941635
6.26 -1.35460996627808 0.0657508969306946 0.123704001307487 0.388494998216629 48.4425497826293
6.28 -3.52700996398926 0.053897500038147 0.124447003006935 0.389275997877121 44.4009048695835
6.3 -4.68564987182617 0.0413471981883049 0.125064000487328 0.389825999736786 39.0315463139676
6.32 -2.80049991607666 -0.00540876016020775 0.124977998435497 0.389761000871658 35.8224092531928
6.34 -0.161390006542206 -0.00330205005593598 0.124923996627331 0.389721989631653 35.6374579757526
6.36 -0.348985999822617 -0.0078771198168397 0.124796003103256 0.389631003141403 35.2375333243753
6.38 -0.214193999767303 -0.00138334999792278 0.124773003160954 0.389614999294281 34.992080231267
6.4 -0.0922162979841232 0.00028198299696669 0.124778002500534 0.389618009328842 34.8864274500907
6.42 -0.0577218011021614 0.000224768999032676 0.124782003462315 0.389620989561081 34.8203078038303
6.44 0 0 0.124782003462315 0.389620989561081 34.8203078038303
6.46 0 0 0.124782003462315 0.389620989561081 34.8203078038303
6.48 0 0 0.124782003462315 0.389620989561081 34.8203078038303
6.5 0 0 0.124782003462315 0.389620989561081 34.8203078038303
6.52 0 0 0.124782003462315 0.389620989561081 34.8203078038303
6.54 0 0 0.124782003462315 0.389620989561081 34.8203078038303
6.56 0 0 0.124782003462315 0.389620989561081 34.8203078038303
6.58 0 0 0.124782003462315 0.389620989561081 34.8203078038303
6.6 0 0 0.124782003462315 0.389620989561081 34.8203078038303
6.62 0 0 0.124782003462315 0.389620989561081 34.8203078038303
6.64 0 0 0.124782003462315 0.389620989561081 34.8203078038303
6.66 0 0 0.124782003462315 0.389620989561081 34.8203078038303
6.68 0 0 0.124782003462315 0.389620989561081 34.8203078038303
6.7 0 0 0.124782003462315 0.389620989561081 34.8203078038303
6.72 0 0 0.124782003462315 0.389620989561081 34.8203078038303
6.74 0 0 0.124782003462315 0.389620989561081 34.8203078038303
6.76 0 0 0.124782003462315 0.389620989561081 34.8203078038303
6.78 0 0 0.124782003462315 0.389620989561081 34.8203078038303
6.8 0 0 0.124782003462315 0.389620989561081 34.8203078038303
6.82 0 0 0.124782003462315 0.389620989561081 34.8203078038303
6.84 0 0 0.124782003462315 0.389620989561081 34.8203078038303
6.86 0 0 0.124782003462315 0.389620989561081 34.8203078038303
6.88 0 0 0.124782003462315 0.389620989561081 34.8203078038303
6.9 0 0 0.124782003462315 0.389620989561081 34.8203078038303
6.92 0 0 0.124782003462315 0.389620989561081 34.8203078038303
6.94 0 0 0.124782003462315 0.389620989561081 34.8203078038303
6.96 0 0 0.124782003462315 0.389620989561081 34.8203078038303
6.98 0 0 0.124782003462315 0.389620989561081 34.8203078038303
7 0 0 0.124782003462315 0.389620989561081 34.8203078038303
7.02 0 0 0.124782003462315 0.389620989561081 34.8203078038303
7.04 0 0 0.124782003462315 0.389620989561081 34.8203078038303
7.06 0 0 0.124782003462315 0.389620989561081 34.8203078038303
7.08 0 0 0.124782003462315 0.389620989561081 34.8203078038303
7.1 0 0 0.124782003462315 0.389620989561081 34.8203078038303
7.12 0 0 0.124782003462315 0.389620989561081 34.8203078038303
7.14 0 0 0.124782003462315 0.389620989561081 34.8203078038303
7.16 0 0 0.124782003462315 0.389620989561081 34.8203078038303
7.18 0 0 0.124782003462315 0.389620989561081 34.8203078038303
7.2 0 0 0.124782003462315 0.389620989561081 34.8203078038303
7.22 0 0 0.124782003462315 0.389620989561081 34.8203078038303
7.24 0 0 0.124782003462315 0.389620989561081 34.8203078038303
7.26 0 0 0.124782003462315 0.389620989561081 34.8203078038303
7.28 0 0 0.124782003462315 0.389620989561081 34.8203078038303
7.3 0 0 0.124782003462315 0.389620989561081 34.8203078038303
7.32 0 0 0.124782003462315 0.389620989561081 34.8203078038303
7.34 0 0 0.124782003462315 0.389620989561081 34.8203078038303
7.36 0 0 0.124782003462315 0.389620989561081 34.8203078038303
7.38 0 0 0.124782003462315 0.389620989561081 34.8203078038303
7.4 0 0 0.124782003462315 0.389620989561081 34.8203078038303
7.42 0 0 0.124782003462315 0.389620989561081 34.8203078038303
7.44 0 0 0.124782003462315 0.389620989561081 34.8203078038303
7.46 0 0 0.124782003462315 0.389620989561081 34.8203078038303
7.48 0 0 0.124782003462315 0.389620989561081 34.8203078038303
7.5 0 0 0.124782003462315 0.389620989561081 34.8203078038303
7.52 0 0 0.124782003462315 0.389620989561081 34.8203078038303
7.54 0 0 0.124782003462315 0.389620989561081 34.8203078038303
7.56 0 0 0.124782003462315 0.389620989561081 34.8203078038303
7.58 0 0 0.124782003462315 0.389620989561081 34.8203078038303
7.6 0 0 0.124782003462315 0.389620989561081 34.8203078038303
7.62 0 0 0.124782003462315 0.389620989561081 34.8203078038303
7.64 0 0 0.124782003462315 0.389620989561081 34.8203078038303
7.66 0 0 0.124782003462315 0.389620989561081 34.8203078038303
7.68 0 0 0.124782003462315 0.389620989561081 34.8203078038303
7.7 0 0 0.124782003462315 0.389620989561081 34.8203078038303
7.72 0 0 0.124782003462315 0.389620989561081 34.8203078038303
7.74 0 0 0.124782003462315 0.389620989561081 34.8203078038303
7.76 0 0 0.124782003462315 0.389620989561081 34.8203078038303
7.78 0 0 0.124782003462315 0.389620989561081 34.8203078038303
7.8 0 0 0.124782003462315 0.389620989561081 34.8203078038303
7.82 0 0 0.124782003462315 0.389620989561081 34.8203078038303
7.84 0 0 0.124782003462315 0.389620989561081 34.8203078038303
