0 0 0 -0.537451028823853 -0.379851013422012 91.5976179023183
0.02 0 0 -0.537451028823853 -0.379851013422012 91.5976179023183
0.04 0 0 -0.537451028823853 -0.379851013422012 91.5976179023183
0.06 0 0 -0.537451028823853 -0.379851013422012 91.5976179023183
0.08 0 0 -0.537450015544891 -0.379850000143051 91.5981916382085
0.1 0 0 -0.537450015544891 -0.379850000143051 91.5981916382085
0.12 0 0 -0.53744900226593 -0.379851013422012 91.5981916382085
0.14 0 0 -0.537447988986969 -0.379851013422012 91.5981916382085
0.16 0 0 -0.53744500875473 -0.379851996898651 91.5987653740988
0.18 0 0 -0.53744500875473 -0.379851996898651 91.5987653740988
0.2 0 0 -0.537447988986969 -0.379850000143051 91.5987653740988
0.22 0 0 -0.53744900226593 -0.37984898686409 91.5981916382085
0.24 0 0 -0.53744900226593 -0.37984898686409 91.5981916382085
0.26 0 0 -0.537446975708008 -0.379850000143051 91.5981916382085
0.28 0 0 -0.537446975708008 -0.379851996898651 91.5981916382085
0.3 0 0 -0.537446022033691 -0.379851013422012 91.5987653740988
0.32 0 0 -0.537446022033691 -0.379851013422012 91.5987653740988
0.34 0 0 -0.53744500875473 -0.37984898686409 91.5987653740988
0.36 0 0 -0.53744500875473 -0.379848003387451 91.5981916382085
0.38 0 0 -0.53744500875473 -0.379848003387451 91.5981916382085
0.4 0 0 -0.53744500875473 -0.37984898686409 91.5981916382085
0.42 0 0 -0.537442982196808 -0.379850000143051 91.5987653740988
0.44 0 0 -0.537442028522491 -0.379850000143051 91.5993322797999
0.46 0 0 -0.537442028522491 -0.379850000143051 91.5993322797999
0.48 0 0 -0.537440001964569 -0.379851013422012 91.5993322797999
0.5 0 0 -0.53744101524353 -0.379851996898651 91.5993322797999
0.52 0 0 -0.53744101524353 -0.379851996898651 91.5993322797999
0.54 0 0 -0.537442982196808 -0.379850000143051 91.5987653740988
0.56 0 0 -0.537446022033691 -0.379851013422012 91.5981916382085
0.58 -1.20936000347137 0.00168985000345856 -0.537443995475769 -0.379817992448807 90.2127765575302
0.6 -3.69603991508484 0.0185087006539106 -0.537432014942169 -0.379447996616364 85.9774718758524
0.62 -5.33682012557983 0.029865600168705 -0.537401974201202 -0.378888994455338 80.4134836647424
0.64 -6.48049020767212 0.0320519991219044 -0.537994980812073 -0.377110987901688 73.9866103350278
0.66 -7.29210996627808 0.0322645008563995 -0.537771999835968 -0.376504987478256 65.6305978855666
0.68 -7.8985800743103 0.0379142984747887 -0.537405014038086 -0.37584200501442 56.5794668389893
0.7 -8.32211971282959 0.0287069994956255 -0.537050008773804 -0.375389993190765 47.0430440216932
0.72 -8.74582004547119 0.0176014006137848 -0.536789000034332 -0.375155001878738 37.0210937921521
0.74 -6.76827001571655 0.0304540991783142 -0.536279022693634 -0.374821990728378 29.2651954235468
0.76 -2.55277991294861 0.0376016981899738 -0.535614013671875 -0.374471008777618 26.3399585907182
0.78 1.08802998065948 0.015047200024128 -0.535345017910004 -0.374334007501602 27.5867140010561
0.8 3.46237993240356 0.0114877000451088 -0.535145998001099 -0.374220997095108 31.5543333238773
0.82 5.10423994064331 0.012466499581933 -0.534940004348755 -0.374080002307892 37.4033726498086
0.84 4.0651798248291 0.0373483002185822 -0.534366011619568 -0.373602002859116 42.061749493961
0.86 0.0525729991495609 0.0601214990019798 -0.535903990268707 -0.37101799249649 40.2599694965731
0.88 -2.84130001068115 0.077725000679493 -0.534690022468567 -0.370047003030777 37.0040797909296
0.9 -3.14920997619629 0.109062001109123 -0.534920990467072 -0.367731988430023 32.1315321200677
0.92 -0.568674981594086 0.0857513025403023 -0.535476982593536 -0.366791009902954 30.8077116853246
0.94 2.53889989852905 0.0498883984982967 -0.536399006843567 -0.364313989877701 32.9693675198913
0.96 3.80040001869202 0.0802424028515816 -0.53508597612381 -0.363389998674393 37.324302964882
0.98 1.72994005680084 0.126643002033234 -0.535866022109985 -0.36065998673439 37.6869279532018
1 -1.41701996326447 0.125406995415688 -0.53541898727417 -0.359097987413406 34.5653402572083
1.02 -1.99246001243591 0.151595994830132 -0.532889008522034 -0.357428014278412 32.2821616969286
1.04 -0.00253975996747613 0.17815999686718 -0.531422019004822 -0.355414986610413 31.6617038976299
1.06 2.36702990531921 0.139420002698898 -0.531215012073517 -0.354918003082275 33.8236466001418
1.08 3.03071999549866 0.142629995942116 -0.530189990997314 -0.353888005018234 36.4585081856909
1.1 0.93529999256134 0.17662900686264 -0.527369022369385 -0.351763010025024 37.5302809796821
1.12 -1.67525005340576 0.179988995194435 -0.526434004306793 -0.351420998573303 34.6149581664338
1.14 -2.40995001792908 0.191842004656792 -0.523225009441376 -0.349317997694016 31.8533590057405
1.16 -0.26044100522995 0.20558600127697 -0.519726991653442 -0.347158014774323 31.5549070597675
1.18 2.12416005134583 0.17577700316906 -0.519098997116089 -0.347990989685059 34.0083690662448
1.2 2.48184990882874 0.198099002242088 -0.517615973949432 -0.346033006906509 36.3522816686242
1.22 0.387935996055603 0.206214994192123 -0.515968978404999 -0.344808995723724 36.1535231637768
1.24 -2.27308011054993 0.230359002947807 -0.508567988872528 -0.339818000793457 31.5876783074053
1.26 1.84529995918274 0.225259006023407 -0.502627015113831 -0.336174994707108 33.4562097435516
1.28 2.22225999832153 0.232159003615379 -0.498811006546021 -0.333530008792877 36.002719417092
1.3 -1.67497003078461 0.252175986766815 -0.494264990091324 -0.330987006425858 33.6674026077831
1.32 2.39753007888794 0.278791010379791 -0.46280500292778 -0.309534013271332 36.3817880858387
1.34 0.164621993899345 0.28914600610733 -0.458155006170273 -0.306095987558365 36.5704071748632
1.36 -2.11438989639282 0.271490007638931 -0.455213010311127 -0.304426997900009 33.8186059205343
1.38 0.261918008327484 0.223223999142647 -0.439743012189865 -0.29457700252533 36.7440135080921
1.4 -2.1840500831604 0.211044996976852 -0.436307013034821 -0.292125999927521 34.2412751018477
1.42 -2.85418009757996 0.230559006333351 -0.433221995830536 -0.290637999773026 31.0899521773025
1.44 -0.401396989822388 0.240806996822357 -0.429841995239258 -0.289373993873596 31.241326244783
1.46 2.03683996200562 0.208332002162933 -0.427424013614655 -0.287176996469498 33.9755944035125
1.48 2.51545000076294 0.198575004935265 -0.424187004566193 -0.284875988960266 36.8580879125151
1.5 0.0832810997962952 0.209600999951363 -0.42281499505043 -0.282508999109268 36.6203665935473
1.52 -2.49184989929199 0.189228996634483 -0.420412987470627 -0.281015008687973 33.5766430540919
1.54 -2.79716992378235 0.211357995867729 -0.416826993227005 -0.278775990009308 30.3712899181173
1.56 -0.0208953004330397 0.213025003671646 -0.413744002580643 -0.277635008096695 30.9991926236114
1.58 2.27771997451782 0.172122001647949 -0.411980003118515 -0.276073008775711 34.0807895620145
1.6 2.55747008323669 0.173691004514694 -0.409786999225616 -0.273892998695374 36.9594445047035
1.62 -0.0208721999078989 0.183324992656708 -0.406857013702393 -0.271688997745514 36.9354944463789
1.64 -2.25865006446838 0.184300005435944 -0.404642999172211 -0.270265996456146 34.1034213938293
1.66 -2.73633003234863 0.216602995991707 -0.4009909927845 -0.267935991287231 30.9677942439968
1.68 -0.47257998585701 0.202157005667686 -0.39751398563385 -0.265872001647949 30.4262353748955
1.7 2.08739995956421 0.158473998308182 -0.39733898639679 -0.26460599899292 33.4041261360357
1.72 2.82704997062683 0.128230005502701 -0.39607098698616 -0.263125985860825 36.731234224155
1.74 0.261018007993698 0.168165996670723 -0.39539098739624 -0.262015998363495 36.7416058664097
1.76 -2.65060997009277 0.141675993800163 -0.393076986074448 -0.260381996631622 33.7042412330716
1.78 -3.17038011550903 0.138987004756927 -0.390902012586594 -0.259570002555847 30.2761795339249
1.8 -0.532287001609802 0.152641996741295 -0.390239000320435 -0.258819013834 30.2970901580689
1.82 2.55492997169495 0.103235997259617 -0.388484001159668 -0.257732003927231 33.2248473307011
1.84 3.05690002441406 0.0953387022018433 -0.386920988559723 -0.256639003753662 36.7277986390025
1.86 0.649623990058899 0.126888006925583 -0.387607008218765 -0.256065994501114 37.1155757989409
1.88 -2.53573989868164 0.0841125026345253 -0.386240005493164 -0.255084991455078 34.2098186656252
1.9 -3.10771989822388 0.0940861031413078 -0.384651988744736 -0.25407600402832 30.6486570701225
1.92 -0.902698993682861 0.133836999535561 -0.384609997272491 -0.252972990274429 30.2742295149168
1.94 2.45421004295349 0.0700154006481171 -0.3855220079422 -0.251340001821518 33.5691400912887
1.96 2.79676008224487 0.0694923028349876 -0.384386003017426 -0.250539004802704 36.7739775479809
1.98 -0.0785247012972832 0.0763539001345634 -0.385131001472473 -0.250385999679565 36.4051063516651
2 -2.81159996986389 0.0741859003901482 -0.3853600025177 -0.249797001481056 33.0358286756102
2.02 -3.08319997787476 0.0865297988057137 -0.385284006595612 -0.249041005969048 29.9031248467424
2.04 -0.209114000201225 0.0945601016283035 -0.383643001317978 -0.248101994395256 29.6634569238612
2.06 2.7810800075531 0.0744801014661789 -0.384072005748749 -0.247171998023987 33.5211238614235
2.08 2.9171199798584 0.0815010964870453 -0.384097993373871 -0.245701998472214 36.9047278592625
2.1 -0.300938010215759 0.0966954007744789 -0.382548004388809 -0.244545996189117 36.5598647778793
2.12 -3.09579992294312 0.0742409974336624 -0.382901012897491 -0.244880005717278 32.8379307745981
2.14 -3.16613006591797 0.103832997381687 -0.381994009017944 -0.244201004505157 29.6198564112944
2.16 -0.16559199988842 0.106136001646519 -0.381853014230728 -0.244074001908302 30.1550563742784
2.18 2.5591299533844 0.0761291012167931 -0.380557000637054 -0.243275001645088 33.087567358573
2.2 2.81319999694824 0.0885853990912437 -0.379099994897842 -0.242266997694969 36.3112561373745
2.22 -0.378793001174927 0.0630495995283127 -0.37984299659729 -0.242550998926163 35.644564787584
2.24 -2.64119005203247 0.076844297349453 -0.378571003675461 -0.241688996553421 32.617971362567
2.26 -2.77491998672485 0.0988511964678764 -0.377698004245758 -0.240932002663612 29.733415136435
2.28 0.0868135020136833 0.116148002445698 -0.377243012189865 -0.239968001842499 30.5590484033064
2.3 2.24557995796204 0.0973350033164024 -0.375589996576309 -0.238940000534058 33.1323153429204
2.32 1.9365199804306 0.116186998784542 -0.373668998479843 -0.237633004784584 35.3513823325557
2.34 -0.65625 0.12627300620079 -0.373025000095367 -0.236215993762016 34.412647963218
2.36 -2.54759001731873 0.130086004734039 -0.372036993503571 -0.235331997275352 31.5533600219205
2.38 -2.2197699546814 0.167822003364563 -0.36913800239563 -0.233639001846313 29.0097121976424
2.4 0.428965002298355 0.158574000000954 -0.367619007825851 -0.232764005661011 30.271767231721
2.42 2.11914992332459 0.14902800321579 -0.365076988935471 -0.231206998229027 32.7001351231877
2.44 1.80267000198364 0.17153100669384 -0.36318901181221 -0.229164004325867 34.7561347614835
2.46 -0.329937994480133 0.180897995829582 -0.360208988189697 -0.227110996842384 34.3780393946935
2.48 -2.26695990562439 0.177858993411064 -0.359012007713318 -0.226006999611855 31.7323519593099
2.5 -2.48697996139526 0.203158006072044 -0.356512993574142 -0.22453099489212 29.2233673450696
2.52 -0.140240997076035 0.211748003959656 -0.352813988924026 -0.222468003630638 29.0626529938992
2.54 2.12326002120972 0.187909007072449 -0.351718991994858 -0.221156001091003 32.0823137769086
2.56 2.39018988609314 0.21153199672699 -0.348188996315002 -0.218823999166489 34.8212811057871
2.58 0.145366996526718 0.216876998543739 -0.346172988414764 -0.217601001262665 34.7104715317873
2.6 -2.32168006896973 0.205468997359276 -0.342741012573242 -0.215340003371239 32.0500001519452
2.62 -2.63188004493713 0.232922002673149 -0.338728994131088 -0.21297299861908 29.0341198786414
2.64 -0.0613466985523701 0.21586200594902 -0.336695998907089 -0.212332993745804 29.5592931239239
2.66 2.18220996856689 0.178976997733116 -0.333620995283127 -0.210499003529549 32.0599107564309
2.68 2.60788989067078 0.190605998039246 -0.330444008111954 -0.2083919942379 35.048343914555
2.7 0.260486990213394 0.212329000234604 -0.328534007072449 -0.207090005278587 35.0354519324966
2.72 -2.34200000762939 0.193650007247925 -0.32684600353241 -0.205613002181053 32.1681999906269
2.74 -2.68295001983643 0.207698002457619 -0.323271989822388 -0.203495994210243 29.0937645055686
2.76 -0.184202000498772 0.203823998570442 -0.321083009243011 -0.202456995844841 29.4083766791178
2.78 2.26578998565674 0.186194002628326 -0.319725006818771 -0.200604006648064 32.3667296841372
2.8 2.40649008750916 0.200972005724907 -0.316381990909576 -0.19837099313736 35.1243741653011
2.82 -0.0836504027247429 0.196254000067711 -0.314438998699188 -0.197053998708725 34.6715667742749
2.84 -2.37656998634338 0.177766993641853 -0.313109010457993 -0.196114003658295 31.7525180928344
2.86 -2.53466010093689 0.201158002018929 -0.31038099527359 -0.194737002253532 29.054630936719
2.88 0.195076003670692 0.207986995577812 -0.306748986244202 -0.192708998918533 29.2781420471185
2.9 2.51908993721008 0.171217992901802 -0.305893987417221 -0.192380994558334 32.5602733395533
2.92 2.50143003463745 0.193746000528336 -0.303561002016068 -0.189908996224403 35.3019932346673
2.94 -0.0555745996534824 0.199681997299194 -0.300300002098084 -0.187602996826172 35.2382778149948
2.96 -2.65857005119324 0.159398004412651 -0.29926198720932 -0.187825992703438 31.8688874408185
2.98 -3.24589991569519 0.15209099650383 -0.296837985515594 -0.187928006052971 28.4441452136085
3 -0.309758007526398 0.186341002583504 -0.294845998287201 -0.187892004847527 28.6694321731922
3.02 2.73038005828857 0.120826996862888 -0.292757987976074 -0.186674997210503 31.7982393791385
3.04 3.28685998916626 0.122212998569012 -0.290724992752075 -0.185320004820824 35.5646925554298
3.06 0.595688998699188 0.145621001720428 -0.289474010467529 -0.184734001755714 35.8154185545773
3.08 -2.36845993995667 0.114372000098228 -0.287588000297546 -0.183439999818802 33.1013745859802
3.1 -3.2354199886322 0.125224992632866 -0.285447001457214 -0.182139992713928 29.3938796026044
3.12 -0.76622200012207 0.157337993383408 -0.283941000699997 -0.181501001119614 29.0208863871245
3.14 2.18244004249573 0.112401001155376 -0.283228009939194 -0.1805379986763 31.8979942919666
3.16 2.79892992973328 0.11871699988842 -0.2812480032444 -0.179226994514465 35.1052974469492
3.18 0.286137998104095 0.14503900706768 -0.279935985803604 -0.178275004029274 35.0625541231232
3.2 -2.18513989448547 0.139791995286942 -0.278322994709015 -0.17799299955368 32.3273092473424
3.22 -2.52137994766235 0.175927996635437 -0.27530300617218 -0.176186993718147 29.4379992095481
3.24 0.112764999270439 0.167615994811058 -0.27327498793602 -0.175538003444672 30.0915731810377
3.26 2.0337700843811 0.150662004947662 -0.27233698964119 -0.174389004707336 32.7584034669971
3.28 1.99969005584717 0.164238005876541 -0.270462989807129 -0.172821000218391 34.9727132298755
3.3 -0.155641004443169 0.195453003048897 -0.267255991697311 -0.170585006475449 34.7943530849843
3.32 -2.09460997581482 0.185372993350029 -0.265412002801895 -0.170552998781204 32.2520815438239
3.34 -2.23949003219604 0.198194995522499 -0.262710988521576 -0.169475004076958 29.9627148321562
3.36 0.136847004294395 0.191256001591682 -0.259400010108948 -0.167559996247292 30.1195325604052
3.38 2.1198399066925 0.172735005617142 -0.25806000828743 -0.167437002062798 33.029756637438
3.4 2.31281995773315 0.177128002047539 -0.256408989429474 -0.165261000394821 35.5413162329954
3.42 -0.0529654994606972 0.193375006318092 -0.25415900349617 -0.164406001567841 35.1944484910908
3.44 -2.04087996482849 0.18061800301075 -0.251165002584457 -0.162385001778603 32.8557507381427
3.46 -2.24217009544373 0.198431998491287 -0.247784003615379 -0.160307005047798 30.2864350629636
3.48 -0.0728679001331329 0.199606999754906 -0.245422005653381 -0.158938005566597 30.7432551901272
3.5 2.01530003547668 0.190670996904373 -0.242183998227119 -0.156922996044159 33.0526172805901
3.52 2.05579996109009 0.194602996110916 -0.238966003060341 -0.154734000563622 35.4083905064632
3.54 -0.268175005912781 0.194141000509262 -0.236867994070053 -0.153711006045341 34.82397220032
3.56 -2.09172010421753 0.197295993566513 -0.234360992908478 -0.152336001396179 32.3340130780128
3.58 -2.07729005813599 0.226125001907349 -0.230490997433662 -0.149996995925903 29.9536614164113
3.6 0.241484999656677 0.227656006813049 -0.227504998445511 -0.148663997650146 30.7693226070945
3.62 2.05219006538391 0.194454997777939 -0.225758999586105 -0.146897003054619 33.4218299863644
3.64 2.13634991645813 0.201433002948761 -0.223077997565269 -0.144595995545387 35.7443162853175
3.66 -0.299690991640091 0.214237004518509 -0.21959300339222 -0.142103001475334 35.4009421851733
3.68 -2.27386999130249 0.201236993074417 -0.217256993055344 -0.141233995556831 32.6372222507427
3.7 -2.43493008613586 0.236390992999077 -0.214313000440598 -0.139215007424355 30.1476080529885
3.72 -0.0632399022579193 0.235853999853134 -0.210232004523277 -0.136849001049995 30.0751260855163
3.74 2.23572993278503 0.1978619992733 -0.208254992961884 -0.135830998420715 33.1351225506692
3.76 2.53555989265442 0.209762006998062 -0.205718994140625 -0.133264005184174 35.9714952073013
3.78 0.024312399327755 0.213266998529434 -0.204261004924774 -0.131179004907608 35.6595741282851
3.8 -2.44374990463257 0.195075005292892 -0.201037004590034 -0.128981992602348 32.8592443799032
3.82 -2.88811993598938 0.2151850014925 -0.197356000542641 -0.126753002405167 29.5497240288967
3.84 -0.160097002983093 0.218061998486519 -0.195361003279686 -0.125154003500938 29.9312583959337
3.86 2.21641993522644 0.183803007006645 -0.192215994000435 -0.123250000178814 32.4711222954117
3.88 2.54324007034302 0.195122003555298 -0.18987999856472 -0.121163003146648 35.5354149495525
3.9 0.0841351971030235 0.197844997048378 -0.188587993383408 -0.119043000042439 35.2991279703105
3.92 -2.30467009544373 0.179672002792358 -0.185842007398605 -0.117530003190041 32.5005740711128
3.94 -2.65794992446899 0.208734005689621 -0.182263001799583 -0.115381002426147 29.454787814528
3.96 -0.343098014593124 0.212561994791031 -0.180461004376411 -0.114224001765251 29.6654069428692
3.98 2.17936992645264 0.203686997294426 -0.177470996975899 -0.112236000597477 32.6419214208916
4 2.14679002761841 0.204686999320984 -0.174071997404099 -0.109954997897148 35.1019711448234
4.02 -0.329591006040573 0.188594996929169 -0.17298099398613 -0.108318001031876 34.4211856996805
4.04 -2.42181992530823 0.187288999557495 -0.17009399831295 -0.106647998094559 31.4608246190452
4.06 -2.13243007659912 0.210722997784615 -0.166283994913101 -0.104941003024578 29.408605490455
4.08 0.360345005989075 0.207671999931335 -0.162672996520996 -0.102889001369476 29.821534822012
4.1 2.35164999961853 0.179849997162819 -0.160260006785393 -0.101175002753735 32.9760713505617
4.12 2.13567996025085 0.189007997512817 -0.159139007329941 -0.0987794026732445 35.3067470463296
4.14 -2.81585001945496 0.161813005805016 -0.153472006320953 -0.0949463024735451 31.4378512777718
4.16 -2.78169989585876 0.196364000439644 -0.151736006140709 -0.0931380987167358 28.5683624489489
4.18 -0.0131144002079964 0.203865006566048 -0.15056000649929 -0.0905798971652985 29.0636843524638
4.2 2.06094002723694 0.1701740026474 -0.147620007395744 -0.0888656005263329 31.4253588617799
4.22 1.69641995429993 0.176427006721497 -0.144640997052193 -0.0869750007987022 33.3692921712686
4.24 -0.37279000878334 0.210857003927231 -0.143298000097275 -0.0850912034511566 32.6311502125705
4.26 -2.38712000846863 0.196686998009682 -0.139935001730919 -0.0830496996641159 29.8957345820604
4.28 -2.21672010421753 0.210757002234459 -0.137753993272781 -0.0814227983355522 27.6009805586849
4.3 0.250304996967316 0.209207996726036 -0.136078000068665 -0.0799719989299774 28.3785993032384
4.32 1.96027994155884 0.187133997678757 -0.132819995284081 -0.0781288966536522 30.6249392382296
4.34 1.6465300321579 0.200945004820824 -0.129396006464958 -0.0760250017046928 32.5117448455003
4.36 -0.367179989814758 0.218739002943039 -0.128990992903709 -0.0735965967178345 31.6755145401317
4.38 -2.27557992935181 0.216918006539345 -0.125248000025749 -0.0714031010866165 29.0679258999384
4.4 -2.26426005363464 0.255934000015259 -0.120719000697136 -0.0690181031823158 26.4732292418036
4.42 0.0460157990455627 0.239318996667862 -0.118084996938705 -0.0676900967955589 27.0766679172379
4.44 2.0307400226593 0.19666400551796 -0.1163360029459 -0.0653596967458725 29.7039087192206
4.46 2.00357007980347 0.230570003390312 -0.113136999309063 -0.0631460025906563 31.8435030427682
4.48 -0.291195005178452 0.248184993863106 -0.108912996947765 -0.060539398342371 31.5098141508671
4.5 -2.2962601184845 0.223130002617836 -0.106541998684406 -0.0591523014008999 28.7276458754883
4.52 -2.52836990356445 0.245260998606682 -0.102709002792835 -0.0572353005409241 26.082013081618
4.54 -0.0274294000118971 0.244351997971535 -0.0983187034726143 -0.0550878010690212 26.0506147020035
4.56 2.20631003379822 0.209313005208969 -0.096186600625515 -0.0539414994418621 29.0722220889263
4.58 2.58570003509521 0.216492995619774 -0.0924578979611397 -0.051740400493145 32.0352162074867
4.6 0.0776472985744476 0.202232003211975 -0.0899204015731812 -0.0503332987427711 31.7388816201565
4.62 -2.37382006645203 0.169947996735573 -0.0869880989193916 -0.0486144013702869 29.0187075567793
4.64 -2.67496991157532 0.202356994152069 -0.0833977982401848 -0.0467464998364449 25.9533835440737
4.66 -0.136338993906975 0.195280998945236 -0.080681599676609 -0.0454449988901615 26.2783656523303
4.68 2.29024004936218 0.17425499856472 -0.0775927975773811 -0.0438309013843536 28.9027992465641
4.7 2.54133009910584 0.201544001698494 -0.0747265964746475 -0.0410352014005184 31.7742346793005
4.72 0.370342999696732 0.182888001203537 -0.0722440034151077 -0.039511900395155 31.7740605094766
4.74 -2.51810002326965 0.170222997665405 -0.0693055018782616 -0.0377927012741566 28.888530981388
4.76 -2.69638991355896 0.2170490026474 -0.0654496029019356 -0.0357987992465496 25.7987429386227
4.78 -0.324766010046005 0.193624004721642 -0.0625578984618187 -0.0347631983458996 25.9526971100621
4.8 2.30451011657715 0.163135007023811 -0.0602313987910748 -0.0328100994229317 29.0285054631437
4.82 2.42383003234863 0.17671500146389 -0.057183600962162 -0.0310206990689039 31.8060326249815
4.84 -0.135854005813599 0.199026003479958 -0.0544321984052658 -0.0292658004909754 31.2812623608601
4.86 -2.82749009132385 0.15659399330616 -0.0523203015327454 -0.0281546004116535 27.7255990676391
4.88 -2.53532004356384 0.209536999464035 -0.0488439984619617 -0.0266957003623247 25.0704552353497
4.9 -0.0104823000729084 0.174057006835938 -0.0456907004117966 -0.025220999494195 25.0584238571267
4.92 2.82891988754272 0.116793997585773 -0.0445449985563755 -0.0243864990770817 28.7591569532241
4.94 3.07784008979797 0.106133997440338 -0.0431558005511761 -0.0232810992747545 32.151469442255
4.96 -0.158988997340202 0.118248999118805 -0.0411515012383461 -0.0220257993787527 31.9692673159557
4.98 -3.06545996665955 0.0986632034182549 -0.0401195995509624 -0.0214949008077383 27.9737483779222
5 -3.16254997253418 0.109810002148151 -0.038307998329401 -0.0209103003144264 24.4738347962543
5.02 0.0899766981601715 0.119718000292778 -0.0366795994341373 -0.0205378998070955 25.1094163419227
5.04 2.96587991714478 0.0782726034522057 -0.0352823995053768 -0.0198318008333445 28.5080877370708
5.06 3.38854002952576 0.0886813998222351 -0.0339707992970943 -0.0188392996788025 32.3820258927834
5.08 0.967370986938477 0.113932996988297 -0.0332048982381821 -0.0181074999272823 32.989762464753
5.1 -2.7443699836731 0.0449209995567799 -0.0324381999671459 -0.0176391992717981 29.844914559541
5.12 -3.56286001205444 0.0543816983699799 -0.0315009988844395 -0.0174764003604651 25.6767028260802
5.14 -1.28982996940613 0.096916101872921 -0.0298047997057438 -0.0175315998494625 24.8088436222125
5.16 2.41790008544922 0.0418355986475945 -0.0292394999414682 -0.0174192003905773 28.1592716837055
5.18 3.78995990753174 0.059408400207758 -0.0282138995826244 -0.0168191995471716 32.5022338070811
5.2 2.39580011367798 0.0934239998459816 -0.0284391008317471 -0.0167008992284536 34.8475226925783
5.22 -1.03279995918274 0.0788488015532494 -0.0270509999245405 -0.0164211001247168 33.1400505321554
5.24 -2.63462996482849 0.073088601231575 -0.025806300342083 -0.0156543999910355 30.1209634850363
5.26 -1.71899998188019 0.119107000529766 -0.0236873999238014 -0.0155426999554038 28.3961323988378
5.28 -0.228808999061584 0.125710994005203 -0.0217709001153708 -0.014852499589324 28.5711713642451
5.3 -0.427509993314743 0.0606179982423782 -0.021552599966526 -0.0144964000210166 28.2465905296022
5.32 -0.300107002258301 0.0367885008454323 -0.0209033992141485 -0.0141500998288393 27.9027007501757
5.34 -0.210038006305695 0.0251842997968197 -0.0222829002887011 -0.0140757998451591 27.7194689728591
5.36 -0.126479998230934 0.0111934999004006 -0.0224125999957323 -0.0142419999465346 27.6197174751256
5.38 -0.0794250965118408 0.00702913012355566 -0.0222880002111197 -0.0141768995672464 27.5286744685839
5.4 -0.0400126986205578 0.00354113010689616 -0.0239927992224693 -0.015162399969995 27.5541135081476
5.42 0 0 -0.0248965006321669 -0.0153416004031897 27.6094602385395
5.44 0 0 -0.0262742005288601 -0.016177399083972 27.670653610861
5.46 1.20202004909515 0.0241953004151583 -0.0258483998477459 -0.015947500243783 29.0481012758724
5.48 3.17719006538391 0.0811088010668755 -0.0254619996994734 -0.0157181993126869 32.6050213239006
5.5 2.8724000453949 0.0924473032355309 -0.0251880995929241 -0.0155808003619313 35.4837923798056
5.52 1.71809995174408 0.0347962006926537 -0.024142500013113 -0.0157722998410463 36.9220321435248
5.54 1.27424001693726 0.0193648003041744 -0.023835800588131 -0.0155357997864485 38.3822138899526
5.56 0.977737009525299 0.0236680991947651 -0.0234677009284496 -0.015238200314343 39.5025766496994
5.58 0.598344027996063 0.0181428994983435 -0.0228135008364916 -0.0155728003010154 39.8760855444616
5.6 0.355634987354279 0.0151310004293919 -0.0225818995386362 -0.0153778996318579 40.2836326869527
5.62 0.137238994240761 0.00458119018003345 -0.0232781004160643 -0.0156156001612544 40.0922063901792
5.64 0.069266103208065 0.00120557995978743 -0.0244159009307623 -0.0162214003503323 39.8990042442216
5.66 0.0264826994389296 0.00234372005797923 -0.024379899725318 -0.0161913000047207 39.9293712652715
5.68 0 0 -0.0252998005598783 -0.0166312996298075 39.6732016053555
5.7 -1.30066001415253 0.00676144985482097 -0.02613789960742 -0.0170054007321596 37.9500302551254
5.72 -3.70201992988586 0.0275954995304346 -0.0264208000153303 -0.017051300033927 33.6513584934227
5.74 -3.71307992935181 0.0839776024222374 -0.0249891001731157 -0.0161732006818056 29.3964579990161
5.76 -2.19336009025574 0.0865584015846252 -0.024243300780654 -0.0153850996866822 27.6036733607652
5.78 -1.74882996082306 0.0365677997469902 -0.0235894005745649 -0.0150576001033187 25.5996395092222
5.8 -1.33633005619049 0.0391956008970737 -0.0228780005127192 -0.0147283999249339 24.0682957293792
5.82 -0.88018798828125 0.0345449000597 -0.0222446992993355 -0.0144520998001099 23.0597175531363
5.84 -0.508575022220612 0.0312284994870424 -0.021603399887681 -0.0139659000560641 22.8896065692152
5.86 -0.289047986268997 0.0172560997307301 -0.0214223992079496 -0.0132077997550368 22.8607865860123
5.88 -0.18249300122261 0.00782603025436401 -0.0212779995054007 -0.0131473001092672 22.6516564389102
5.9 -0.100390002131462 0.00364533998072147 -0.0215390995144844 -0.012830900028348 22.8132313939161
5.92 -0.0374730005860329 0.00331636006012559 -0.0218019001185894 -0.0130131002515554 23.0298098623081
5.94 0 0 -0.0218019001185894 -0.0130131002515554 23.0298098623081
5.96 0 0 -0.0222188998013735 -0.013260499574244 23.268332020956
5.98 0 0 -0.0224922001361847 -0.0134335998445749 23.4826172533342
6 0 0 -0.0228256992995739 -0.013625799678266 23.6754181256781
6.02 0 0 -0.0228256992995739 -0.013625799678266 23.6754181256781
6.04 0 0 -0.023047199472785 -0.0137783996760845 23.8511452326442
6.06 0 0 -0.0233050994575024 -0.0139201004058123 24.0064159230462
6.08 0 0 -0.0233050994575024 -0.0139201004058123 24.0064159230462
6.1 0 0 -0.0234916005283594 -0.0140600996091962 24.1502853201761
6.12 0 0 -0.0236971992999315 -0.0141588002443314 24.2739305271736
6.14 0 0 -0.0238553006201983 -0.0142794996500015 24.3907557902848
6.16 0 0 -0.0238553006201983 -0.0142794996500015 24.3907557902848
6.18 0 0 -0.0240167994052172 -0.0143497996032238 24.4897064483381
6.2 0 0 -0.024151099845767 -0.0144648998975754 24.586191408101
6.22 0 0 -0.024151099845767 -0.0144648998975754 24.586191408101
6.24 0 0 -0.0242678001523018 -0.0145092001184821 24.6661763383765
6.26 0 0 -0.0243836995214224 -0.0146081000566483 24.7445578817443
6.28 0 0 -0.0244637001305819 -0.0146404998376966 24.8112495563476
6.3 0 0 -0.0244637001305819 -0.0146404998376966 24.8112495563476
6.32 0 0 -0.0245733000338078 -0.0147254997864366 24.8743331835219
6.34 0 0 -0.0246271993964911 -0.0147489001974463 24.928706611957
6.36 0 0 -0.0246271993964911 -0.0147489001974463 24.928706611957
6.38 0 0 -0.0247239992022514 -0.0148282004520297 24.9805579930412
6.4 0 0 -0.0247552003711462 -0.0148443002253771 25.0253059773886
6.42 0 0 -0.024838799610734 -0.0149176996201277 25.0681073578225
6.44 0 0 -0.024838799610734 -0.0149176996201277 25.0681073578225
6.46 0 0 -0.0248573999851942 -0.014919700101018 25.103229898082
6.48 0 0 -0.0249343998730183 -0.0149833001196384 25.1373774288375
6.5 0 0 -0.0249343998730183 -0.0149833001196384 25.1373774288375
6.52 0 0 -0.0249413996934891 -0.0149868996813893 25.1669999592678
6.54 0 0 -0.0250122006982565 -0.0150388004258275 25.1939860366785
6.56 0 0 -0.0250138007104397 -0.0150271002203226 25.2160441326031
6.58 0 0 -0.0250138007104397 -0.0150271002203226 25.2160441326031
6.6 0 0 -0.0250787008553743 -0.0150702996179461 25.2375882567926
6.62 0 0 -0.025075800716877 -0.0150568997487426 25.2552340505134
6.64 0 0 -0.025075800716877 -0.0150568997487426 25.2552340505134
6.66 0 0 -0.025136100128293 -0.0150945000350475 25.2725383347756
6.68 0 0 -0.0251391995698214 -0.0150825995951891 25.2853722602261
6.7 0 0 -0.0251885000616312 -0.0151102999225259 25.2988943272354
6.72 0 0 -0.0251885000616312 -0.0151102999225259 25.2988943272354
6.74 0 0 -0.025187099352479 -0.0150992004200816 25.3092642619428
6.76 0 0 -0.0252263993024826 -0.0151220001280308 25.320322338209
6.78 0 0 -0.0252263993024826 -0.0151220001280308 25.320322338209
6.8 0 0 -0.0252273008227348 -0.015119600109756 25.3292032916773
6.82 0 0 -0.0252573005855083 -0.0151378000155091 25.3378554338084
6.84 0 0 -0.0252622999250889 -0.0151340002194047 25.3445012078709
6.86 0 0 -0.0252622999250889 -0.0151340002194047 25.3445012078709
6.88 0 0 -0.0252835005521774 -0.0151498997583985 25.3518351234922
6.9 0 0 -0.0252893008291721 -0.0151517000049353 25.357794463543
6.92 0 0 -0.0252893008291721 -0.0151517000049353 25.357794463543
6.94 0 0 -0.0253075994551182 -0.0151567999273539 25.3626063318133
6.96 0 0 -0.0253116991370916 -0.0151607003062963 25.3674199076309
6.98 0 0 -0.025322400033474 -0.0151588004082441 25.3705703323855
7 0 0 -0.025322400033474 -0.0151588004082441 25.3705703323855
7.02 0 0 -0.0253285001963377 -0.0151728000491858 25.3759576440934
7.04 0 0 -0.0253334995359182 -0.0151687003672123 25.3787067952343
7.06 0 0 -0.0253334995359182 -0.0151687003672123 25.3787067952343
7.08 0 0 -0.0253407005220652 -0.0151821002364159 25.3830610408302
7.1 0 0 -0.0253436993807554 -0.0151803996413946 25.3858699561264
7.12 0 0 -0.0253518000245094 -0.0151899997144938 25.3892491922182
7.14 0 0 -0.0253518000245094 -0.0151899997144938 25.3892491922182
7.16 0 0 -0.0253520999103785 -0.0151799004524946 25.3905093621201
7.18 0 0 -0.0253595001995564 -0.0151949003338814 25.3941191170964
7.2 0 0 -0.0253595001995564 -0.0151949003338814 25.3941191170964
7.22 0 0 -0.025356400758028 -0.0151858003810048 25.3953809945456
7.24 0 0 -0.0253660995513201 -0.0151934996247292 25.3970424380612
7.26 0 0 -0.0253628995269537 -0.0151767004281282 25.3965831078395
7.28 0 0 -0.0253628995269537 -0.0151767004281282 25.3965831078395
7.3 0 0 -0.0253704991191626 -0.0151925999671221 25.3996208344729
7.32 0 0 -0.0253667999058962 -0.0151794003322721 25.3992195608592
7.34 0 0 -0.0253667999058962 -0.0151794003322721 25.3992195608592
7.36 0 0 -0.0253765005618334 -0.0151957999914885 25.4016835516022
7.38 0 0 -0.0253711007535458 -0.0151880001649261 25.4021411742766
7.4 0 0 -0.0253775008022785 -0.0152032999321818 25.4045471084118
7.42 0 0 -0.0253775008022785 -0.0152032999321818 25.4045471084118
7.44 0 0 -0.0253718998283148 -0.015196000225842 25.4046051650197
7.46 0 0 -0.0253794994205236 -0.0152062997221947 25.4060941462588
7.48 0 0 -0.0253794994205236 -0.0152062997221947 25.4060941462588
7.5 0 0 -0.025374099612236 -0.0152059998363256 25.4070110991548
7.52 0 0 -0.0253810994327068 -0.0152139002457261 25.4079861086589
7.54 0 0 -0.0253763999789953 -0.0152123998850584 25.4087869483391
7.56 0 0 -0.0253763999789953 -0.0152123998850584 25.4087869483391
7.58 0 0 -0.025381900370121 -0.0152227999642491 25.4103339861861
7.6 0 0 -0.0253803003579378 -0.0152195002883673 25.4104483918547
7.62 0 0 -0.0253803003579378 -0.0152195002883673 25.4104483918547
7.64 0 0 -0.0253836996853352 -0.0152252996340394 25.4111365334135
7.66 0 0 -0.0253803990781307 -0.015222099609673 25.4113089956901
7.68 0 0 -0.0253832004964352 -0.0152200004085898 25.4110784768056
7.7 0 0 -0.0253832004964352 -0.0152200004085898 25.4110784768056
7.72 0 0 -0.0253839008510113 -0.0152212996035814 25.4117102693038
7.74 0 0 -0.0253832992166281 -0.0152187002822757 25.4117666183645
7.76 0 0 -0.0253832992166281 -0.0152187002822757 25.4117666183645
7.78 0 0 -0.02538220025599 -0.0152147002518177 25.4111945900215
7.8 0 0 -0.0253830999135971 -0.0152137996628881 25.4111945900215
7.82 0 0 -0.0253844000399113 -0.0152241997420788 25.4126835712605
7.84 0 0 -0.0253844000399113 -0.0152241997420788 25.4126835712605
7.86 0 0 -0.0253838002681732 -0.0152232004329562 25.4126835712605
7.88 0 0 -0.0253870002925396 -0.0152241997420788 25.4128560335371
7.9 0 0 -0.0253870002925396 -0.0152241997420788 25.4128560335371
7.92 0 0 -0.0253851003944874 -0.015222099609673 25.4129123825977
7.94 0 0 -0.0253886003047228 -0.0152302999049425 25.4138873921018
7.96 0 0 -0.0253880992531776 -0.0152267999947071 25.4135424675487
7.98 0 0 -0.0253880992531776 -0.0152267999947071 25.4135424675487
