0 0 0 -0.538581013679504 -0.383881002664566 91.3764563769932
0.02 0 0 -0.538581013679504 -0.383881002664566 91.3764563769932
0.04 0 0 -0.538580000400543 -0.383881002664566 91.3764563769932
0.06 0 0 -0.538578987121582 -0.383882999420166 91.3770301128835
0.08 0 0 -0.538581013679504 -0.383881002664566 91.3770301128835
0.1 0 0 -0.538581013679504 -0.383881002664566 91.3770301128835
0.12 0 0 -0.538577020168304 -0.383881002664566 91.3776038487737
0.14 0 0 -0.538573980331421 -0.383882999420166 91.3776038487737
0.16 0 0 -0.538573980331421 -0.383882999420166 91.3776038487737
0.18 0 0 -0.538573980331421 -0.383881002664566 91.3776038487737
0.2 0 0 -0.538574993610382 -0.383881986141205 91.3776038487737
0.22 0 0 -0.538573980331421 -0.383881986141205 91.3776038487737
0.24 0 0 -0.538573980331421 -0.383881986141205 91.3776038487737
0.26 0 0 -0.538572013378143 -0.383881986141205 91.3781707544749
0.28 0 0 -0.538569986820221 -0.383882999420166 91.3781707544749
0.3 0 0 -0.538569986820221 -0.383882999420166 91.3781707544749
0.32 0 0 -0.538573026657104 -0.383882999420166 91.3776038487737
0.34 0 0 -0.538573980331421 -0.383881986141205 91.3776038487737
0.36 0 0 -0.538577020168304 -0.383882999420166 91.3770301128835
0.38 0 0 -0.538577020168304 -0.383882999420166 91.3770301128835
0.4 0 0 -0.538573980331421 -0.383884012699127 91.3776038487737
0.42 0 0 -0.538571000099182 -0.383884012699127 91.3776038487737
0.44 0 0 -0.538571000099182 -0.383884012699127 91.3776038487737
0.46 0 0 -0.538574993610382 -0.383881986141205 91.3776038487737
0.48 0 0 -0.538576006889343 -0.383881986141205 91.3776038487737
0.5 0 0 -0.538573980331421 -0.383882999420166 91.3776038487737
0.52 0 0 -0.538573980331421 -0.383882999420166 91.3776038487737
0.54 0 0 -0.538571000099182 -0.383882999420166 91.3781707544749
0.56 0 0 -0.538573026657104 -0.383881986141205 91.3776038487737
0.58 0 0 -0.538573026657104 -0.383881986141205 91.3776038487737
0.6 0 0 -0.538571000099182 -0.383881002664566 91.3776038487737
0.62 0 0 -0.538573980331421 -0.383881002664566 91.3776038487737
0.64 0 0 -0.538576006889343 -0.383877992630005 91.3770301128835
0.66 0 0 -0.538576006889343 -0.383877992630005 91.3770301128835
0.68 0 0 -0.538573980331421 -0.383879989385605 91.3776038487737
0.7 0 0 -0.538572013378143 -0.383882999420166 91.3781707544749
0.72 0 0 -0.538572013378143 -0.383882999420166 91.3781707544749
0.74 0 0 -0.538574993610382 -0.383884012699127 91.3776038487737
0.76 0 0 -0.538576006889343 -0.383884012699127 91.3776038487737
0.78 0 0 -0.538574993610382 -0.383884012699127 91.3776038487737
0.8 0 0 -0.538574993610382 -0.383884012699127 91.3776038487737
0.82 0 0 -0.538573026657104 -0.383882999420166 91.3776038487737
0.84 0 0 -0.538572013378143 -0.383884012699127 91.3781707544749
0.86 0 0 -0.538572013378143 -0.383884012699127 91.3781707544749
0.88 0 0 -0.538569986820221 -0.383884012699127 91.3781707544749
0.9 0 0 -0.538572013378143 -0.383884012699127 91.3781707544749
0.92 0 0 -0.538569986820221 -0.383886009454727 91.3787444903651
0.94 0 0 -0.538569986820221 -0.383886009454727 91.3787444903651
0.96 0 0 -0.538573980331421 -0.383884996175766 91.3781707544749
0.98 0 0 -0.538573026657104 -0.383886009454727 91.3781707544749
1 0 0 -0.538573026657104 -0.383886009454727 91.3781707544749
1.02 0 0 -0.538573980331421 -0.383884012699127 91.3781707544749
1.04 0 0 -0.538571000099182 -0.383882999420166 91.3781707544749
1.06 0 0 -0.538569986820221 -0.383884996175766 91.3787444903651
1.08 0 0 -0.538569986820221 -0.383884996175766 91.3787444903651
1.1 0 0 -0.53856897354126 -0.383888006210327 91.3787444903651
1.12 0 0 -0.538565993309021 -0.383888006210327 91.3787444903651
1.14 0 0 -0.538565993309021 -0.383888006210327 91.3787444903651
1.16 0 0 -0.538565993309021 -0.383888006210327 91.3787444903651
1.18 -0.856105983257294 0.0210772007703781 -0.538574993610382 -0.383464008569717 90.3978405330918
1.2 -2.60801005363464 0.0881991982460022 -0.53855299949646 -0.381738007068634 87.5061228536151
1.22 -3.90961003303528 0.121762998402119 -0.538352012634277 -0.379312008619308 83.0261676260565
1.24 -4.61813020706177 0.13901099562645 -0.538856983184814 -0.376349985599518 78.4631299774338
1.26 -4.89459991455078 0.140167996287346 -0.539110004901886 -0.372965008020401 73.8301921728452
1.28 -5.04322004318237 0.147872999310493 -0.538143992424011 -0.370169013738632 68.0507729651238
1.3 -5.14956998825073 0.164930999279022 -0.53675502538681 -0.36717700958252 62.1498788430137
1.32 -5.14763021469116 0.194473996758461 -0.534763991832733 -0.363837003707886 56.2511054946408
1.34 -4.78037977218628 0.241384997963905 -0.531893014907837 -0.359955012798309 50.7731708368838
1.36 -4.33559989929199 0.275599002838135 -0.528225004673004 -0.355839997529984 45.8049390459392
1.38 -3.94502997398376 0.299290001392365 -0.523886978626251 -0.351716995239258 41.284303211684
1.4 -3.45321989059448 0.321097999811172 -0.51891702413559 -0.34764900803566 37.3271682292388
1.42 -2.94325995445251 0.343944996595383 -0.51332700252533 -0.343639999628067 33.9544515529367
1.44 -2.53008008003235 0.345732986927032 -0.507495999336243 -0.339924991130829 31.0552309106568
1.46 -2.08162999153137 0.351043999195099 -0.501407027244568 -0.336428999900818 28.6698351543533
1.48 -1.26584005355835 0.363804012537003 -0.488483011722565 -0.329892992973328 25.2521399748193
1.5 -0.920385003089905 0.365859985351563 -0.481837004423141 -0.326831996440887 24.1974392386586
1.52 -0.590170979499817 0.366995990276337 -0.478561013936996 -0.322733014822006 23.893256763972
1.54 -0.272377014160156 0.368564993143082 -0.474709987640381 -0.318630993366241 23.810922248622
1.56 -0.0265059005469084 0.373331993818283 -0.467878013849258 -0.315618008375168 23.7805552275721
1.58 0.171225994825363 0.374002993106842 -0.465043991804123 -0.312869012355804 24.198299842494
1.6 0.363994002342224 0.370362997055054 -0.460373997688293 -0.309085011482239 24.7556723070712
1.62 0.492343991994858 0.373360991477966 -0.453608006238937 -0.305925011634827 25.3198647155346
1.64 0.61420601606369 0.374599009752274 -0.450266003608704 -0.303263992071152 26.1281936981438
1.66 0.71434098482132 0.38170000910759 -0.444958001375198 -0.299273014068604 26.9962817133487
1.68 0.711570978164673 0.380290001630783 -0.439256995916367 -0.295035004615784 27.8561769166442
1.7 0.728218019008636 0.38477098941803 -0.432478994131088 -0.291390001773834 28.690633080376
1.72 0.722976982593536 0.386604011058807 -0.428169995546341 -0.287690997123718 29.5606113504337
1.74 0.732074022293091 0.388051003217697 -0.42205598950386 -0.283279985189438 30.4486964519811
1.76 0.670750021934509 0.393317997455597 -0.415302008390427 -0.279247999191284 31.2173181298504
1.78 0.637270987033844 0.390249013900757 -0.409604996442795 -0.274856001138687 31.9320837661141
1.8 0.555190980434418 0.390390008687973 -0.404336005449295 -0.270348995923996 32.6467332891619
1.82 0.489295989274979 0.39274001121521 -0.399066001176834 -0.266113996505737 33.2909669769615
1.84 0.442194998264313 0.39146900177002 -0.392540991306305 -0.261788010597229 33.7976918812957
1.86 0.359813988208771 0.395282000303268 -0.387100011110306 -0.257090002298355 34.3076235594453
1.88 0.289023995399475 0.394620001316071 -0.382247000932693 -0.252618014812469 34.6878396999725
1.9 0.247326001524925 0.396165013313293 -0.375743985176086 -0.248091995716095 34.9712823052443
1.92 0.162660002708435 0.401728987693787 -0.371040999889374 -0.2430360019207 35.177601829503
1.94 0.128695994615555 0.397379010915756 -0.366430014371872 -0.238998994231224 35.4148655257964
1.96 0.048393901437521 0.396169006824493 -0.360850989818573 -0.233219996094704 35.5712256313709
1.98 0.0220727007836103 0.401629000902176 -0.354319006204605 -0.228545993566513 35.5964939162054
2 -0.0623626001179218 0.396375000476837 -0.349963992834091 -0.223748996853828 35.5381641006935
2.02 -0.157649993896484 0.395695000886917 -0.344098001718521 -0.218884006142616 35.4227134131527
2.04 -0.191936001181602 0.399767011404037 -0.337572991847992 -0.214261993765831 35.2027574162161
2.06 -0.206805005669594 0.399690002202988 -0.333252012729645 -0.209782004356384 35.0151116291483
2.08 -0.274756014347076 0.395397007465363 -0.327100992202759 -0.205009996891022 34.7898246695646
2.1 -0.25824698805809 0.400249004364014 -0.321705996990204 -0.200222000479698 34.5479813314327
2.12 -0.301999986171722 0.39698201417923 -0.315153002738953 -0.19573999941349 34.2019127216609
2.14 -0.316246002912521 0.396690011024475 -0.308923989534378 -0.190999001264572 33.9223667393106
2.16 -0.284153014421463 0.40004500746727 -0.303258985280991 -0.186343997716904 33.6563991730302
2.18 -0.265520006418228 0.398045003414154 -0.29662099480629 -0.181949004530907 33.3521040002223
2.2 -0.250351011753082 0.402366012334824 -0.285369008779526 -0.172933995723724 32.9430678764922
2.22 -0.262149006128311 0.395924001932144 -0.278163999319077 -0.167931005358696 32.6674185170633
2.24 -0.257393002510071 0.401035994291306 -0.27140000462532 -0.163618996739388 32.3724602128508
2.26 -0.260118007659912 0.402363985776901 -0.266757011413574 -0.158879995346069 32.1493486685177
2.28 -0.234534993767738 0.397974997758865 -0.259218007326126 -0.154091998934746 31.9227434824241
2.3 -0.270460993051529 0.400222986936569 -0.252413004636765 -0.149877995252609 31.6128304790238
2.32 -0.262542009353638 0.401098996400833 -0.245881006121635 -0.145522996783257 31.3529964226181
2.34 -0.225229993462563 0.402938991785049 -0.238269999623299 -0.141169995069504 31.1170509528346
2.36 -0.244416996836662 0.401558995246887 -0.231420993804932 -0.136932998895645 30.8577291606166
2.38 -0.202556997537613 0.400822013616562 -0.22453099489212 -0.132835000753403 30.6256256722412
2.4 -0.199787005782127 0.401026010513306 -0.217676997184753 -0.128388002514839 30.4658846230274
2.42 -0.169356003403664 0.402027010917664 -0.210665002465248 -0.123967997729778 30.2997846676964
2.44 -0.109071001410484 0.402004987001419 -0.202372997999191 -0.119162999093533 30.1814106591909
2.46 -0.133913993835449 0.401517987251282 -0.195426002144814 -0.115134999155998 30.0279158179732
2.48 -0.0689658969640732 0.404466986656189 -0.190274998545647 -0.110656000673771 29.8890307513901
2.5 -0.0220034997910261 0.399260014295578 -0.183027997612953 -0.106388002634048 29.893326940378
2.52 -0.0427372008562088 0.403825014829636 -0.176024004817009 -0.102366000413895 29.8443408236507
2.54 -0.0490171983838081 0.404119998216629 -0.170845001935959 -0.0978303998708725 29.7153117200399
2.56 -0.00563347991555929 0.403405994176865 -0.164124995470047 -0.0928381979465485 29.676806528594
2.58 -0.0410749986767769 0.40148800611496 -0.157147005200386 -0.0888655036687851 29.6297670157801
2.6 -0.0375884994864464 0.401858001947403 -0.151811003684998 -0.084510900080204 29.5606694070416
2.62 -0.0635631009936333 0.398209989070892 -0.144942000508308 -0.0801516026258469 29.4479678706418
2.64 -0.0697508975863457 0.39911299943924 -0.138773992657661 -0.0756530985236168 29.3604185058605
2.66 -0.0647869035601616 0.39842501282692 -0.131825998425484 -0.0717507004737854 29.2861641042987
2.68 -0.0802562981843948 0.395862013101578 -0.124840997159481 -0.0676852986216545 29.187327851914
2.7 -0.0617853999137878 0.401686012744904 -0.118306003510952 -0.0630465969443321 29.1135310730266
2.72 -0.0495484992861748 0.397496998310089 -0.111359000205994 -0.0591820999979973 29.0567517104563
2.74 -0.068573497235775 0.397704988718033 -0.105479001998901 -0.0549796000123024 28.9897748754551
2.76 -0.111910998821259 0.403061002492905 -0.0982887968420982 -0.0511212982237339 28.898216189631
2.78 -0.116320997476578 0.399237990379334 -0.0905049964785576 -0.0467807985842228 28.7519374432714
2.8 -0.139917001128197 0.401796013116837 -0.0834544003009796 -0.042925201356411 28.5915680166541
2.82 -0.151785001158714 0.405817985534668 -0.0757232010364532 -0.0385828018188477 28.4014035973298
2.84 -0.187087997794151 0.398634999990463 -0.0679533034563065 -0.0343815982341766 28.1911276859944
2.86 -0.191681995987892 0.398681998252869 -0.0609183013439178 -0.0306282006204128 27.9714551419084
2.88 -0.187272995710373 0.403494000434875 -0.053778201341629 -0.0268478002399206 27.8030636581109
2.9 -0.227561995387077 0.395898997783661 -0.0460592992603779 -0.0228272993117571 27.5590414896337
2.92 -0.193460002541542 0.398880004882813 -0.0378517992794514 -0.0185404997318983 27.337420634087
2.94 -0.195977002382278 0.400317013263702 -0.0307324007153511 -0.0148777002468705 27.1128781651227
2.96 -0.232342004776001 0.396580010652542 -0.0240304004400969 -0.0117747001349926 26.8979047911857
2.98 -0.189511999487877 0.351880997419357 -0.0182364005595446 -0.00851839035749435 26.7316904301861
3 -0.18103800714016 0.268114000558853 -0.013442900031805 -0.00611503981053829 26.5242797832075
3.02 -0.100019998848438 0.225062996149063 -0.0108895003795624 -0.00430097011849284 26.4120358694821
3.04 -0.0785939022898674 0.188307002186775 -0.00836240034550428 -0.00248479004949331 26.2981322197883
3.06 -0.0880834013223648 0.148897007107735 -0.00356220011599362 -0.000711363973096013 26.1691594652382
3.08 -0.0838119983673096 0.110863998532295 -0.00157137995120138 0.000264837988652289 26.0730740715418
3.1 -0.0722445026040077 0.0844781994819641 -0.000211099002626725 0.00145304994657636 25.9317830708236
3.12 -0.0495483987033367 0.0555996000766754 0.00195596995763481 0.00204259995371103 25.8543201878991
3.14 -0.0384658016264439 0.0341279990971088 0.00257031992077827 0.00234001991339028 25.8102586375634
3.16 0.0042021400295198 0.0197877995669842 0.00306960009038448 0.00306486990302801 25.7595530207125
3.18 -0.0208029001951218 0.0131612000986934 0.00358370994217694 0.00372436991892755 25.6783642695958
3.2 0.0195792000740767 0.00958739966154099 0.004065350163728 0.0043122498318553 25.649831154338
3.22 0.0173627007752657 0.00660410989075899 0.00418440019711852 0.00436944980174303 25.6697121274647
3.24 0 0 0.00453968998044729 0.00483762985095382 25.6222149919764
3.26 0 0 0.00478838011622429 0.00526848994195461 25.5745436866643
3.28 0 0 0.00478838011622429 0.00526848994195461 25.5745436866643
3.3 0 0 0.00508328014984727 0.00564398011192679 25.5366719952638
3.32 0 0 0.00528830988332629 0.00598157988861203 25.4993723322064
3.34 0 0 0.0055387201718986 0.00628538010641932 25.4695790470468
3.36 0 0 0.0055387201718986 0.00628538010641932 25.4695790470468
3.38 0 0 0.00569892022758722 0.00655608018860221 25.4393264316655
3.4 0 0 0.00589912012219429 0.00681215990334749 25.4136568732173
3.42 0 0 0.00589912012219429 0.00681215990334749 25.4136568732173
3.44 0 0 0.00602839980274439 0.00703827990218997 25.3885047015987
3.46 0 0 0.00619076984003186 0.00724735017865896 25.3677631246367
3.48 0 0 0.00628873985260725 0.00742603978142142 25.3477096892335
3.5 0 0 0.00628873985260725 0.00742603978142142 25.3477096892335
3.52 0 0 0.006431819871068 0.00758562982082367 25.3325261787085
3.54 0 0 0.00651420000940561 0.00773327006027102 25.3158536869445
3.56 0 0 0.00651420000940561 0.00773327006027102 25.3158536869445
3.58 0 0 0.00662518991157413 0.00786484964191914 25.3030197614941
3.6 0 0 0.00669175013899803 0.00798240955919027 25.2897265058219
3.62 0 0 0.00678243022412062 0.00809051003307104 25.279242165446
3.64 0 0 0.00678243022412062 0.00809051003307104 25.279242165446
3.66 0 0 0.00683953985571861 0.00818599015474319 25.2681260325718
3.68 0 0 0.00691419001668692 0.00827203970402479 25.2601056829389
3.7 0 0 0.00691419001668692 0.00827203970402479 25.2601056829389
3.72 0 0 0.00696226023137569 0.00835242960602045 25.2508798049175
3.74 0 0 0.00701079983264208 0.00843579042702913 25.2416556344434
3.76 0 0 0.00705196987837553 0.00850338023155928 25.2338640961477
3.78 0 0 0.00705196987837553 0.00850338023155928 25.2338640961477
3.8 0 0 0.00709507986903191 0.00856196042150259 25.2280772183734
3.82 0 0 0.00713677005842328 0.00860865972936153 25.223550510501
3.84 0 0 0.00713677005842328 0.00860865972936153 25.223550510501
3.86 0 0 0.00715880980715156 0.00867134984582663 25.2161585382717
3.88 0 0 0.00719931023195386 0.00870522018522024 25.21358014186
3.9 0 0 0.00722366012632847 0.00874419044703245 25.2090551415349
3.92 0 0 0.00722366012632847 0.00874419044703245 25.2090551415349
3.94 0 0 0.0072575300000608 0.00877118017524481 25.2071068300741
3.96 0 0 0.00727461976930499 0.0088033601641655 25.2032102071527
3.98 0 0 0.00727461976930499 0.0088033601641655 25.2032102071527
4 0 0 0.00730150984600186 0.00882892031222582 25.2011474900233
4.02 0 0 0.00730959000065923 0.00885516032576561 25.1977101973235
4.04 0 0 0.00732570979744196 0.00889015011489391 25.1934703573962
4.06 0 0 0.00732570979744196 0.00889015011489391 25.1934703573962
4.08 0 0 0.0073358197696507 0.00890855956822634 25.1911207723217
4.1 0 0 0.00735783996060491 0.00892332009971142 25.1904326307628
