0 0 0 -0.541997015476227 -0.38426399230957 91.3810394339263
0.02 0 0 -0.541993975639343 -0.384263008832932 91.3816131698165
0.04 0 0 -0.541997015476227 -0.38426399230957 91.3816131698165
0.06 0 0 -0.541997015476227 -0.38426399230957 91.3816131698165
0.08 0 0 -0.541998028755188 -0.38426199555397 91.3810394339263
0.1 0 0 -0.541998982429504 -0.384263008832932 91.3810394339263
0.12 0 0 -0.541998982429504 -0.384263008832932 91.3810394339263
0.14 0 0 -0.542002975940704 -0.384263008832932 91.380465698036
0.16 0 0 -0.542005002498627 -0.38425999879837 91.380465698036
0.18 0 0 -0.542003989219666 -0.384261012077332 91.380465698036
0.2 0 0 -0.542003989219666 -0.384261012077332 91.380465698036
0.22 0 0 -0.542003989219666 -0.384263008832932 91.380465698036
0.24 0 0 -0.542005002498627 -0.384263008832932 91.380465698036
0.26 0 0 -0.542005002498627 -0.384263008832932 91.380465698036
0.28 0 0 -0.542008996009827 -0.38426199555397 91.3798919621457
0.3 0 0 -0.542012989521027 -0.384261012077332 91.3798919621457
0.32 0 0 -0.54201602935791 -0.384258985519409 91.3793182262554
0.34 0 0 -0.54201602935791 -0.384258985519409 91.3793182262554
0.36 0 0 -0.542014002799988 -0.38425800204277 91.3793182262554
0.38 0 0 -0.542012989521027 -0.384256988763809 91.3798919621457
0.4 0 0 -0.542012989521027 -0.384256988763809 91.3798919621457
0.42 0 0 -0.542011976242065 -0.384258985519409 91.3798919621457
0.44 0 0 -0.542015016078949 -0.38425800204277 91.3793182262554
0.46 0 0 -0.542017996311188 -0.384256988763809 91.3793182262554
0.48 0 0 -0.542017996311188 -0.384256988763809 91.3793182262554
0.5 0 0 -0.542016983032227 -0.38425800204277 91.3793182262554
0.52 0 0 -0.54201602935791 -0.384258985519409 91.3793182262554
0.54 0 0 -0.54201602935791 -0.384258985519409 91.3793182262554
0.56 0 0 -0.542012989521027 -0.384258985519409 91.3793182262554
0.58 0 0 -0.542011976242065 -0.38425800204277 91.3793182262554
0.6 0 0 -0.542012989521027 -0.384258985519409 91.3793182262554
0.62 0 0 -0.542012989521027 -0.384258985519409 91.3793182262554
0.64 0 0 -0.542011022567749 -0.38425800204277 91.3798919621457
0.66 0 0 -0.542010009288788 -0.38425800204277 91.3798919621457
0.68 0 0 -0.542010009288788 -0.38425800204277 91.3798919621457
0.7 0 0 -0.542010009288788 -0.384261012077332 91.3798919621457
0.72 0 0 -0.542011976242065 -0.38425800204277 91.3798919621457
0.74 0 0 -0.542014002799988 -0.38425800204277 91.3798919621457
0.76 0 0 -0.542014002799988 -0.38425800204277 91.3798919621457
0.78 0 0 -0.542014002799988 -0.384256988763809 91.3793182262554
0.8 0 0 -0.542015016078949 -0.384254992008209 91.3793182262554
0.82 0 0 -0.542015016078949 -0.384254992008209 91.3793182262554
0.84 0 0 -0.54201602935791 -0.38425600528717 91.3793182262554
0.86 0 0 -0.542014002799988 -0.384254992008209 91.3793182262554
0.88 0 0 -0.54201602935791 -0.384254992008209 91.3793182262554
0.9 0 0 -0.54201602935791 -0.384254992008209 91.3793182262554
0.92 0 0 -0.542012989521027 -0.384254992008209 91.3798919621457
0.94 0 0 -0.542011976242065 -0.384256988763809 91.3798919621457
0.96 0 0 -0.542011976242065 -0.384256988763809 91.3798919621457
0.98 0 0 -0.542007982730865 -0.384258985519409 91.380465698036
1 0 0 -0.542010009288788 -0.38425800204277 91.380465698036
1.02 0 0 -0.542010009288788 -0.384256988763809 91.3798919621457
1.04 0 0 -0.542010009288788 -0.384256988763809 91.3798919621457
1.06 0 0 -0.542010009288788 -0.38425800204277 91.3798919621457
1.08 0 0 -0.542010009288788 -0.38425800204277 91.3798919621457
1.1 0 0 -0.542010009288788 -0.38425800204277 91.3798919621457
1.12 0 0 -0.542010009288788 -0.384256988763809 91.3798919621457
1.14 0 0 -0.542007982730865 -0.384256988763809 91.380465698036
1.16 0 0 -0.542005002498627 -0.384258985519409 91.380465698036
1.18 0 0 -0.542005002498627 -0.384258985519409 91.380465698036
1.2 -1.17955994606018 -0.000192071995115839 -0.542005002498627 -0.38426399230957 90.0288600537493
1.22 -3.60401010513306 0.0118637001141906 -0.541997015476227 -0.384025990962982 86.0341965969094
1.24 -5.23686981201172 0.0170843992382288 -0.54195499420166 -0.383686006069183 80.0330352977834
1.26 -6.38332986831665 0.0230203997343779 -0.542703986167908 -0.382663011550903 73.7574301676171
1.28 -7.15155982971191 0.0220416001975536 -0.542550981044769 -0.382250010967255 65.5624121070823
1.3 -7.83874988555908 0.0240828990936279 -0.542317986488342 -0.381828993558884 56.5799244616637
1.32 -8.1218204498291 0.0479001998901367 -0.541727006435394 -0.381074011325836 47.272972094818
1.34 -7.44019985198975 0.0904631987214088 -0.54040402173996 -0.379839986562729 38.747130406739
1.36 -5.84601020812988 0.135481998324394 -0.5381960272789 -0.378271013498306 32.0481081895451
1.38 -0.669896006584167 0.225879997014999 -0.531138002872467 -0.374449998140335 26.923458236418
1.4 1.83287000656128 0.180031001567841 -0.52795797586441 -0.372761011123657 29.0238062929947
1.42 2.76460003852844 0.18427300453186 -0.524785995483398 -0.370885014533997 32.1917470677906
1.44 1.51348996162415 0.205428004264832 -0.522864997386932 -0.363148987293243 38.3402731133542
1.46 0.893347978591919 0.236403003334999 -0.519182980060577 -0.360183000564575 39.3639750359668
1.48 0.239684000611305 0.263071000576019 -0.515123009681702 -0.356837004423141 39.638651093439
1.5 -0.322571992874146 0.280366003513336 -0.513747990131378 -0.353729993104935 39.1901979480087
1.52 -1.03956997394562 0.331454008817673 -0.498997986316681 -0.333669990301132 33.112091152788
1.54 -0.726254999637604 0.342242985963821 -0.493238002061844 -0.329971998929977 32.2798701684621
1.56 -0.419636994600296 0.349709004163742 -0.489288985729218 -0.325587004423141 31.7828851138843
1.58 -0.0560593008995056 0.357634991407394 -0.484676003456116 -0.321907997131348 31.6622195769122
1.6 0.223729997873306 0.360235005617142 -0.478552013635635 -0.318112999200821 31.9186180481654
1.62 0.419151991605759 0.368817001581192 -0.475003987550735 -0.31479799747467 32.2807854138109
1.64 0.566803991794586 0.372197985649109 -0.470764994621277 -0.310654997825623 32.7951874507722
1.66 0.579226016998291 0.373995989561081 -0.465755999088287 -0.306360006332397 33.3543374720809
1.68 0.47375699877739 0.375607013702393 -0.459500998258591 -0.302199989557266 33.897214567692
1.7 0.370712012052536 0.381832987070084 -0.454703986644745 -0.298072993755341 34.2079301183197
1.72 0.234327003359795 0.386081010103226 -0.449589997529984 -0.294059008359909 34.4320149646096
1.74 0.0171089004725218 0.384662985801697 -0.443244993686676 -0.289707988500595 34.4516073622438
1.76 -0.0908311009407043 0.390239000320435 -0.437072992324829 -0.285632997751236 34.2860230861951
1.78 -0.256561994552612 0.388686001300812 -0.432590007781982 -0.28166800737381 33.9812088190103
1.8 -0.312667012214661 0.392915993928909 -0.426326990127563 -0.276794999837875 33.6757661744218
1.82 -0.36667200922966 0.392051994800568 -0.419786006212235 -0.272471010684967 33.2556173329121
1.84 -0.335478991270065 0.389728009700775 -0.414905995130539 -0.268444001674652 32.8975754015253
1.86 -0.298097997903824 0.392493009567261 -0.408443003892899 -0.263653010129929 32.613675173579
1.88 -0.23785999417305 0.391424000263214 -0.40183898806572 -0.259449005126953 32.3411198898442
1.9 -0.126826003193855 0.397381007671356 -0.396001994609833 -0.255389988422394 32.2076204274217
1.92 -0.0688737034797668 0.390772014856339 -0.390435010194778 -0.250137001276016 32.072287059207
1.94 0.0265753008425236 0.395749986171722 -0.383729010820389 -0.245932996273041 32.1027667783782
1.96 0.11235000193119 0.397018998861313 -0.378769993782043 -0.241949006915092 32.1625855751292
1.98 0.126987993717194 0.395722985267639 -0.372765004634857 -0.237405002117157 32.2401048071143
2 0.15972800552845 0.399316012859344 -0.366333991289139 -0.232657000422478 32.3572767023259
2.02 0.161898002028465 0.400373995304108 -0.359577000141144 -0.228360995650291 32.5427983005618
2.04 0.14580500125885 0.396788001060486 -0.354106992483139 -0.224456995725632 32.6453604211387
2.06 0.104083999991417 0.396082997322083 -0.347597002983093 -0.219780996441841 32.7127402373009
2.08 0.0404515005648136 0.396438986063004 -0.340927988290787 -0.215492993593216 32.7590899010087
2.1 -0.00210115010850132 0.39640799164772 -0.335433006286621 -0.211759001016617 32.7272919553277
2.12 -0.0835348963737488 0.393896996974945 -0.328911989927292 -0.20694400370121 32.5795822843369
2.14 -0.12313199788332 0.395745992660522 -0.322708010673523 -0.202754005789757 32.4254590657155
2.16 -0.155595004558563 0.394504010677338 -0.316040992736816 -0.198533996939659 32.2471535623377
2.18 -0.127795994281769 0.398597985506058 -0.30927500128746 -0.193873003125191 32.1074078919192
2.2 -0.155156001448631 0.39785298705101 -0.303039997816086 -0.18962000310421 31.8899141781784
2.22 -0.111518003046513 0.39698600769043 -0.295558989048004 -0.185627996921539 31.7514867342697
2.24 -0.0696815028786659 0.400925993919373 -0.288738012313843 -0.181412994861603 31.6716179172102
2.26 0.00854283012449741 0.404967993497849 -0.282487004995346 -0.177441999316216 31.6652590110929
2.28 0.0709977000951767 0.399592012166977 -0.274917989969254 -0.1735779941082 31.7527469041716
2.3 0.146035999059677 0.400830000638962 -0.268106997013092 -0.169348999857903 31.9200523878911
2.32 0.174389004707336 0.405018985271454 -0.261352002620697 -0.16525499522686 32.1032824576605
2.34 0.177414000034332 0.399311989545822 -0.253937005996704 -0.161154001951218 32.2648574126664
2.36 0.138832002878189 0.398283988237381 -0.247207000851631 -0.156892001628876 32.4239666693819
2.38 0.146128997206688 0.402015000581741 -0.241007000207901 -0.153035998344421 32.569500925122
2.4 0.110018000006676 0.397994011640549 -0.234473004937172 -0.148574993014336 32.7132559165833
2.42 0.041721198707819 0.400894999504089 -0.227595999836922 -0.144242003560066 32.7629284673222
2.44 -0.0147765995934606 0.4009790122509 -0.220852002501488 -0.139902994036675 32.7459691076131
2.46 -0.0677421987056732 0.399507999420166 -0.214340999722481 -0.135470002889633 32.7148029544303
2.48 -0.0991197973489761 0.402722001075745 -0.208720996975899 -0.130809992551804 32.5797564541608
2.5 -0.138531997799873 0.399625986814499 -0.201979994773865 -0.126515999436378 32.4210467635117
2.52 -0.213293001055717 0.398575991392136 -0.196698993444443 -0.12236499786377 32.1862487655087
2.54 -0.178707003593445 0.401946991682053 -0.189683005213737 -0.117940999567509 32.0427806419925
2.56 -0.168224006891251 0.403986990451813 -0.183451995253563 -0.113124996423721 31.8874518949826
2.58 -0.131190001964569 0.402319014072418 -0.176614999771118 -0.108883000910282 31.7371057709723
2.6 -0.119877003133297 0.399356991052628 -0.172624006867409 -0.103651002049446 31.5238501896115
2.62 -0.133869007229805 0.39954000711441 -0.166448995471001 -0.0994205996394157 31.393847784044
2.64 -0.185517996549606 0.399044007062912 -0.160339996218681 -0.0940945968031883 31.1411171243751
2.66 -0.212900996208191 0.403154999017715 -0.153429999947548 -0.0899394974112511 30.8971495974113
2.68 -0.281774997711182 0.39920499920845 -0.147315993905067 -0.0852634981274605 30.529483929484
2.7 -0.318740010261536 0.398631006479263 -0.139891996979713 -0.0805921033024788 30.1509309400197
2.72 -0.280642986297607 0.400335013866425 -0.132957994937897 -0.076589897274971 29.829328067855
2.74 -0.299784004688263 0.399140000343323 -0.125782996416092 -0.0722583010792732 29.5019400254632
2.76 -0.207913994789124 0.401692003011703 -0.118260003626347 -0.0678438991308212 29.2686310086993
2.78 -0.121977999806404 0.399758994579315 -0.11175400018692 -0.0637004002928734 29.1271129041912
2.8 -0.0112671004608274 0.403766006231308 -0.104699999094009 -0.0597704984247684 29.1141628655248
2.82 0.0649717971682549 0.404341995716095 -0.0970064997673035 -0.0555221997201443 29.171058341311
2.84 0.107293002307415 0.402745991945267 -0.0890486016869545 -0.0507313013076782 29.2852488589499
2.86 0.181777000427246 0.403919011354446 -0.0820098966360092 -0.0467668995261192 29.4935764588246
2.88 0.158619001507759 0.399798005819321 -0.0750614032149315 -0.04305399954319 29.6697611884651
2.9 0.164853006601334 0.401142001152039 -0.0672177001833916 -0.0386586003005505 29.8017136130406
2.92 0.162497997283936 0.402363985776901 -0.0596459992229939 -0.0345457009971142 30.0070017787346
2.94 0.117174997925758 0.397617995738983 -0.0527641996741295 -0.0305605996400118 30.1412457317766
2.96 0.0775550976395607 0.398508995771408 -0.0451546981930733 -0.0261969994753599 30.1797509232226
2.98 0.068181000649929 0.400727987289429 -0.0384555011987686 -0.0226946994662285 30.2608218535761
3 0.0419984012842178 0.398761987686157 -0.0302971005439758 -0.0184077993035316 30.2774977604347
3.02 0.118028998374939 0.396925002336502 -0.0234462004154921 -0.0143972001969814 30.4127730720414
3.04 0.110572002828121 0.347849994897842 -0.0176758002489805 -0.0113934995606542 30.551999648083
3.06 0.0910618975758553 0.273923009634018 -0.0127176996320486 -0.00852575991302729 30.6713469585452
3.08 0.00935102999210358 0.150032997131348 -0.00132536003366113 -0.00265331007540226 30.8395096310056
3.1 0.00854283012449741 0.114827997982502 0.000646380998659879 -0.00147585000377148 30.84930753737
3.12 -0.00572595978155732 0.080765500664711 0.00117821001913399 -0.000200005000806414 30.8195142522104
3.14 0.028260599821806 0.0585992000997067 0.00174247997347265 0.000961649988312274 30.8363028571903
3.16 0.0332477986812592 0.0420848987996578 0.00230845995247364 0.00207413011230528 30.8538905943031
3.18 -0.0273832008242607 0.0213897991925478 0.00267577008344233 0.00229342002421618 30.8224922146885
3.2 -0.00526423007249832 0.00849625002592802 0.00273044011555612 0.00301510002464056 30.8004921753719
3.22 -0.00302462000399828 0.00523710995912552 0.00282188993878663 0.00373375997878611 30.780609494698
3.24 0 0 0.00282188993878663 0.00373375997878611 30.780609494698
3.26 0 0 0.00284781004302204 0.00433890987187624 30.7649103048907
3.28 0 0 0.00290858000516891 0.00489907991141081 30.7509323227543
3.3 0 0 0.00297224009409547 0.00535780005156994 30.7447441713662
3.32 0 0 0.00297224009409547 0.00535780005156994 30.7447441713662
3.34 0 0 0.00301132001914084 0.00581663986667991 30.7323098119822
3.36 0 0 0.00305334990844131 0.00621041003614664 30.7235432641825
3.38 0 0 0.00305334990844131 0.00621041003614664 30.7235432641825
3.4 0 0 0.00305094011127949 0.0065920501947403 30.7120275652419
3.42 0 0 0.00312468991614878 0.00689216004684567 30.7088754329399
3.44 0 0 0.00312784989364445 0.00718112988397479 30.7016012814738
3.46 0 0 0.00312784989364445 0.00718112988397479 30.7016012814738
3.48 0 0 0.00319413002580404 0.00742632010951638 30.6990228850621
3.5 0 0 0.00316923996433616 0.00766885979101062 30.6918033751094
3.52 0 0 0.00316923996433616 0.00766885979101062 30.6918033751094
3.54 0 0 0.00323803001083434 0.00787257961928844 30.6906559033289
3.56 0 0 0.00321549992077053 0.00805918965488672 30.6855571671135
3.58 0 0 0.00328439008444548 0.00822388008236885 30.6850414878311
3.6 0 0 0.00328439008444548 0.00822388008236885 30.6850414878311
3.62 0 0 0.00325260008685291 0.00837740954011679 30.6801715629529
3.64 0 0 0.00332097010686994 0.00851010996848345 30.6802842610742
3.66 0 0 0.00332097010686994 0.00851010996848345 30.6802842610742
3.68 0 0 0.00328390998765826 0.00863316003233194 30.6760461286942
3.7 0 0 0.0033470899797976 0.00873984023928642 30.6765618079765
3.72 0 0 0.00330690992996097 0.00884051993489265 30.6726071284471
3.74 0 0 0.00330690992996097 0.00884051993489265 30.6726071284471
3.76 0 0 0.0033676999155432 0.00892336014658213 30.673867298349
3.78 0 0 0.00333922007121146 0.00900335982441902 30.6703736565885
3.8 0 0 0.00339182000607252 0.0090668797492981 30.6717499397063
3.82 0 0 0.00335610006004572 0.00913366954773664 30.6681948262433
3.84 0 0 0.00340347993187606 0.00918496027588844 30.6690554300787
3.86 0 0 0.00340347993187606 0.00918496027588844 30.6690554300787
3.88 0 0 0.00338568002916873 0.00924163963645697 30.6659613543847
3.9 0 0 0.00341910007409751 0.00928306020796299 30.6668800148281
3.92 0 0 0.00341910007409751 0.00928306020796299 30.6668800148281
3.94 0 0 0.00339812994934618 0.00933175999671221 30.6635537127023
3.96 0 0 0.00341721996665001 0.00938023999333382 30.6617778635181
3.98 0 0 0.00340875005349517 0.0094138802960515 30.6604049954949
4 0 0 0.00340875005349517 0.0094138802960515 30.6604049954949
4.02 0 0 0.00341634009964764 0.0094570703804493 30.6585130330948
4.04 0 0 0.00341681996360421 0.00947718974202871 30.6585130330948
4.06 0 0 0.00341681996360421 0.00947718974202871 30.6585130330948
4.08 0 0 0.00341495010070503 0.00951507035642862 30.6562215046282
4.1 0 0 0.00342048006132245 0.00953490007668734 30.6563922593575
4.12 0 0 0.00341050000861287 0.00957439001649618 30.6526698062598
4.14 0 0 0.00341050000861287 0.00957439001649618 30.6526698062598
4.16 0 0 0.00342271011322737 0.00958785973489285 30.6532981836635
4.18 0 0 0.00341544998809695 0.00961283035576344 30.6516965043031
4.2 0 0 0.00341544998809695 0.00961283035576344 30.6516965043031
4.22 0 0 0.00343136000446975 0.00961760990321636 30.6535269950007
4.24 0 0 0.00341932009905577 0.00963998027145863 30.650948598589
4.26 0 0 0.00342798000201583 0.00965628959238529 30.6503202211854
4.28 0 0 0.00342798000201583 0.00965628959238529 30.6503202211854
4.3 0 0 0.00341574009507895 0.00967261008918285 30.6484863153932
4.32 0 0 0.00343805993907154 0.00966937001794577 30.6508939570756
4.34 0 0 0.00342210009694099 0.00968405045568943 30.6489439380676
4.36 0 0 0.00342210009694099 0.00968405045568943 30.6489439380676
4.38 0 0 0.00343665992841125 0.00968741998076439 30.6499172400243
4.4 0 0 0.00341993989422917 0.00970122963190079 30.6476837681657
4.42 0 0 0.00341993989422917 0.00970122963190079 30.6476837681657
4.44 0 0 0.00343763991259038 0.009695990011096 30.6501494664561
4.46 0 0 0.00342131010256708 0.00970609020441771 30.6484282587853
4.48 0 0 0.00343768997117877 0.00970110017806292 30.6507197872518
4.5 0 0 0.00343768997117877 0.00970110017806292 30.6507197872518
4.52 0 0 0.00342267006635666 0.00971630029380322 30.6481413908401
4.54 0 0 0.00344019988551736 0.00971087999641895 30.6503202211854
4.56 0 0 0.00344019988551736 0.00971087999641895 30.6503202211854
4.58 0 0 0.00343114999122918 0.00971694011241198 30.6496884286871
