0 0 0 -0.476453989744186 -0.348966002464294 88.8342394773461
0.02 0 0 -0.476458996534348 -0.348966002464294 88.8330988357548
0.04 0 0 -0.476460009813309 -0.348966002464294 88.8325250998645
0.06 0 0 -0.476458013057709 -0.348966002464294 88.8330988357548
0.08 0 0 -0.476458013057709 -0.348966002464294 88.8330988357548
0.1 0 0 -0.476458013057709 -0.348966002464294 88.8330988357548
0.12 0 0 -0.476458996534348 -0.348966002464294 88.8330988357548
0.14 0 0 -0.476458996534348 -0.348966002464294 88.8330988357548
0.16 0 0 -0.476456999778748 -0.348966002464294 88.8330988357548
0.18 0 0 -0.476462006568909 -0.348966002464294 88.8319513639742
0.2 0 0 -0.476460009813309 -0.348966002464294 88.8325250998645
0.22 0 0 -0.476460009813309 -0.348966002464294 88.8325250998645
0.24 0 0 -0.476458996534348 -0.348966002464294 88.8330988357548
0.26 0 0 -0.476460009813309 -0.348966002464294 88.8325250998645
0.28 0 0 -0.476460993289948 -0.348966002464294 88.8325250998645
0.3 0 0 -0.476460993289948 -0.348966002464294 88.8325250998645
0.32 0 0 -0.476458996534348 -0.348966002464294 88.8330988357548
0.34 0 0 -0.476460993289948 -0.348966002464294 88.8325250998645
0.36 0 0 -0.476460993289948 -0.348966002464294 88.8325250998645
0.38 0 0 -0.476458013057709 -0.348966002464294 88.8330988357548
0.4 0 0 -0.476458996534348 -0.348966002464294 88.8330988357548
0.42 0 0 -0.476464003324509 -0.348966002464294 88.8319513639742
0.44 0 0 -0.476464003324509 -0.348966002464294 88.8319513639742
0.46 0 0 -0.476466000080109 -0.348966002464294 88.8313776280839
0.48 0 0 -0.476466000080109 -0.348966002464294 88.8313776280839
0.5 0 0 -0.476466000080109 -0.348966002464294 88.8313776280839
0.52 0 0 -0.476466000080109 -0.348966002464294 88.8313776280839
0.54 0 0 -0.476462990045547 -0.348966002464294 88.8325250998645
0.56 0 0 -0.476464003324509 -0.348966002464294 88.8319513639742
0.58 0 0 -0.476464003324509 -0.348966002464294 88.8319513639742
0.6 0 0 -0.476466000080109 -0.348966002464294 88.8319513639742
0.62 0 0 -0.476466000080109 -0.348966002464294 88.8313776280839
0.64 0 0 -0.476466000080109 -0.348966002464294 88.8313776280839
0.66 0 0 -0.47646901011467 -0.348966002464294 88.8308038921936
0.68 0 0 -0.476471990346909 -0.348966002464294 88.8302301563033
0.7 0 0 -0.476476013660431 -0.348966002464294 88.8290826845228
0.72 0 0 -0.476476013660431 -0.348966002464294 88.8290826845228
0.74 0 0 -0.476476013660431 -0.348966002464294 88.8290826845228
0.76 0 0 -0.47647300362587 -0.348966002464294 88.8302301563033
0.78 0 0 -0.47647300362587 -0.348966002464294 88.8302301563033
0.8 0 0 -0.476473987102509 -0.348966002464294 88.8296564204131
0.82 0 0 -0.47647300362587 -0.348966002464294 88.8296564204131
0.84 0 0 -0.476476013660431 -0.348966002464294 88.8290826845228
0.86 0 0 -0.476476013660431 -0.348966002464294 88.8290826845228
0.88 0 0 -0.476478010416031 -0.348966002464294 88.8285089486325
0.9 0 0 -0.476476013660431 -0.348966002464294 88.8290826845228
0.92 0 0 -0.476476013660431 -0.348966002464294 88.8290826845228
0.94 0 0 -0.476476013660431 -0.348966002464294 88.8290826845228
0.96 0 0 -0.47647699713707 -0.348964989185333 88.8279420429314
0.98 0 0 -0.47647899389267 -0.348964989185333 88.8279420429314
1 0 0 -0.47647899389267 -0.348964989185333 88.8279420429314
1.02 0 0 -0.47647500038147 -0.348966002464294 88.8290826845228
1.04 0 0 -0.47647699713707 -0.348964989185333 88.8285089486325
1.06 0 0 -0.47647699713707 -0.348964989185333 88.8285089486325
1.08 0 0 -0.47647300362587 -0.348966002464294 88.8290826845228
1.1 0 0 -0.476473987102509 -0.348966002464294 88.8290826845228
1.12 0 0 -0.47647100687027 -0.348966002464294 88.8302301563033
1.14 0 0 -0.47647100687027 -0.348966002464294 88.8302301563033
1.16 0 0 -0.47646901011467 -0.348966002464294 88.8302301563033
1.18 0 0 -0.47646901011467 -0.348966002464294 88.8302301563033
1.2 0 0 -0.47646901011467 -0.348966002464294 88.8302301563033
1.22 0 0 -0.476467996835709 -0.348966002464294 88.8308038921936
1.24 0 0 -0.476460993289948 -0.348966002464294 88.8325250998645
1.26 0 0 -0.476462006568909 -0.348966002464294 88.8325250998645
1.28 0 0 -0.476462006568909 -0.348966002464294 88.8325250998645
1.3 0 0 -0.476464003324509 -0.348966002464294 88.8319513639742
1.32 -1.21370005607605 0.000263589987298474 -0.476464003324509 -0.348960995674133 87.4408057545822
1.34 -3.76974010467529 0.00994294974952936 -0.476447999477386 -0.348762989044189 83.121278010249
1.36 -5.1845498085022 0.0264756996184587 -0.476363986730576 -0.34825998544693 77.7515198885667
1.38 -5.96638011932373 0.0539260990917683 -0.476411998271942 -0.347344994544983 71.9119335444466
1.4 -6.32095003128052 0.075129896402359 -0.476368993520737 -0.345485001802444 65.9778105520243
1.42 -6.34541988372803 0.0739692971110344 -0.475683003664017 -0.344175010919571 58.7064048220048
1.44 -6.26079988479614 0.0902322977781296 -0.474651008844376 -0.342694014310837 51.5319399668754
1.46 -6.01183986663818 0.120687998831272 -0.473037987947464 -0.340898007154465 44.6429223775392
1.48 -5.27951002120972 0.168020993471146 -0.47052600979805 -0.338665992021561 38.5930037730231
1.5 -4.4128098487854 0.201487004756927 -0.467269003391266 -0.336293995380402 33.5363073719484
1.52 -3.1840500831604 0.253176987171173 -0.462960988283157 -0.333631992340088 29.8876544682723
1.54 -2.51581001281738 0.247681006789207 -0.458606004714966 -0.33127298951149 27.0047613932033
1.56 -1.5233199596405 0.278248995542526 -0.453608989715576 -0.328821986913681 25.2591887300428
1.58 -0.700558006763458 0.288742005825043 -0.448370009660721 -0.326393991708755 24.4563597572628
1.6 0.0533348992466927 0.29109600186348 -0.44625198841095 -0.323478013277054 25.1239134184361
1.62 0.623326003551483 0.297363013029099 -0.440883010625839 -0.320919007062912 25.8381616678702
1.64 1.04091000556946 0.307824999094009 -0.439442992210388 -0.31877401471138 27.4136814037175
1.66 1.33327996730804 0.315035998821259 -0.437085002660751 -0.315719991922379 29.222738967666
1.68 1.42102003097534 0.321779012680054 -0.432913988828659 -0.312355995178223 31.1188848586267
1.7 1.42060005664825 0.328689008951187 -0.427334994077683 -0.308878988027573 32.7467716548405
1.72 1.39347004890442 0.324849992990494 -0.423537999391556 -0.305476009845734 34.4895968744074
1.74 1.25510001182556 0.333265990018845 -0.419369012117386 -0.301802009344101 36.1156497648291
1.76 1.0286899805069 0.340728998184204 -0.413904994726181 -0.297728985548019 37.2944516231144
1.78 0.811452984809875 0.343526005744934 -0.410019993782043 -0.293978989124298 38.3638782471257
1.8 0.543231010437012 0.350843012332916 -0.405748009681702 -0.289768010377884 39.2158111573963
1.82 0.286693006753922 0.35214900970459 -0.401253014802933 -0.285255014896393 39.8378125794474
1.84 0.0543508008122444 0.362493991851807 -0.395689010620117 -0.280607998371124 39.9000936593942
1.86 -0.160350993275642 0.368357002735138 -0.39130699634552 -0.275950014591217 40.0160600262173
1.88 -0.352865010499954 0.368185013532639 -0.387264996767044 -0.271245986223221 39.9430077379494
1.9 -0.526377022266388 0.370950013399124 -0.381552010774612 -0.266512989997864 39.3398542229129
1.92 -0.649070024490356 0.3784039914608 -0.378455996513367 -0.261900991201401 38.9615881013937
1.94 -0.790857017040253 0.376807987689972 -0.37432000041008 -0.257155001163483 38.3617028318751
1.96 -0.807204008102417 0.382030993700027 -0.368573993444443 -0.252184003591537 37.7478361651254
1.98 -0.859685003757477 0.380205988883972 -0.362522006034851 -0.247581005096436 36.7627487169854
2 -0.850333988666534 0.384045988321304 -0.356932014226913 -0.243058994412422 36.162631221035
2.02 -0.792797029018402 0.385655999183655 -0.352809995412827 -0.237889006733894 35.4533673021477
2.04 -0.758857011795044 0.382730007171631 -0.346540987491608 -0.233496993780136 34.5837885981565
2.06 -0.651262998580933 0.38688600063324 -0.340142011642456 -0.229146003723145 33.8375118841569
2.08 -0.570636987686157 0.38789901137352 -0.335671991109848 -0.224167004227638 33.3464315281166
2.1 -0.419775992631912 0.388368993997574 -0.330736994743347 -0.219067007303238 32.9596823116482
2.12 -0.391238003969193 0.388141006231308 -0.324207007884979 -0.214868992567062 32.5113452794339
2.14 -0.26274898648262 0.393054991960526 -0.319305986166 -0.210040003061295 32.2940223204224
2.16 -0.174781993031502 0.392295002937317 -0.313789010047913 -0.205335006117821 32.1739305193406
2.18 -0.105237998068333 0.395989000797272 -0.307081013917923 -0.201124995946884 32.0533230389764
2.2 -0.0631474032998085 0.395693004131317 -0.301649987697601 -0.196970000863075 32.0289699994908
2.22 -0.004617840051651 0.398027986288071 -0.295776009559631 -0.19208799302578 32.0364763773886
2.24 0.0409362986683846 0.400826007127762 -0.28931799530983 -0.187439993023872 32.09365872112
2.26 0.0397820994257927 0.397291004657745 -0.282588005065918 -0.183215007185936 32.1392092526948
2.28 0.0745534971356392 0.397751986980438 -0.276537001132965 -0.178811997175217 32.2138085788097
2.3 0.0724292024970055 0.398405998945236 -0.269988000392914 -0.174140006303787 32.287318489752
2.32 0.0575601011514664 0.398701012134552 -0.263249009847641 -0.169875994324684 32.3533220227964
2.34 0.0963030979037285 0.395684987306595 -0.258922010660172 -0.165327996015549 32.4597773512003
2.36 0.0767930001020432 0.397267997264862 -0.25390300154686 -0.160592004656792 32.548129263209
2.38 0.0527807995676994 0.397334009408951 -0.247206002473831 -0.156313002109528 32.608631078877
2.4 0.0325088985264301 0.395579993724823 -0.24269300699234 -0.152207002043724 32.6367065714603
2.42 0.0202718004584312 0.398510992527008 -0.236515998840332 -0.147860005497932 32.6927995000191
2.44 -0.000761894974857569 0.40583199262619 -0.230976998806 -0.143242001533508 32.6992745193523
2.46 -0.0567056983709335 0.401174992322922 -0.224223002791405 -0.138910993933678 32.6343023448725
2.48 -0.0799333974719048 0.40327599644661 -0.217843994498253 -0.13434299826622 32.6270247783118
2.5 -0.13841700553894 0.402583003044128 -0.212016999721527 -0.130235001444817 32.5014312598536
2.52 -0.155410006642342 0.403135001659393 -0.205087006092072 -0.125670000910759 32.3609410988156
2.54 -0.142849996685982 0.40310999751091 -0.198271006345749 -0.121363997459412 32.197248785167
2.56 -0.19752399623394 0.400510996580124 -0.192519992589951 -0.117049001157284 32.061802718831
2.58 -0.183832004666328 0.398658007383347 -0.186281993985176 -0.112558998167515 31.9126621232092
2.6 -0.169263005256653 0.400420993566513 -0.179477006196976 -0.108337000012398 31.718715486632
2.62 -0.180068999528885 0.397363990545273 -0.173558995127678 -0.103500001132488 31.5036259994791
2.64 -0.165615007281303 0.397184014320374 -0.167262002825737 -0.0985684022307396 31.2982217205692
2.66 -0.168178007006645 0.40209099650383 -0.160441994667053 -0.0931466966867447 31.1158488395406
2.68 -0.202904000878334 0.400247007608414 -0.153579995036125 -0.0890239030122757 30.8833423700042
2.7 -0.194244995713234 0.399096995592117 -0.147118002176285 -0.0852624997496605 30.6844096953329
2.72 -0.202371999621391 0.404107004404068 -0.140127003192902 -0.0802787989377975 30.4329972621738
2.74 -0.231349006295204 0.402446001768112 -0.132818996906281 -0.0752495974302292 30.1421063356121
2.76 -0.205374002456665 0.4009889960289 -0.125875994563103 -0.0712366998195648 29.9067346017188
2.78 -0.201656997203827 0.406823009252548 -0.118674002587795 -0.0664559975266457 29.6679853392809
2.8 -0.207243993878365 0.404424011707306 -0.111210003495216 -0.0612814016640186 29.4413801531873
2.82 -0.205812007188797 0.400133013725281 -0.104232996702194 -0.0573621988296509 29.2055507966196
2.84 -0.190204992890358 0.401096999645233 -0.0970361977815628 -0.0528242997825146 28.9755646668869
2.86 -0.176605001091957 0.404336005449295 -0.0895339995622635 -0.0483129993081093 28.773254463671
2.88 -0.198748007416725 0.398616999387741 -0.0823180973529816 -0.0441111996769905 28.5746086569449
2.9 -0.18452499806881 0.399625986814499 -0.0752921029925346 -0.0403013005852699 28.3631869813763
2.92 -0.162290006875992 0.399845004081726 -0.0685539022088051 -0.0364404991269112 28.2222972542718
2.94 -0.163191005587578 0.397807985544205 -0.0608001984655857 -0.0320940017700195 28.0355120710394
2.96 -0.168570995330811 0.399823993444443 -0.0537356995046139 -0.0283473990857601 27.8423679816897
2.98 -0.143565997481346 0.399127990007401 -0.0464066006243229 -0.0243517998605967 27.6979829052775
3 -0.0824728012084961 0.402458012104034 -0.0393402986228466 -0.0205023996531963 27.6387395519641
3.02 -0.0899998024106026 0.401881992816925 -0.031241599470377 -0.0162032004445791 27.5364660068796
3.04 -0.076493002474308 0.399987995624542 -0.0241452995687723 -0.0125102000311017 27.448803943977
3.06 -0.119021996855736 0.350383996963501 -0.0182090997695923 -0.00953278969973326 27.3304299354715
3.08 -0.125809997320175 0.2761490046978 -0.0124195003882051 -0.00679825013503432 27.1566528475134
3.1 -0.091500498354435 0.226462006568909 -0.00838769972324371 -0.00473466981202364 27.0518009060172
3.12 -0.0925856977701187 0.191269993782043 -0.00526583008468151 -0.00335408002138138 26.9663159659126
3.14 -0.0926088988780975 0.15319199860096 -0.00114206003490835 -0.00153221003711224 26.8467398441131
3.16 -0.0861902013421059 0.117960996925831 0.000963791972026229 -0.0004685900057666 26.7479616483364
3.18 -0.0691275969147682 0.0854569971561432 0.00143478997051716 0.000711910019163042 26.6373808856738
3.2 -0.0787324979901314 0.0598006993532181 0.00193445000331849 0.00172698998358101 26.5186073111018
3.22 -0.070582203567028 0.0377632007002831 0.00222485000267625 0.00261533004231751 26.401264661161
3.24 -0.0626396983861923 0.0230592004954815 0.00263805990107358 0.00282013998366892 26.329472542795
3.26 -0.0184940993785858 0.0107827996835113 0.00258930004201829 0.00340316002257168 26.2860427849574
3.28 -0.0344484001398087 0.00747048994526267 0.00257333996705711 0.00396138010546565 26.2235328936734
3.3 -0.0175011996179819 0.00443407008424401 0.00258822995238006 0.00445481017231941 26.1878383250709
3.32 0 0 0.00258822995238006 0.00445481017231941 26.1878383250709
3.34 0 0 0.00251499004662037 0.00487346015870571 26.1748319373439
3.36 0 0 0.00249849003739655 0.0051983199082315 26.1724823522695
3.38 0 0 0.00249849003739655 0.0051983199082315 26.1724823522695
3.4 0 0 0.0024158600717783 0.00553518021479249 26.1611391156054
3.42 0 0 0.00240999995730817 0.00581937981769443 26.1566687567936
3.44 0 0 0.00232878001406789 0.0060947397723794 26.146642039092
3.46 0 0 0.00232878001406789 0.0060947397723794 26.146642039092
3.48 0 0 0.00233837007544935 0.00630911020562053 26.1459556050804
3.5 0 0 0.00226183002814651 0.00653222016990185 26.1371890572807
3.52 0 0 0.00226183002814651 0.00653222016990185 26.1371890572807
3.54 0 0 0.00229435996152461 0.00670363008975983 26.1378191422316
3.56 0 0 0.0022135900799185 0.00688622007146478 26.1296826793829
3.58 0 0 0.00225192005746067 0.00701694004237652 26.1315729342357
