0 0 0 -0.541099011898041 -0.388716012239456 91.4096852473053
0.02 0 0 -0.541096985340118 -0.388718008995056 91.4096852473053
0.04 0 0 -0.541096985340118 -0.388718008995056 91.4096852473053
0.06 0 0 -0.541095018386841 -0.388718008995056 91.4102589831956
0.08 0 0 -0.541092991828918 -0.388718992471695 91.4102589831956
0.1 0 0 -0.541096985340118 -0.388716995716095 91.4096852473053
0.12 0 0 -0.541096985340118 -0.388716995716095 91.4096852473053
0.14 0 0 -0.541095018386841 -0.388718008995056 91.4096852473053
0.16 0 0 -0.541091978549957 -0.388720005750656 91.4102589831956
0.18 0 0 -0.541091978549957 -0.388720005750656 91.4102589831956
0.2 0 0 -0.541096985340118 -0.388718992471695 91.4096852473053
0.22 0 0 -0.541100978851318 -0.388716995716095 91.409111511415
0.24 0 0 -0.54109799861908 -0.388718008995056 91.409111511415
0.26 0 0 -0.54109799861908 -0.388718008995056 91.409111511415
0.28 0 0 -0.541095018386841 -0.388718992471695 91.4096852473053
0.3 0 0 -0.541092991828918 -0.388720005750656 91.4096852473053
0.32 0 0 -0.541092991828918 -0.388720005750656 91.4096852473053
0.34 0 0 -0.541096985340118 -0.388718008995056 91.4096852473053
0.36 0 0 -0.541100025177002 -0.388716012239456 91.409111511415
0.38 0 0 -0.541100025177002 -0.388713002204895 91.409111511415
0.4 0 0 -0.541100025177002 -0.388713002204895 91.409111511415
0.42 0 0 -0.54109799861908 -0.388714998960495 91.4096852473053
0.44 0 0 -0.54109400510788 -0.388718008995056 91.4096852473053
0.46 0 0 -0.541095972061157 -0.388714998960495 91.4096852473053
0.48 0 0 -0.541095972061157 -0.388714998960495 91.4096852473053
0.5 0 0 -0.541100025177002 -0.388713002204895 91.409111511415
0.52 0 0 -0.54110199213028 -0.388711988925934 91.4085377755247
0.54 0 0 -0.54110199213028 -0.388711988925934 91.4085377755247
0.56 0 0 -0.541104018688202 -0.388709992170334 91.4085377755247
0.58 0 0 -0.54110199213028 -0.388711988925934 91.4085377755247
0.6 0 0 -0.541105985641479 -0.388711005449295 91.4079708698236
0.62 0 0 -0.541105985641479 -0.388711005449295 91.4079708698236
0.64 0 0 -0.541109025478363 -0.388709992170334 91.4079708698236
0.66 0 0 -0.541106998920441 -0.388709008693695 91.4085377755247
0.68 0 0 -0.541106998920441 -0.388709008693695 91.4085377755247
0.7 0 0 -0.541104018688202 -0.388711005449295 91.4085377755247
0.72 0 0 -0.541100978851318 -0.388711988925934 91.409111511415
0.74 0 0 -0.54110199213028 -0.388709008693695 91.409111511415
0.76 0 0 -0.54110199213028 -0.388709008693695 91.409111511415
0.78 0 0 -0.541099011898041 -0.388711005449295 91.409111511415
0.8 0 0 -0.541103005409241 -0.388709008693695 91.409111511415
0.82 0 0 -0.541103005409241 -0.388709008693695 91.409111511415
0.84 0 0 -0.541099011898041 -0.388713985681534 91.409111511415
0.86 0 0 -0.541095972061157 -0.388714998960495 91.4096852473053
0.88 0 0 -0.541096985340118 -0.388711988925934 91.409111511415
0.9 0 0 -0.541096985340118 -0.388711988925934 91.409111511415
0.92 0 0 -0.541100025177002 -0.388711005449295 91.409111511415
0.94 0 0 -0.54109799861908 -0.388711988925934 91.409111511415
0.96 0 0 -0.54109799861908 -0.388711988925934 91.409111511415
0.98 0 0 -0.541095972061157 -0.388713985681534 91.4096852473053
1 0 0 -0.541091978549957 -0.388716995716095 91.4102589831956
1.02 0 0 -0.54109001159668 -0.388718008995056 91.4102589831956
1.04 0 0 -0.54109001159668 -0.388718008995056 91.4102589831956
1.06 0 0 -0.541092991828918 -0.388714998960495 91.4096852473053
1.08 0 0 -0.541091978549957 -0.388716012239456 91.4102589831956
1.1 0 0 -0.541091978549957 -0.388716012239456 91.4102589831956
1.12 1.22459995746613 -0.001448730006814 -0.541088998317719 -0.388745993375778 92.8134325557159
1.14 3.57054996490479 0.00130162003915757 -0.541095018386841 -0.388714998960495 96.764553556597
1.16 5.09487009048462 -0.00618522986769676 -0.540968000888824 -0.388871014118195 102.099361600296
1.18 6.14953994750977 -0.00438502011820674 -0.54094398021698 -0.388956010341644 109.146170219838
1.2 6.99788999557495 0.00335315009579062 -0.541199028491974 -0.387670010328293 115.62804023275
1.22 7.5557599067688 0.00524938013404608 -0.541251003742218 -0.387578994035721 124.286575420929
1.24 8.02707004547119 0.00297513999976218 -0.541288018226624 -0.387533009052277 133.484845817702
1.26 8.47192001342773 0.0154783995822072 -0.541519999504089 -0.38732698559761 143.193044477529
1.28 8.90342044830322 0.0221867002546787 -0.541896998882294 -0.387093991041183 153.395120455862
1.3 9.27058029174805 0.0230407994240522 -0.542326986789703 -0.386927008628845 164.01890597393
1.32 9.65281009674072 0.0466843992471695 -0.543245017528534 -0.386756986379623 175.079864580013
1.34 9.89124965667725 0.0532537996768951 -0.544309973716736 -0.386770993471146 -173.585583114154
1.36 10.1479997634888 0.0621852986514568 -0.545525014400482 -0.387035012245178 -161.956830882367
1.38 10.3403997421265 0.0673447027802467 -0.546756029129028 -0.387582004070282 -150.107490861145
1.4 10.4575004577637 0.068589098751545 -0.547867000102997 -0.388386011123657 -138.124087886894
1.42 8.03267955780029 0.0741306990385056 -0.548888027667999 -0.389461010694504 -128.919520055707
1.44 3.19076991081238 0.071729801595211 -0.549754023551941 -0.390605002641678 -125.262896321269
1.46 -0.733296990394592 0.077573798596859 -0.550659000873566 -0.391864985227585 -126.10343306091
1.48 -3.08840990066528 0.0870978012681007 -0.551728010177612 -0.393240004777908 -129.642591202001
1.5 -4.85522985458374 0.0784441977739334 -0.552785992622375 -0.394398987293243 -135.20601250741
1.52 -6.05819988250732 0.0774103030562401 -0.553948998451233 -0.395420998334885 -142.147970893003
1.54 -7.04326009750366 0.0833768993616104 -0.555334985256195 -0.396349012851715 -150.219219095588
1.56 -4.91738986968994 0.0782316997647285 -0.556729018688202 -0.397058010101318 -155.854261764634
1.58 -0.0608155988156796 0.0585542991757393 -0.557798027992249 -0.397536993026733 -155.92358818471
1.6 2.82382011413574 0.0316984988749027 -0.558368980884552 -0.397812008857727 -152.688100254117
1.62 4.64114999771118 0.0154967997223139 -0.558637976646423 -0.397965997457504 -147.369322664399
1.64 5.87454986572266 0.00849625002592802 -0.558775007724762 -0.398066014051437 -140.637652142973
1.66 3.9966299533844 -0.0088415602222085 -0.558642983436584 -0.397949010133743 -136.0579966441
1.68 -0.226639002561569 0.006710359826684 -0.558740019798279 -0.398041993379593 -136.31754383256
1.7 -2.85387992858887 0.0337255001068115 -0.559240996837616 -0.398492991924286 -139.587988671325
1.72 -4.68130016326904 0.0514822006225586 -0.560055017471313 -0.399123996496201 -144.952596830373
1.74 -3.55776000022888 0.0332268998026848 -0.560612976551056 -0.399486005306244 -149.029181576118
1.76 1.11654996871948 0.0199328996241093 -0.560952007770538 -0.399693995714188 -147.749777861548
1.78 3.57144999504089 0.000841856002807617 -0.560966014862061 -0.39970400929451 -143.657128510875
1.8 2.68149995803833 -0.0039702202193439 -0.560903012752533 -0.399655014276505 -140.584363007068
1.82 -1.77360999584198 0.0197366997599602 -0.56121301651001 -0.399899989366531 -142.616644813471
1.84 -3.96015000343323 0.0354336984455585 -0.561792016029358 -0.400308012962341 -147.155045969758
1.86 -3.01026010513306 0.0375730991363525 -0.562435984611511 -0.400696009397507 -150.60425051948
1.88 1.41215002536774 0.0328653007745743 -0.563004016876221 -0.401026993989944 -148.986219686239
1.9 3.63459992408752 0.0123356999829412 -0.563210010528564 -0.401161998510361 -144.821388896417
1.92 5.21040010452271 0.00683091999962926 -0.563318014144897 -0.401246011257172 -138.850587788152
1.94 3.75196003913879 0.0044545098207891 -0.563382983207703 -0.401306986808777 -134.551120309411
1.96 -0.700558006763458 0.00748274987563491 -0.563488006591797 -0.40141299366951 -135.353831461428
1.98 -3.31123995780945 0.0229100007563829 -0.563825011253357 -0.401724010705948 -139.148534300126
2 -4.97615003585815 0.0473586991429329 -0.564571022987366 -0.402307003736496 -144.850608445686
2.02 -3.57578992843628 0.0214102007448673 -0.564930021762848 -0.402541011571884 -148.947834023103
2.04 0.754193007946014 0.0256092995405197 -0.565366983413696 -0.402808994054794 -148.083801432718
2.06 3.33716988563538 0.0155600998550653 -0.565625011920929 -0.402981996536255 -144.259892705129
2.08 2.42202997207642 0.0345796011388302 -0.566177010536194 -0.403398990631104 -141.48447265665
2.1 -2.00448989868164 0.0306318998336792 -0.566663980484009 -0.403771013021469 -143.781465274526
2.12 -4.13738012313843 0.0292259994894266 -0.567148983478546 -0.404096990823746 -148.522121992515
2.14 -2.91074991226196 0.0139765003696084 -0.567391991615295 -0.404235988855362 -151.857877100123
2.16 1.43537998199463 0.0214878991246223 -0.567767977714539 -0.404444009065628 -150.212921661173
2.18 3.71213006973267 0.00847378000617027 -0.567911028862 -0.404532998800278 -145.959284751763
2.2 5.24609994888306 0.0112119000405073 -0.56809002161026 -0.404668986797333 -139.947803036801
2.22 3.62686991691589 0.0126809999346733 -0.568279027938843 -0.404839009046555 -135.791564624956
2.24 -0.742325007915497 0.0130591001361609 -0.568467020988464 -0.405018985271454 -136.642414950243
2.26 -3.39283990859985 0.0160402990877628 -0.568708002567291 -0.405232012271881 -140.529926399383
2.28 -5.03161001205444 0.0343181006610394 -0.569258987903595 -0.405640989542007 -146.296177002385
2.3 -3.38714003562927 0.0290911998599768 -0.569752991199493 -0.405946999788284 -150.177391017111
2.32 0.784830987453461 0.00474466010928154 -0.569835007190704 -0.405995011329651 -149.27785510342
2.34 3.22316002845764 0.00844108033925295 -0.569977998733521 -0.406085997819901 -145.584566913518
2.36 4.96016979217529 0.00802015978842974 -0.570105016231537 -0.406183004379272 -139.90082499569
2.38 3.30528998374939 0.00489587988704443 -0.570177972316742 -0.4062480032444 -136.112993327297
2.4 -0.949522972106934 0.0105007998645306 -0.57033097743988 -0.406392008066177 -137.20104246208
2.42 -3.52220988273621 0.0227731000632048 -0.570676028728485 -0.406690001487732 -141.236960261507
2.44 -5.12551021575928 0.0329428985714912 -0.571210026741028 -0.407076001167297 -147.110349211829
2.46 -3.52878999710083 0.0335885994136333 -0.571786999702454 -0.407420009374619 -151.154285653342
2.48 0.78794801235199 0.0149715999141335 -0.572048008441925 -0.407566994428635 -150.251307324309
2.5 3.090980052948 0.0147692998871207 -0.572299003601074 -0.407721012830734 -146.709280503766
2.52 4.97308015823364 0.0150268003344536 -0.572542011737823 -0.407898008823395 -141.010648773547
2.54 3.46119999885559 0.00607489002868533 -0.572633981704712 -0.407977998256683 -137.044631130087
2.56 -0.899743974208832 0.0109053999185562 -0.57279497385025 -0.408125013113022 -138.075374977734
2.58 -3.51806998252869 0.018962299451232 -0.573086023330688 -0.40836900472641 -142.106716550416
2.6 -5.12868976593018 0.0307810008525848 -0.573589980602264 -0.408720999956131 -147.984107991593
2.62 -3.58030009269714 0.0161403995007277 -0.573870003223419 -0.40888300538063 -152.086483531644
2.64 0.883027970790863 0.0103291003033519 -0.574051976203918 -0.408980995416641 -151.074645647619
2.66 3.20796990394592 0.0105702998116612 -0.574232995510101 -0.409088999032974 -147.398555874047
2.68 5.03269004821777 0.020041199401021 -0.574559986591339 -0.409321993589401 -141.631731535155
2.7 3.47460007667542 0.0223235990852118 -0.574899971485138 -0.409610986709595 -137.650250343413
2.72 -0.772778987884521 0.0126564996317029 -0.575088024139404 -0.409779995679855 -138.535470180604
2.74 -3.37424993515015 0.017186600714922 -0.575353980064392 -0.409999012947083 -142.402354458451
2.76 -5.07594013214111 0.0274727996438742 -0.575805008411407 -0.410311013460159 -148.219025517906
2.78 -3.38710999488831 0.0358607992529869 -0.576426982879639 -0.410667985677719 -152.100239532632
2.8 0.901220977306366 0.026443000882864 -0.576892971992493 -0.410919994115829 -151.067200741424
2.82 3.34694004058838 0.0138090001419187 -0.577130019664764 -0.411062002182007 -147.231817296029
2.84 5.05826997756958 0.0254887007176876 -0.577543973922729 -0.411359012126923 -141.435773407867
2.86 3.3162100315094 0.0220660995692015 -0.577880024909973 -0.411644995212555 -137.635346870645
2.88 -0.844008028507233 0.0196141004562378 -0.578172028064728 -0.411906987428665 -138.602501657119
2.9 -3.40450000762939 0.0284659005701542 -0.578611016273499 -0.412268996238709 -142.503769107248
2.92 -5.02288007736206 0.0419846996665001 -0.57930201292038 -0.412746012210846 -148.259706124603
2.94 -3.39073991775513 0.0216575004160404 -0.579677999019623 -0.412961006164551 -152.145510026451
2.96 0.956795990467072 0.0206745993345976 -0.580042004585266 -0.413157999515533 -151.048868513692
2.98 3.48723006248474 0.0262365993112326 -0.58049201965332 -0.413428008556366 -147.053057585071
3 5.05263996124268 0.0214674007147551 -0.580839991569519 -0.413679003715515 -141.262751055813
3.02 3.40668988227844 0.0360651016235352 -0.581386983394623 -0.414148986339569 -137.359188662122
3.04 -0.845116019248962 0.0202762000262737 -0.581687986850739 -0.414420992136002 -138.327477259999
3.06 -3.39989995956421 0.0253662001341581 -0.582077980041504 -0.414745986461639 -142.223594747494
3.08 -5.10096979141235 0.0347307994961739 -0.582647979259491 -0.415143013000488 -148.068911620327
3.1 -3.56028008460999 0.0449864007532597 -0.583428025245667 -0.41559100151062 -152.148938781414
3.12 0.958550989627838 0.0299472995102406 -0.583954989910126 -0.415876001119614 -151.050015985472
3.14 3.57294988632202 0.0141297997906804 -0.584196984767914 -0.41602098941803 -146.956232823397
3.16 5.10705995559692 0.0177506003528833 -0.584483981132507 -0.416229993104935 -141.10345738399
3.18 3.44480991363525 0.0308606997132301 -0.584950983524323 -0.416633993387222 -137.15635936453
3.2 -0.703420996665955 0.0198858994990587 -0.585243999958038 -0.416902005672455 -137.962512931888
3.22 -3.27620005607605 0.0252681002020836 -0.585631012916565 -0.417228013277054 -141.716521503512
3.24 -4.99734020233154 0.0344814993441105 -0.586193025112152 -0.417627990245819 -147.443238971597
3.26 -3.61654996871948 0.0311427004635334 -0.586728990077972 -0.417944014072418 -151.587442590126
3.28 0.743664026260376 0.010950299911201 -0.586920976638794 -0.41804900765419 -150.734884717546
3.3 3.38798999786377 0.0088272700086236 -0.587072014808655 -0.418141007423401 -146.852523231039
3.32 5.02821016311646 0.00677163992077112 -0.587181985378265 -0.418220996856689 -141.09086251516
3.34 3.43562006950378 -0.00597270997241139 -0.587091028690338 -0.41814199090004 -137.154064420969
3.36 -0.887530028820038 0.00268905004486442 -0.587131023406982 -0.418179005384445 -138.171065928005
3.38 -3.34513998031616 0.0188315007835627 -0.587419986724854 -0.418419986963272 -142.004154429839
3.4 -5.02002000808716 0.0297327991575003 -0.587906002998352 -0.418761998414993 -147.756649031853
3.42 -3.58511996269226 0.0159258991479874 -0.588181972503662 -0.418922990560532 -151.864761930807
3.44 0.454708993434906 0.0126646999269724 -0.588405013084412 -0.419043004512787 -151.343932685836
3.46 3.09428000450134 0.0183185990899801 -0.588720977306366 -0.419229000806808 -147.79790337444
3.48 4.80108976364136 0.0128669999539852 -0.588931024074554 -0.419375985860825 -142.296363582911
3.5 3.15809988975525 -0.00202902988530695 -0.588900029659271 -0.419349998235703 -138.677565436097
3.52 -0.835995972156525 0.00766665022820234 -0.589016020298004 -0.419450014829636 -139.635540448327
3.54 -3.26660990715027 0.0140767004340887 -0.58923602104187 -0.419625997543335 -143.378675358792
3.56 -4.97997999191284 0.0295161996036768 -0.589726984500885 -0.419954001903534 -149.085339391474
3.58 -3.44730997085571 0.0103168999776244 -0.589908003807068 -0.420053988695145 -153.035879826276
3.6 0.747913002967834 0.0248328000307083 -0.590349018573761 -0.420282006263733 -152.178732066574
3.62 3.34133005142212 0.0229489002376795 -0.590746998786926 -0.420509994029999 -148.349659715972
3.64 4.92682981491089 0.0192136000841856 -0.591063976287842 -0.420727014541626 -142.704303461279
3.66 3.19000005722046 0.0231123007833958 -0.591422975063324 -0.421018987894058 -139.048840859001
3.68 -0.855782985687256 0.00617296015843749 -0.591516971588135 -0.421099007129669 -140.029164250195
3.7 -3.31658005714417 0.00896418001502752 -0.591657996177673 -0.421209990978241 -143.829590787418
3.72 -5.09465980529785 0.0257462002336979 -0.592087984085083 -0.421492010354996 -149.668036489946
3.74 -3.4936900138855 0.028999200090766 -0.592598974704742 -0.421766996383667 -153.671292324762
3.76 0.729579985141754 0.0223645009100437 -0.592998027801514 -0.421968013048172 -152.835345472244
3.78 3.30417990684509 0.0118147004395723 -0.593204975128174 -0.422082990407944 -149.049235011521
3.8 4.89552021026611 0.0122499000281096 -0.59340900182724 -0.422219008207321 -143.439409400891
3.82 3.31962990760803 0.0214204005897045 -0.593743979930878 -0.422486007213593 -139.634966712436
3.84 -0.918214976787567 0.0143055003136396 -0.593963980674744 -0.422668993473053 -140.687498863536
3.86 -3.3863000869751 0.0148898996412754 -0.594200015068054 -0.422850012779236 -144.567565406481
3.88 -2.78684997558594 0.016882199794054 -0.594480991363525 -0.423038005828857 -147.761225258597
3.9 1.53719997406006 0.013727200217545 -0.594711005687714 -0.423188000917435 -145.99996535846
3.92 3.77336001396179 0.00644676014780998 -0.594815015792847 -0.423263996839523 -141.675840896815
3.94 2.79780006408691 0.042195200920105 -0.595462024211884 -0.423806011676788 -138.469572515492
3.96 -1.20363998413086 0.0129527999088168 -0.595658004283905 -0.423974990844727 -139.849257067456
3.98 -3.61244010925293 0.00535563006997108 -0.595741987228394 -0.424041002988815 -143.98831072335
4 -5.26381015777588 0.0220558997243643 -0.596112012863159 -0.424281001091003 -150.020405949227
4.02 -3.72282004356384 0.00107481004670262 -0.596131026744843 -0.424291014671326 -154.286651387845
