0 0 0 -0.0500000007450581 0 40.0000159118569
0.02 0 0 -0.0500000007450581 0 40.0000159118569
0.04 0 0 -0.0500000007450581 0 40.0000159118569
0.06 0 0 -0.0500000007450581 0 40.0000159118569
0.08 0 0 -0.0500000007450581 0 40.0000159118569
0.1 0 0 -0.0500000007450581 0 40.0000159118569
0.12 0 0 -0.0500000007450581 0 40.0000159118569
0.14 0 0 -0.0500000007450581 0 40.0000159118569
0.16 0 0 -0.0500000007450581 0 40.0000159118569
0.18 0 0 -0.0500000007450581 0 40.0000159118569
0.2 0 0 -0.0500000007450581 0 40.0000159118569
0.22 0 0 -0.0500000007450581 0 40.0000159118569
0.24 0 0 -0.0500000007450581 0 40.0000159118569
0.26 0 0 -0.0500000007450581 0 40.0000159118569
0.28 0 0 -0.0500000007450581 0 40.0000159118569
0.3 0 0 -0.0500000007450581 0 40.0000159118569
0.32 0 0 -0.0500000007450581 0 40.0000159118569
0.34 0 0 -0.0500000007450581 0 40.0000159118569
0.36 0 0 -0.0500000007450581 0 40.0000159118569
0.38 0 0 -0.0500000007450581 0 40.0000159118569
0.4 0 0 -0.0500000007450581 0 40.0000159118569
0.42 0 0 -0.0500000007450581 0 40.0000159118569
0.44 0 0 -0.0500000007450581 0 40.0000159118569
0.46 0 0 -0.0500000007450581 0 40.0000159118569
0.48 0 0 -0.0500000007450581 0 40.0000159118569
0.5 0 0 -0.0500000007450581 0 40.0000159118569
0.52 0 0 -0.0500000007450581 0 40.0000159118569
0.54 0 0 -0.0500000007450581 0 40.0000159118569
0.56 0 0 -0.0500000007450581 0 40.0000159118569
0.58 0 0 -0.0500000007450581 0 40.0000159118569
0.6 0 0 -0.0500000007450581 0 40.0000159118569
0.62 0 0 -0.0500000007450581 0 40.0000159118569
0.64 0 0 -0.0500000007450581 0 40.0000159118569
0.66 0 0 -0.0500000007450581 0 40.0000159118569
0.68 0 0 -0.0500000007450581 0 40.0000159118569
0.7 0 0 -0.0500000007450581 0 40.0000159118569
0.72 0 0 -0.0500000007450581 0 40.0000159118569
0.74 0 0 -0.0500000007450581 0 40.0000159118569
0.76 0 0 -0.0500000007450581 0 40.0000159118569
0.78 0 0 -0.0500000007450581 0 40.0000159118569
0.8 0 0 -0.0500000007450581 0 40.0000159118569
0.82 0 0 -0.0500000007450581 0 40.0000159118569
0.84 0 0 -0.0500000007450581 0 40.0000159118569
0.86 0 0 -0.0500000007450581 0 40.0000159118569
0.88 0 0 -0.0500000007450581 0 40.0000159118569
0.9 0 0 -0.0500000007450581 0 40.0000159118569
0.92 0 0 -0.0500000007450581 0 40.0000159118569
0.94 0 0 -0.0500000007450581 0 40.0000159118569
0.96 0 0 -0.0500000007450581 0 40.0000159118569
0.98 0 0 -0.0500000007450581 0 40.0000159118569
1 0 0 -0.0500000007450581 0 40.0000159118569
1.02 0 0 -0.0500000007450581 0 40.0000159118569
1.04 0 0 -0.0500000007450581 0 40.0000159118569
1.06 0 0 -0.0500000007450581 0 40.0000159118569
1.08 0 0 -0.0500000007450581 0 40.0000159118569
1.1 0 0 -0.0500000007450581 0 40.0000159118569
1.12 0 0 -0.0500000007450581 0 40.0000159118569
1.14 0 0 -0.0500000007450581 0 40.0000159118569
1.16 0 0 -0.0500000007450581 0 40.0000159118569
1.18 0 0 -0.0500000007450581 0 40.0000159118569
1.2 0 0 -0.0500000007450581 0 40.0000159118569
1.22 0 0 -0.0500000007450581 0 40.0000159118569
1.24 0 0 -0.0500000007450581 0 40.0000159118569
1.26 0 0 -0.0500000007450581 0 40.0000159118569
1.28 0 0 -0.0500000007450581 0 40.0000159118569
1.3 0 0 -0.0500000007450581 0 40.0000159118569
1.32 0 0 -0.0500000007450581 0 40.0000159118569
1.34 0 0 -0.0500000007450581 0 40.0000159118569
1.36 0 0 -0.0500000007450581 0 40.0000159118569
1.38 0.337464988231659 0.029865600168705 -0.0495437011122704 0.000385486986488104 40.3867070717173
1.4 0.992767989635468 0.0878600031137466 -0.048216700553894 0.00153728004079312 41.5243126440238
1.42 1.29047000408173 0.141506001353264 -0.0461222007870674 0.0034406699705869 43.0031169012237
1.44 1.17085003852844 0.222494006156921 -0.0429036989808083 0.00651354994624853 44.3448119410247
1.46 0.892724990844727 0.284289002418518 -0.0388731993734837 0.0105239003896713 45.3677727881124
1.48 0.568027973175049 0.333961009979248 -0.0342077016830444 0.0153035996481776 46.0187103065823
1.5 0.181777000427246 0.361728012561798 -0.0291933007538319 0.0205185003578663 46.226979849849
1.52 -0.105539001524448 0.3768649995327 -0.023973299190402 0.0259556006640196 46.1060855015398
1.54 -0.437162011861801 0.387259989976883 -0.0185790006071329 0.031513400375843 45.6050911259192
1.56 -0.562556028366089 0.403387993574142 -0.0129024004563689 0.0372463017702103 44.9604578720532
1.58 -0.663546979427338 0.408324986696243 -0.0070857098326087 0.042978398501873 44.2000836476067
1.6 -0.623995006084442 0.41864201426506 -0.00104683998506516 0.0487781018018723 43.4850892000058
1.62 -0.524505972862244 0.426587998867035 0.0051741199567914 0.0546168014407158 42.8840018171932
1.64 -0.38952898979187 0.431353002786636 0.0115182995796204 0.0604630000889301 42.4376660304057
1.66 -0.215648993849754 0.433618992567062 0.0179312005639076 0.0663011968135834 42.1905497862345
1.68 -0.0216341000050306 0.434287995100021 0.0243679005652666 0.0721331983804703 42.1657391240744
1.7 0.106416001915932 0.423646003007889 0.0306419990956783 0.0778274983167648 42.2876648309484
1.72 0.254114001989365 0.422017008066177 0.036871500313282 0.0835224986076355 42.5789006820632
1.74 0.315760999917984 0.421081006526947 0.0430546998977661 0.089240200817585 42.9407231231556
1.76 0.37110498547554 0.418630987405777 0.0491628013551235 0.0949665978550911 43.3659707008807
1.78 0.354110985994339 0.416061013936996 0.0551919005811214 0.100702002644539 43.7717419941875
1.8 0.302069991827011 0.415520995855331 0.061175499111414 0.106468997895718 44.1179233020806
1.82 0.234466001391411 0.418742001056671 0.0671740993857384 0.112313002347946 44.3865819628939
1.84 0.156103000044823 0.417515993118286 0.0731324031949043 0.118162997066975 44.5654577870675
1.86 0.0413517989218235 0.412586987018585 0.0790089964866638 0.123956002295017 44.6128422244344
1.88 -0.0526885017752647 0.415114998817444 0.0849222019314766 0.129784002900124 44.5524531068877
1.9 -0.163536995649338 0.410246014595032 0.0907784998416901 0.1355309933424 44.3650976028596
1.92 -0.190966993570328 0.405607014894485 0.0965887010097504 0.141192004084587 44.1462276060011
1.94 -0.240538001060486 0.409781992435455 0.102482996881008 0.146886005997658 43.8706328880856
1.96 -0.226593002676964 0.407092988491058 0.108365997672081 0.15251499414444 43.6109695864091
1.98 -0.156057000160217 0.405104011297226 0.114240996539593 0.158094003796577 43.432148403749
2 -0.134861007332802 0.409146010875702 0.120190002024174 0.163711994886398 43.2775641473586
2.02 -0.0471469014883041 0.406316012144089 0.126109004020691 0.169279992580414 43.2235339359292
2.04 0.0221651997417212 0.404677003622055 0.132006004452705 0.174823999404907 43.2489729754929
2.06 0.0683659017086029 0.408672004938126 0.137954995036125 0.180428996682167 43.3272981698001
2.08 0.0604000017046928 0.404902011156082 0.143842995166779 0.185989007353783 43.3965118917544
2.1 0.11412700265646 0.404994010925293 0.149721994996071 0.191560000181198 43.5273168445494
2.12 0.137078002095222 0.405860006809235 0.155599996447563 0.197159007191658 43.6843633841355
2.14 0.12814199924469 0.406233996152878 0.161467999219894 0.202777996659279 43.8312124512909
2.16 0.0865596011281013 0.404879987239838 0.167304992675781 0.2083909958601 43.9303936282286
2.18 0.0642094984650612 0.401769995689392 0.173087999224663 0.213969007134438 44.0039615957789
2.2 0.0308695007115602 0.401421993970871 0.178861007094383 0.219549000263214 44.0393692964362
2.22 -0.00988190993666649 0.399892002344131 0.184610992670059 0.225107997655869 44.0280243522248
2.24 -0.0110595002770424 0.400249004364014 0.190366998314857 0.230671003460884 44.0153611815036
2.26 -0.0326014012098312 0.398874014616013 0.196106001734734 0.236212000250816 43.9780068769328
2.28 -0.0997432023286819 0.397435992956162 0.201830998063087 0.241725996136665 43.863700246078
2.3 -0.105815999209881 0.395493000745773 0.20754000544548 0.24720099568367 43.7424643883103
2.32 -0.0712748989462852 0.397702991962433 0.213291004300117 0.252696007490158 43.660758250364
2.34 -0.0836272016167641 0.402110993862152 0.219113007187843 0.258244007825851 43.5649614321599
2.36 -0.0621546991169453 0.404076993465424 0.224972993135452 0.263810008764267 43.4936849930762
2.38 -0.00718068005517125 0.403338998556137 0.230825006961823 0.269360989332199 43.4854921811668
2.4 -0.00408679014071822 0.405272006988525 0.236706003546715 0.274939000606537 43.4807930110178
2.42 0.0187481995671988 0.405593007802963 0.242590993642807 0.280521988868713 43.5022773710521
2.44 0.0445148982107639 0.402610003948212 0.248429000377655 0.286067992448807 43.5532715633954
2.46 0.0517186000943184 0.401044011116028 0.254238992929459 0.291597008705139 43.6125746808641
2.48 0.0323933996260166 0.401006013154984 0.260044008493423 0.29713100194931 43.6497001740977
2.5 0.0385811999440193 0.400213003158569 0.265834003686905 0.30265799164772 43.6938744225548
2.52 0.0300152990967035 0.399888008832932 0.271614998579025 0.308185011148453 43.72831223635
2.54 0.0239659007638693 0.399749010801315 0.277390986680985 0.313713014125824 43.7557559364351
2.56 -0.00528712989762425 0.399064004421234 0.283156007528305 0.319231986999512 43.7496804831684
2.58 0.0264133997261524 0.390606999397278 0.288798004388809 0.32463601231575 43.779934806097
2.6 0.0219572000205517 0.397412985563278 0.294535011053085 0.330137014389038 43.8051450343235
2.62 -0.0393662005662918 0.407471001148224 0.300419002771378 0.33577498793602 43.7599940688151
2.64 -0.0426447987556458 0.395325005054474 0.306131988763809 0.341241002082825 43.7111206502091
2.66 0.000484919000882655 0.400417000055313 0.311919987201691 0.346774995326996 43.7116943860994
2.68 -0.0307539999485016 0.403872013092041 0.3177610039711 0.352355003356934 43.6764574401712
2.7 -0.0220266003161669 0.394006997346878 0.32346099615097 0.357796013355255 43.6512472119447
2.72 -0.0281913001090288 0.399419993162155 0.329243004322052 0.363308012485504 43.6189335869814
2.74 0.0105282999575138 0.400296002626419 0.335038006305695 0.368831992149353 43.6309649652044
2.76 -0.00990497972816229 0.388590008020401 0.340663999319077 0.374193996191025 43.619620020993
2.78 0.0110363001003861 0.397166013717651 0.346413999795914 0.379673987627029 43.6322831917142
2.8 0.00249345996417105 0.39673700928688 0.35215699672699 0.385149985551834 43.635148456071
2.82 -0.0348179005086422 0.391653001308441 0.357827991247177 0.390552997589111 43.5952123399939
2.84 0.0116598000749946 0.398544996976852 0.363599985837936 0.396050006151199 43.6086200013347
2.86 -0.0168085005134344 0.394129991531372 0.369307994842529 0.40148600935936 43.589311056551
2.88 -0.0137609001249075 0.389118999242783 0.374945998191834 0.40685099363327 43.5735538101358
2.9 0.0393663011491299 0.393783986568451 0.380649000406265 0.41228199005127 43.6187047756442
2.92 0.048140000551939 0.390098005533218 0.386294990777969 0.417667001485825 43.6738209871516
2.94 0.0310311000794172 0.389622002840042 0.391929000616074 0.423049986362457 43.7094028576328
2.96 -0.0158849991858006 0.403153002262115 0.397758990526199 0.428620994091034 43.6911833280218
2.98 0.0228346008807421 0.399984002113342 0.403542011976242 0.434148013591766 43.717366858205
3 -0.0200640000402927 0.395354002714157 0.409258008003235 0.439610987901688 43.6943901018371
3.02 -0.0389737002551556 0.405853986740112 0.415129005908966 0.445216000080109 43.6497001740977
3.04 -0.0398971997201443 0.397909998893738 0.420888990163803 0.450706988573074 43.6039788877936
3.06 -0.0355334989726543 0.399890005588531 0.426683008670807 0.456221014261246 43.563298281097
3.08 -0.0642557963728905 0.407400995492935 0.432590991258621 0.461831986904144 43.4896722569388
3.1 -0.0120986001566052 0.398041009902954 0.438367009162903 0.46731099486351 43.4758069729237
3.12 0.0270600002259016 0.401170998811722 0.444187998771667 0.472833007574081 43.5068057864718
3.14 0.0225808992981911 0.409094989299774 0.450120985507965 0.478466987609863 43.532644392102
3.16 -0.016923800110817 0.401255011558533 0.455940008163452 0.483992993831635 43.513280805805
3.18 0.0421829000115395 0.404159992933273 0.461798995733261 0.48956099152565 43.5616385451287
3.2 0.0219572000205517 0.406780004501343 0.467693001031876 0.495169013738632 43.5867907167473
3.22 0.00826567970216274 0.404121994972229 0.473547011613846 0.500742018222809 43.5962436985586
3.24 0.0416982993483543 0.406385987997055 0.479431003332138 0.50634902715683 43.644027701992
3.26 -0.0042484300211072 0.40242600440979 0.485255986452103 0.511904001235962 43.6391577771138
3.28 -0.00600305991247296 0.400496989488602 0.491052985191345 0.517431020736694 43.6322831917142
3.3 0.0373344011604786 0.401695996522903 0.49686598777771 0.522976994514465 43.6750845721481
3.32 0.0292073003947735 0.400952011346817 0.502664029598236 0.528515994548798 43.7085422537974
3.34 -0.0212184004485607 0.396506011486053 0.508396983146667 0.533994972705841 43.6841926294063
3.36 -0.0300615001469851 0.400795012712479 0.51419597864151 0.539529025554657 43.6497582307057
3.38 -0.0302462000399828 0.397260010242462 0.519945979118347 0.5450119972229 43.6150950206678
3.4 -0.0566827990114689 0.396807998418808 0.525695025920868 0.550482988357544 43.5501774877014
3.42 -0.0229038000106812 0.401428014039993 0.531515002250671 0.556012988090515 43.5239359009102
3.44 -0.00842748954892159 0.402758985757828 0.537356972694397 0.561559975147247 43.5142541077617
3.46 -0.0192328002303839 0.40063801407814 0.543169021606445 0.567076027393341 43.4921960118372
3.48 -0.0105052003636956 0.404920995235443 0.549044013023376 0.572649002075195 43.4801612185196
3.5 0.0175705999135971 0.402714014053345 0.554888010025024 0.578191995620728 43.5003307671387
3.52 0.0153769999742508 0.401302009820938 0.560708999633789 0.583718001842499 43.517921919346
3.54 0.00198564003221691 0.402723997831345 0.566549003124237 0.58926397562027 43.5202134478126
3.56 0.00992805045098066 0.402821987867355 0.572390973567963 0.594812989234924 43.531558392024
3.58 0.00445620017126203 0.398921012878418 0.578175008296967 0.600308001041412 43.5367151848473
3.6 -0.000854502024594694 0.401650995016098 0.583998024463654 0.605840981006622 43.5356838262827
3.62 0.0086352601647377 0.398465991020203 0.589775025844574 0.611330986022949 43.5455944307683
3.64 -0.00327859004028142 0.397399008274078 0.59553599357605 0.616806983947754 43.5418719776707
3.66 0.00706516997888684 0.399818003177643 0.601332008838654 0.622314989566803 43.5499486763642
3.68 0.00300162006169558 0.401145994663239 0.607146978378296 0.627843022346497 43.5533876766113
3.7 -0.00935085956007242 0.403971999883652 0.613003015518188 0.633409976959229 43.5426711098036
3.72 0.0133683001622558 0.403587996959686 0.618852972984314 0.638970971107483 43.5579707335444
3.74 0.00265510007739067 0.401255011558533 0.624668002128601 0.644500970840454 43.5610067526305
3.76 0.00840425025671721 0.402960985898972 0.630508005619049 0.650056004524231 43.5706339042656
3.78 0.000600256025791168 0.402217000722885 0.636336028575897 0.655600011348724 43.5713203382772
3.8 -0.00699579995125532 0.400940001010895 0.642145991325378 0.661126971244812 43.563356337705
3.82 0.00535666989162564 0.399634003639221 0.647938013076782 0.666634976863861 43.5694864324851
3.84 -0.00875043030828238 0.396923005580902 0.653689980506897 0.672106027603149 43.5594597147835
3.86 -0.00789626967161894 0.398543000221252 0.659466028213501 0.677599012851715 43.5504062990386
3.88 -0.0299689993262291 0.395289987325668 0.665198028087616 0.683044016361237 43.5160299569459
3.9 -0.0264132991433144 0.396041989326477 0.670943021774292 0.688495993614197 43.4857790491119
3.92 -0.0082427803426981 0.401030004024506 0.676762998104095 0.694015026092529 43.4763226522061
3.94 -0.0470777004957199 0.39818999171257 0.682545006275177 0.69949197769165 43.4224085539925
3.96 -0.0142689002677798 0.401468992233276 0.688377022743225 0.705011010169983 43.4060229301737
3.98 0.0196023993194103 0.404356986284256 0.694252014160156 0.710569024085999 43.4284805921647
4 0.0226268991827965 0.402727991342545 0.700100004673004 0.71610701084137 43.4544353110107
4.02 0.02045669965446 0.40429699420929 0.705968022346497 0.721669971942902 43.4778696900531
4.04 0.0130452997982502 0.403587996959686 0.711825013160706 0.727225005626678 43.4928243892408
4.06 0.000923366984352469 0.400810986757278 0.717639982700348 0.732742011547089 43.4938557478055
4.08 -0.0225577000528574 0.401291996240616 0.723464012145996 0.738264977931976 43.4680171421753
4.1 -0.0129990000277758 0.399677008390427 0.729265987873077 0.743763029575348 43.4531204995955
4.12 -0.0226962007582188 0.397944986820221 0.73504501581192 0.749234974384308 43.4271077241415
4.14 -0.0111055001616478 0.403073012828827 0.740899980068207 0.754776000976563 43.4143864968124
4.16 0.0173396002501249 0.398990988731384 0.746695995330811 0.760262012481689 43.4342691774863
4.18 0.01856330037117 0.398041009902954 0.75247597694397 0.765735983848572 43.4555247261834
4.2 0.0285376999527216 0.401264995336533 0.758300006389618 0.771257996559143 43.4882413323077
4.22 0.012606400065124 0.401910990476608 0.764131009578705 0.776790022850037 43.5026803522131
4.24 0.0126758003607392 0.401847004890442 0.769959986209869 0.782323002815247 43.5172320702399
4.26 0.00718051008880138 0.40216600894928 0.775792002677917 0.787862002849579 43.5254248821493
4.28 0.00789626967161894 0.400570005178452 0.781599998474121 0.79338002204895 43.5344782978941
4.3 -0.015030600130558 0.40132001042366 0.787419974803925 0.798907995223999 43.5172901268478
4.32 0.00249362993054092 0.400141000747681 0.793223023414612 0.80441802740097 43.5200973345967
4.34 -0.00628003990277648 0.398036986589432 0.798995971679688 0.809899985790253 43.5129358812519
4.36 0.00985884014517069 0.400261998176575 0.804800987243652 0.815411984920502 43.5242227688554
4.38 -0.00944329984486103 0.395235002040863 0.810532987117767 0.820855021476746 43.5133935039263
4.4 -0.00748055009171367 0.396515995264053 0.816285014152527 0.826314985752106 43.5048011259504
4.42 -0.0182633008807898 0.394508004188538 0.822009027004242 0.831745982170105 43.4838870867118
4.44 -0.0456001982092857 0.395451992750168 0.827750027179718 0.837185978889465 43.4316327244666
4.46 -0.029645899310708 0.395886987447739 0.833500981330872 0.842626988887787 43.3976559484404
4.48 -0.0371037013828754 0.398272007703781 0.839290976524353 0.84809798002243 43.3551448510462
4.5 0.00722663989290595 0.400633990764618 0.845116972923279 0.853599011898041 43.363450361077
4.52 0.00184706994332373 0.403917014598846 0.850989997386932 0.859145998954773 43.3655711348143
4.54 -0.0148229999467731 0.400831997394562 0.856818020343781 0.864650011062622 43.3485537184972
4.56 0.0126526998355985 0.40345099568367 0.862685024738312 0.870189011096954 43.3630507950105
4.58 0.0199255999177694 0.403192013502121 0.868547022342682 0.875726997852325 43.3859114381626
4.6 -0.00778109999373555 0.401556998491287 0.874383985996246 0.881244003772736 43.3769741356336
4.62 0.0303386002779007 0.401506006717682 0.880218982696533 0.886759996414185 43.4117500437927
4.64 0.00833505019545555 0.400673985481262 0.886039972305298 0.892268002033234 43.4213191388199
4.66 -0.0120061002671719 0.397166013717651 0.89180999994278 0.897727012634277 43.4075699680207
4.68 0.0027936699334532 0.399408012628555 0.897612988948822 0.903217017650604 43.4107186852281
4.7 0.0296457000076771 0.399749010801315 0.903419017791748 0.908712983131409 43.4446954612543
4.72 -0.00549507979303598 0.395164012908936 0.909156978130341 0.914147019386292 43.438394611745
4.74 -0.00288610998541117 0.399697989225388 0.914961993694305 0.919642984867096 43.4351297813217
4.76 -0.0057259202003479 0.400148987770081 0.920773983001709 0.925144970417023 43.4285386487726
4.78 -0.0139686996117234 0.400323003530502 0.926589012145996 0.930648982524872 43.4125525910202
4.8 -0.00861203018575907 0.401315987110138 0.932420015335083 0.936164021492004 43.4027000431425
4.82 0.0049409600906074 0.400117009878159 0.938233971595764 0.941663026809692 43.4083144586402
4.84 0.0117290001362562 0.403753995895386 0.944100022315979 0.947212994098663 43.4217767614943
4.86 -0.0111517999321222 0.400932013988495 0.949923992156982 0.952723979949951 43.4090008926518
4.88 -0.00891206972301006 0.397974997758865 0.955707013607025 0.958193004131317 43.398803420221
4.9 0.00708806980401278 0.397870987653732 0.961488008499146 0.963661015033722 43.4068801189145
4.92 -0.0138763003051281 0.397139012813568 0.967260003089905 0.969117999076843 43.391010174378
4.94 -0.00891224015504122 0.396246999502182 0.973019003868103 0.974561989307404 43.3808127019472
4.96 -0.00122374994680285 0.39937898516655 0.978824019432068 0.980048000812531 43.3793783622214
4.98 -0.0303154997527599 0.397965013980865 0.984610974788666 0.985512971878052 43.3446570955757
5 -0.0529884994029999 0.398701012134552 0.990413010120392 0.990983009338379 43.2839230534759
5.02 -0.0822883024811745 0.342689990997314 0.995405972003937 0.995678007602692 43.1896152165109
5.04 -0.101267002522945 0.260012000799179 0.999200999736786 0.99923300743103 43.0735907930799
5.06 -0.0331554003059864 0.213697999715805 1.00232005119324 1.00215005874634 43.0356046960108
5.08 -0.068573497235775 0.181875005364418 1.00497996807098 1.00462996959686 42.9569960488531
5.1 -0.106230996549129 0.144797995686531 1.00710999965668 1.00660002231598 42.8352991533164
5.12 -0.129204005002975 0.108134001493454 1.00868999958038 1.00806999206543 42.6872479728672
5.14 -0.0812952965497971 0.0812743008136749 1.009889960289 1.0091700553894 42.5940841925882
5.16 -0.0791712030768394 0.0546371005475521 1.01068997383118 1.00990998744965 42.5033280539916
5.18 -0.0620624013245106 0.034144401550293 1.01119995117188 1.01037001609802 42.4322223696371
5.2 -0.000900456972885877 0.0179466996341944 1.01145994663239 1.01060998439789 42.4311910110725
5.22 -0.0361106991767883 0.0106009002774954 1.01162004470825 1.01075994968414 42.3898239703643
5.24 -0.01856330037117 0.00631394982337952 1.01171004772186 1.01084005832672 42.3685684216672
5.26 -0.0288839992135763 0.00255622994154692 1.01174998283386 1.01087999343872 42.3354488343818
5.28 0 0 1.01174998283386 1.01087999343872 42.3354488343818
5.3 0 0 1.01174998283386 1.01087999343872 42.3354488343818
5.32 0 0 1.01174998283386 1.01087999343872 42.3354488343818
5.34 0 0 1.01174998283386 1.01087999343872 42.3354488343818
5.36 0 0 1.01174998283386 1.01087999343872 42.3354488343818
5.38 0 0 1.01174998283386 1.01087999343872 42.3354488343818
5.4 0 0 1.01174998283386 1.01087999343872 42.3354488343818
5.42 0 0 1.01174998283386 1.01087999343872 42.3354488343818
5.44 0 0 1.01174998283386 1.01087999343872 42.3354488343818
5.46 0 0 1.01174998283386 1.01087999343872 42.3354488343818
5.48 0 0 1.01174998283386 1.01087999343872 42.3354488343818
5.5 0 0 1.01174998283386 1.01087999343872 42.3354488343818
5.52 0 0 1.01174998283386 1.01087999343872 42.3354488343818
5.54 0 0 1.01174998283386 1.01087999343872 42.3354488343818
5.56 0 0 1.01174998283386 1.01087999343872 42.3354488343818
5.58 0 0 1.01174998283386 1.01087999343872 42.3354488343818
5.6 0 0 1.01174998283386 1.01087999343872 42.3354488343818
5.62 0 0 1.01174998283386 1.01087999343872 42.3354488343818
5.64 0 0 1.01174998283386 1.01087999343872 42.3354488343818
