0 0 0 -0.0500000007450581 0 50.0000207435948
0.02 0 0 -0.0500000007450581 0 50.0000207435948
0.04 0 0 -0.0500000007450581 0 50.0000207435948
0.06 0 0 -0.0500000007450581 0 50.0000207435948
0.08 0 0 -0.0500000007450581 0 50.0000207435948
0.1 0 0 -0.0500000007450581 0 50.0000207435948
0.12 0 0 -0.0500000007450581 0 50.0000207435948
0.14 0 0 -0.0500000007450581 0 50.0000207435948
0.16 0 0 -0.0500000007450581 0 50.0000207435948
0.18 0 0 -0.0500000007450581 0 50.0000207435948
0.2 0 0 -0.0500000007450581 0 50.0000207435948
0.22 0 0 -0.0500000007450581 0 50.0000207435948
0.24 0 0 -0.0500000007450581 0 50.0000207435948
0.26 0 0 -0.0500000007450581 0 50.0000207435948
0.28 0 0 -0.0500000007450581 0 50.0000207435948
0.3 0 0 -0.0500000007450581 0 50.0000207435948
0.32 0 0 -0.0500000007450581 0 50.0000207435948
0.34 0 0 -0.0500000007450581 0 50.0000207435948
0.36 0 0 -0.0500000007450581 0 50.0000207435948
0.38 0 0 -0.0500000007450581 0 50.0000207435948
0.4 0 0 -0.0500000007450581 0 50.0000207435948
0.42 0 0 -0.0500000007450581 0 50.0000207435948
0.44 0 0 -0.0500000007450581 0 50.0000207435948
0.46 0 0 -0.0500000007450581 0 50.0000207435948
0.48 0 0 -0.0500000007450581 0 50.0000207435948
0.5 0 0 -0.0500000007450581 0 50.0000207435948
0.52 0 0 -0.0500000007450581 0 50.0000207435948
0.54 0 0 -0.0500000007450581 0 50.0000207435948
0.56 0 0 -0.0500000007450581 0 50.0000207435948
0.58 0 0 -0.0500000007450581 0 50.0000207435948
0.6 0 0 -0.0500000007450581 0 50.0000207435948
0.62 0 0 -0.0500000007450581 0 50.0000207435948
0.64 0 0 -0.0500000007450581 0 50.0000207435948
0.66 0 0 -0.0500000007450581 0 50.0000207435948
0.68 0 0 -0.0500000007450581 0 50.0000207435948
0.7 0 0 -0.0500000007450581 0 50.0000207435948
0.72 0 0 -0.0500000007450581 0 50.0000207435948
0.74 0 0 -0.0500000007450581 0 50.0000207435948
0.76 0 0 -0.0500000007450581 0 50.0000207435948
0.78 0 0 -0.0500000007450581 0 50.0000207435948
0.8 0 0 -0.0500000007450581 0 50.0000207435948
0.82 0 0 -0.0500000007450581 0 50.0000207435948
0.84 0 0 -0.0500000007450581 0 50.0000207435948
0.86 0 0 -0.0500000007450581 0 50.0000207435948
0.88 0 0 -0.0500000007450581 0 50.0000207435948
0.9 0 0 -0.0500000007450581 0 50.0000207435948
0.92 0 0 -0.0500000007450581 0 50.0000207435948
0.94 0 0 -0.0500000007450581 0 50.0000207435948
0.96 0 0 -0.0500000007450581 0 50.0000207435948
0.98 0 0 -0.0500000007450581 0 50.0000207435948
1 0 0 -0.0500000007450581 0 50.0000207435948
1.02 0 0 -0.0500000007450581 0 50.0000207435948
1.04 0 0 -0.0500000007450581 0 50.0000207435948
1.06 0 0 -0.0500000007450581 0 50.0000207435948
1.08 0 0 -0.0500000007450581 0 50.0000207435948
1.1 0 0 -0.0500000007450581 0 50.0000207435948
1.12 0 0 -0.0500000007450581 0 50.0000207435948
1.14 0 0 -0.0500000007450581 0 50.0000207435948
1.16 0 0 -0.0500000007450581 0 50.0000207435948
1.18 0 0 -0.0500000007450581 0 50.0000207435948
1.2 0 0 -0.0500000007450581 0 50.0000207435948
1.22 0 0 -0.0500000007450581 0 50.0000207435948
1.24 0 0 -0.0500000007450581 0 50.0000207435948
1.26 0 0 -0.0500000007450581 0 50.0000207435948
1.28 0 0 -0.0500000007450581 0 50.0000207435948
1.3 0 0 -0.0500000007450581 0 50.0000207435948
1.32 0 0 -0.0500000007450581 0 50.0000207435948
1.34 0 0 -0.0500000007450581 0 50.0000207435948
1.36 0 0 -0.0500000007450581 0 50.0000207435948
1.38 0 0 -0.0500000007450581 0 50.0000207435948
1.4 0 0 -0.0500000007450581 0 50.0000207435948
1.42 0 0 -0.0500000007450581 0 50.0000207435948
1.44 0 0 -0.0500000007450581 0 50.0000207435948
1.46 0 0 -0.0500000007450581 0 50.0000207435948
1.48 0 0 -0.0500000007450581 0 50.0000207435948
1.5 0 0 -0.0500000007450581 0 50.0000207435948
1.52 0 0 -0.0500000007450581 0 50.0000207435948
1.54 0 0 -0.0500000007450581 0 50.0000207435948
1.56 0 0 -0.0500000007450581 0 50.0000207435948
1.58 0 0 -0.0500000007450581 0 50.0000207435948
1.6 0 0 -0.0500000007450581 0 50.0000207435948
1.62 0 0 -0.0500000007450581 0 50.0000207435948
1.64 0 0 -0.0500000007450581 0 50.0000207435948
1.66 0 0 -0.0500000007450581 0 50.0000207435948
1.68 0 0 -0.0500000007450581 0 50.0000207435948
1.7 0 0 -0.0500000007450581 0 50.0000207435948
1.72 0 0 -0.0500000007450581 0 50.0000207435948
1.74 0 0 -0.0500000007450581 0 50.0000207435948
1.76 0 0 -0.0500000007450581 0 50.0000207435948
1.78 0 0 -0.0500000007450581 0 50.0000207435948
1.8 0 0 -0.0500000007450581 0 50.0000207435948
1.82 0 0 -0.0500000007450581 0 50.0000207435948
1.84 0 0 -0.0500000007450581 0 50.0000207435948
1.86 0 0 -0.0500000007450581 0 50.0000207435948
1.88 0 0 -0.0500000007450581 0 50.0000207435948
1.9 -0.139801993966103 0.0438973009586334 -0.0494346991181374 0.000671755988150835 49.8398220717067
1.92 -0.55920797586441 0.126230001449585 -0.0477957986295223 0.00259202998131514 49.1989693275463
1.94 -0.758857011795044 0.168685004115105 -0.0455720014870167 0.00512905977666378 48.329390623555
1.96 -0.947975993156433 0.194339007139206 -0.0429604984819889 0.00800777971744537 47.2431207530505
1.98 -1.16619002819061 0.220119997859001 -0.0399341993033886 0.01120510045439 45.906753260802
2 -1.55138003826141 0.22486700117588 -0.0367550998926163 0.0143862003460526 44.1289813783468
2.02 -2.04877996444702 0.191256001591682 -0.0339556001126766 0.016992699354887 41.7812848511672
2.04 -2.5766499042511 0.152355998754501 -0.0316318012773991 0.0189638007432222 38.8286623748615
2.06 -3.16536998748779 0.112409003078938 -0.0298366993665695 0.0203172992914915 35.2013811330984
2.08 -3.69871997833252 0.0961968973278999 -0.0282246004790068 0.0213674008846283 30.9629823757265
2.1 -4.49919986724854 0.0844148993492126 -0.0267392992973328 0.0221699997782707 25.8072789675379
2.12 -5.54980993270874 0.0765336975455284 -0.0253264997154474 0.022758899256587 19.4476778785061
2.14 -6.51752996444702 0.0710513964295387 -0.0239585004746914 0.0231437999755144 11.9791153229995
2.16 -7.26360988616943 0.0625796988606453 -0.0227186009287834 0.0233139991760254 3.65564829804665
2.18 -7.88990020751953 0.0558958984911442 -0.0216007996350527 0.0232970993965864 -5.38551109922927
2.2 -8.32849025726318 0.0525938011705875 -0.0205653999000788 0.0231116004288197 -14.9292755161094
2.22 -8.70518016815186 0.0514189004898071 -0.019598500803113 0.0227613002061844 -24.9046421479638
2.24 -9.02375984191895 0.0589139014482498 -0.0185789000242949 0.0221708007156849 -35.2450977588811
2.26 -9.16016960144043 0.0635399967432022 -0.0176125001162291 0.0213456004858017 -45.7419134753729
2.28 -9.42142009735107 0.0710574984550476 -0.016720799729228 0.0202389992773533 -56.5380417416731
2.3 -9.54108047485352 0.0784851014614105 -0.0159840006381273 0.0188529994338751 -67.471511451804
2.32 -9.73530960083008 0.0852117985486984 -0.0154870999976993 0.0172227993607521 -78.6269998760008
2.34 -9.86196994781494 0.0893106982111931 -0.0153090003877878 0.0154454996809363 -89.9280191408431
2.36 -9.97591018676758 0.0962152034044266 -0.0154983000829816 0.0135305002331734 -101.359672603751
2.38 -10.0494003295898 0.100845001637936 -0.016091899946332 0.0116028999909759 -112.875549129315
2.4 -10.132399559021 0.109316997230053 -0.0171412006020546 0.00968485046178102 -124.486536039071
2.42 -10.147500038147 0.115244999527931 -0.0186320003122091 0.00792698003351688 -136.114714534967
2.44 -7.76099014282227 0.113737002015114 -0.020388800650835 0.00648195017129183 -145.00816724946
2.46 -3.26781010627747 0.0840369015932083 -0.0217965003103018 0.0055636097677052 -148.752449631706
2.48 0.677999973297119 0.0717113986611366 -0.0230176001787186 0.00481133023276925 -147.975515613617
2.5 3.16915988922119 0.0426611006259918 -0.0237262006849051 0.00433618994429708 -144.344108937595
2.52 4.73126983642578 0.0295570995658636 -0.0241896994411945 0.00396926980465651 -138.922209151789
2.54 5.85294008255005 0.0178344007581472 -0.0244443994015455 0.00371957011520863 -132.215168292509
2.56 3.96881008148193 0.00664089992642403 -0.0245296992361546 0.0036177400033921 -127.667601022357
2.58 -0.609194993972778 0.0131938997656107 -0.0246922001242638 0.00340984994545579 -128.365468770614
2.6 -3.26495003700256 0.0282860994338989 -0.0250576995313168 0.00297798006795347 -132.106882473408
2.62 -5.00884008407593 0.0529942996799946 -0.025806799530983 0.00222823000513017 -137.846768546213
2.64 -3.50055003166199 0.0431452989578247 -0.0264663994312286 0.00167185999453068 -141.858043023115
2.66 0.775295972824097 0.0286865998059511 -0.0269149001687765 0.00131403002887964 -140.969394430961
2.68 3.23438000679016 0.0187723003327847 -0.0271987002342939 0.00106828997377306 -137.263497711851
2.7 4.85719013214111 0.0175053998827934 -0.0274439994245768 0.0008184919715859 -131.69720772699
2.72 3.12147998809814 0.0083797900006175 -0.0275516007095575 0.000689934997353703 -128.120237658653
2.74 -1.09948003292084 0.0118963997811079 -0.0277005005627871 0.000504379975609481 -129.380175334089
2.76 -3.48178005218506 0.0278834998607636 -0.0280690994113684 0.0000859049978316762 -133.370248903807
2.78 -5.11746978759766 0.0483006983995438 -0.0287675000727177 -0.00058147101663053 -139.234471740263
2.8 -3.62649989128113 0.0208585001528263 -0.029093099758029 -0.000842234992887825 -143.390136416219
2.82 0.719328999519348 0.0235578007996082 -0.0294693000614643 -0.0011259299935773 -142.565650621128
2.84 3.20115995407104 0.0193342007696629 -0.0297686997801065 -0.00137068005278707 -138.897579489642
2.86 4.83581018447876 0.00984690990298986 -0.0299105998128653 -0.00150717003270984 -133.355932827307
2.88 3.13726997375488 0.0124134002253413 -0.0300753004848957 -0.00169295002706349 -129.76119060675
2.9 -0.879702985286713 0.00426039006561041 -0.0301303993910551 -0.0017579699633643 -130.76902599992
2.92 -3.29637002944946 0.0176423005759716 -0.0303694996982813 -0.00201745005324483 -134.546530422289
2.94 -4.94495010375977 0.038995299488306 -0.0309433992952108 -0.00254556001164019 -140.213087584165
2.96 -3.43828010559082 0.0326935984194279 -0.0314599014818668 -0.00294647994451225 -144.152740697429
2.98 0.739947021007538 0.0101105002686381 -0.0316229984164238 -0.00306609994731843 -143.304772711972
3 3.22337007522583 0.00273399008437991 -0.0316657014191151 -0.00310017005540431 -139.61148452207
3.02 4.83076000213623 0.00513290008530021 -0.0317405983805656 -0.00317038991488516 -134.075561558259
3.04 3.37932991981506 0.00258076004683971 -0.0317752994596958 -0.00320867006666958 -130.202939921509
3.06 -0.944674015045166 0.00953632034361362 -0.0318997018039227 -0.00335316988639534 -131.28582543328
3.08 -3.42114996910095 0.0318313017487526 -0.0323358997702599 -0.00381690007634461 -135.20601250741
3.1 -5.03417015075684 0.0412185005843639 -0.0329493992030621 -0.00436754012480378 -140.974544393595
3.12 -3.48686003684998 0.0312019996345043 -0.0334476009011269 -0.00474333995953202 -144.970355322215
3.14 0.816808998584747 0.0169251002371311 -0.0337232016026974 -0.00493989000096917 -144.034141292681
3.16 3.28034996986389 0.0157992001622915 -0.0339726991951466 -0.00513376016169786 -140.275542833935
3.18 4.92030000686646 0.0169025994837284 -0.0342217981815338 -0.00536233000457287 -134.637057749548
3.2 3.26306009292603 0.0103577002882957 -0.0343624986708164 -0.00551440985873342 -130.897938990315
3.22 -1.0129200220108 0.00300167989917099 -0.0344021990895271 -0.00555938016623259 -132.058756960516
3.24 -3.41183996200562 0.0142810000106692 -0.0346007011830807 -0.00576480012387037 -135.968616788621
3.26 -2.72626996040344 0.0108420001342893 -0.0347606018185616 -0.00591121008619666 -139.09237648477
3.28 1.76767003536224 0.0184963997453451 -0.0350359007716179 -0.00615835003554821 -137.066979509051
3.3 3.7964301109314 0.0136944996193051 -0.0352291986346245 -0.00635239016264677 -132.716504177588
3.32 2.66604995727539 0.0064406399615109 -0.0353140011429787 -0.00644933013245463 -129.661497165624
3.34 -1.46177005767822 0.0211711991578341 -0.0355889983475208 -0.00677131023257971 -131.336245889733
3.36 -3.63200998306274 0.0257523003965616 -0.0359430015087128 -0.00714542018249631 -135.498221660482
3.38 -5.18134021759033 0.0446431003510952 -0.0366114005446434 -0.00773742981255054 -141.435773407867
3.4 -3.77502989768982 0.0251515991985798 -0.0370162017643452 -0.00803595036268234 -145.761605416805
3.42 0.645052015781403 0.0173439998179674 -0.0373017005622387 -0.00823295954614878 -145.022496986339
3.44 3.2917799949646 0.0101126004010439 -0.0374636016786098 -0.00835429038852453 -141.250142526605
3.46 4.90865993499756 0.00848399009555578 -0.0375904999673367 -0.00846686027944088 -135.625413443206
3.48 3.42916011810303 0.0165695007890463 -0.0378192998468876 -0.00870660971850157 -131.696073915588
3.5 -0.82941597700119 0.00646312022581697 -0.0379060991108418 -0.00880241021513939 -132.646604021622
3.52 -3.34074997901917 0.0145241003483534 -0.0381098985671997 -0.00900937989354134 -136.474542560822
3.54 -2.70734000205994 -0.0114877000451088 -0.0379391014575958 -0.00885572005063295 -139.577101349788
3.56 1.61256003379822 0.0189909003674984 -0.0382242016494274 -0.00910663045942783 -137.729316613246
3.58 3.79361009597778 0.0213406998664141 -0.0385290011763573 -0.00940550025552511 -133.381709961234
3.6 2.81832003593445 -0.000190026999916881 -0.0385264009237289 -0.00940265972167253 -130.152519465056
3.62 -1.51600003242493 0.0125951999798417 -0.0386918000876904 -0.00959272030740976 -131.889723438936
3.64 -3.69885993003845 0.0230163000524044 -0.0390116013586521 -0.00992379989475012 -136.128470535956
3.66 -3.1149001121521 0.0147938998416066 -0.0392311997711658 -0.010122099891305 -139.697421962207
3.68 1.28470003604889 0.0232287999242544 -0.0395816005766392 -0.0104270996525884 -138.225488875312
3.7 3.54872989654541 0.0214878991246223 -0.0398917011916637 -0.010724600404501 -134.159217715214
3.72 2.86814999580383 0.0223686005920172 -0.0401940010488033 -0.0110544003546238 -130.872148196009
3.74 -1.69910001754761 0.0231551993638277 -0.0405029989778996 -0.0113994004204869 -132.819066298165
3.76 -3.84562993049622 0.0237866006791592 -0.0408395007252693 -0.0117356004193425 -137.226259520496
3.78 -3.0445499420166 0.0200881995260715 -0.0411426015198231 -0.0119994003325701 -140.714997205134
3.8 1.44387996196747 0.0177321992814541 -0.0414137989282608 -0.012227900326252 -139.06028825605
3.82 3.70105004310608 0.0107867997139692 -0.0415714010596275 -0.0123752001672983 -134.819259875847
3.84 2.98342990875244 0.00396001012995839 -0.0416256003081799 -0.0124329999089241 -131.400422347175
3.86 -1.52101004123688 0.0253151003271341 -0.0419660992920399 -0.0128076002001762 -133.143363679958
3.88 -3.7608699798584 0.0226853005588055 -0.042288601398468 -0.0131267998367548 -137.453144744345
3.9 -2.87130999565125 0.028218699619174 -0.0427151992917061 -0.0134963002055883 -140.743069282623
3.92 1.52529001235962 0.0386601984500885 -0.0433063991367817 -0.0139947002753615 -138.995551723096
3.94 3.74529004096985 0.0267005003988743 -0.0436960011720657 -0.0143598997965455 -134.703529150551
3.96 3.04969000816345 0.0232532992959023 -0.044012900441885 -0.0147002004086971 -131.209054107009
3.98 -1.43509995937347 0.00897847954183817 -0.0441331006586552 -0.0148336002603173 -132.853449470447
4 -3.77118992805481 0.0073131499812007 -0.0442364998161793 -0.014937000349164 -137.175265328152
4.02 -2.75423002243042 0.0184412002563477 -0.0445138998329639 -0.0151802003383636 -140.331113253023
4.04 1.44167995452881 0.00965483020991087 -0.0446606986224651 -0.0153056001290679 -138.67927298339
4.06 3.60029006004334 0.00225379993207753 -0.0446934998035431 -0.0153364995494485 -134.553415252972
4.08 2.84055995941162 0.013314500451088 -0.0448747985064983 -0.0155314998701215 -131.298433962488
4.1 -1.71144998073578 0.00649581011384726 -0.0449622012674809 -0.0156277008354664 -133.259668141145
4.12 -3.86931991577148 0.0107664000242949 -0.045115701854229 -0.015778599306941 -137.693212233293
4.14 -3.02340006828308 0.0198103003203869 -0.0454167015850544 -0.0160362999886274 -141.157893991675
4.16 1.3474999666214 0.0146712996065617 -0.0456427000463009 -0.0162234008312225 -139.613765805253
4.18 3.51855993270874 0.0200187005102634 -0.0459383986890316 -0.0164934005588293 -135.581864157058
4.2 2.66649007797241 0.0324709005653858 -0.0463899001479149 -0.0169600993394852 -132.526283409203
4.22 -1.66349995136261 0.0101472996175289 -0.0465295985341072 -0.0171073991805315 -134.432520904663
4.24 -3.88372993469238 0.00981013011187315 -0.0466722995042801 -0.0172421000897884 -138.883249752763
4.26 -3.019700050354 0.0185352005064487 -0.0469588004052639 -0.0174773000180721 -142.343341624022
4.28 1.38652002811432 0.00361264008097351 -0.0470153987407684 -0.0175221990793943 -140.75453034005
4.3 3.67547011375427 -0.00218023010529578 -0.0469826012849808 -0.0174934007227421 -136.542721509117
4.32 5.23047018051147 0.00881909020245075 -0.0471041984856129 -0.017621299251914 -130.549011946376
4.34 3.6387300491333 -0.00158154999371618 -0.0470844991505146 -0.0175964999943972 -126.379591269432
4.36 -0.718590021133423 -0.0086249802261591 -0.0469812005758286 -0.0174583997577429 -127.202929592742
4.38 -3.32102990150452 0.000813246006146073 -0.0469914004206657 -0.0174710005521774 -131.008519752978
4.4 -4.9085898399353 0.0180980004370213 -0.0472421012818813 -0.0177321005612612 -136.633248836377
4.42 -3.38544988632202 0.027675099670887 -0.04765709862113 -0.0180984009057283 -140.512741643432
4.44 0.793882012367249 0.0174215994775295 -0.0479241982102394 -0.0183221008628607 -139.602892144094
4.46 3.29813003540039 0.0104497000575066 -0.0480788014829159 -0.0184627007693052 -135.823652853676
4.48 4.91361999511719 0.01576860062778 -0.0482938997447491 -0.0186932999640703 -130.193200071753
4.5 3.34024000167847 -0.0119331004098058 -0.0481460988521576 -0.0185059998184443 -126.365275192932
4.52 -0.947745025157928 -0.00459345011040568 -0.0480909012258053 -0.0184324998408556 -127.451603120044
4.54 -3.42860007286072 0.00686771003529429 -0.0481780990958214 -0.0185385998338461 -131.380368911772
4.56 -5.03304004669189 0.02110980078578 -0.0484727993607521 -0.0188410002738237 -137.147766986554
4.58 -3.6875 0.00224359007552266 -0.0485068000853062 -0.0188701990991831 -141.373331818475
4.6 0.746873021125793 -0.00112383998930454 -0.0484893992543221 -0.0188561007380486 -140.517331530554
4.62 3.34755992889404 -0.0032223800662905 -0.0484410002827644 -0.0188135001808405 -136.681374349269
4.64 4.91878986358643 0.00434210989624262 -0.0485012009739876 -0.0188760999590158 -131.044610472552
4.66 3.33101010322571 -0.0122232995927334 -0.0483468994498253 -0.0186864994466305 -127.227572915268
4.68 -0.954441010951996 -0.00451172003522515 -0.0482916012406349 -0.0186151005327702 -128.321345748575
4.7 -3.45288991928101 0.00963031034916639 -0.0484162010252476 -0.0187619999051094 -132.27819727817
4.72 -5.04388999938965 0.0236476995050907 -0.048751600086689 -0.0190955009311438 -138.058190221782
4.74 -3.55156993865967 0.0327691994607449 -0.049254298210144 -0.0195158999413252 -142.1279174576
4.76 0.640181005001068 0.0174481999129057 -0.0495284013450146 -0.0197318997234106 -141.394519065281
4.78 3.2082200050354 0.0109810000285506 -0.0496955998241901 -0.0198743995279074 -137.717855555818
4.8 4.87864017486572 0.0120844002813101 -0.0498661994934082 -0.0200455002486706 -132.127509644701
4.82 3.25995993614197 0.0114938002079725 -0.0500148013234138 -0.0202208999544382 -128.391819640432
4.84 -1.08671998977661 0.0085473395884037 -0.0501223988831043 -0.0203537996858358 -129.636853843099
4.86 -3.48727011680603 0.0102372001856565 -0.0502584017813206 -0.0205067992210388 -133.633238507609
4.88 -5.12314987182617 0.0283086001873016 -0.0506695993244648 -0.0208960007876158 -139.50375877848
4.9 -3.65208005905151 0.013829399831593 -0.0508862994611263 -0.0210678000003099 -143.688643003705
4.92 0.810090005397797 0.00575408013537526 -0.0509785003960133 -0.02113669924438 -142.760461276635
4.94 3.39362001419067 0.00596658978611231 -0.0510709993541241 -0.0212120991200209 -138.871788695336
4.96 5.0238299369812 0.00957924034446478 -0.0512088015675545 -0.0213452000170946 -133.114717866578
4.98 3.27202010154724 0.00383944995701313 -0.0512593984603882 -0.0214029997587204 -129.36527186132
5 -0.834748983383179 0.00680436007678509 -0.0513466000556946 -0.0215074997395277 -130.322113062148
5.02 -3.27648997306824 0.0152005003765225 -0.0515508018434048 -0.0217326991260052 -134.07670903004
5.04 -4.9815502166748 0.0282492991536856 -0.0519636012613773 -0.0221184995025396 -139.785080610015
5.06 -3.64163994789124 0.0247491002082825 -0.0523529015481472 -0.0224240999668837 -143.957943702301
5.08 0.959681987762451 0.020329300314188 -0.0526794008910656 -0.0226665008813143 -142.85843351009
5.1 3.54069995880127 0.0110585996881127 -0.0528508014976978 -0.0228061992675066 -138.800741067589
5.12 5.06062984466553 0.012309099547565 -0.0530276000499725 -0.0229774992913008 -133.001842160355
5.14 3.42156004905701 0.0197061002254486 -0.053286399692297 -0.0232746992260218 -129.081095010713
5.16 -0.895011007785797 0.00239481008611619 -0.0533168986439705 -0.0233117006719112 -130.106688895726
5.18 -3.32172989845276 -0.00127095996867865 -0.0532999001443386 -0.023292800411582 -133.913412867363
5.2 -4.98924016952515 0.0177117995917797 -0.0535579994320869 -0.0235354006290436 -139.630390485692
5.22 -3.51326990127563 0.0173643995076418 -0.0538304001092911 -0.0237508993595839 -143.656568435363
5.24 0.956818997859955 0.0202884003520012 -0.0541548989713192 -0.0239944998174906 -142.559926922604
5.26 3.48715996742249 0.0163202993571758 -0.054407000541687 -0.0242017991840839 -138.564115993983
5.28 5.02481985092163 0.0142892003059387 -0.054611399769783 -0.0244015008211136 -132.805884033067
5.3 3.58419990539551 0.00827146973460913 -0.0547193996608257 -0.0245267990976572 -128.698932266272
5.32 -0.619955003261566 -0.000071518101321999 -0.0547184981405735 -0.0245257001370192 -129.409394883359
5.34 -3.18864011764526 -0.000707000028342009 -0.0547091998159885 -0.0245150998234749 -133.063149938345
5.36 -4.83874988555908 0.0139479003846645 -0.0549093000590801 -0.0247093997895718 -138.607651619753
5.38 -3.37902998924255 0.0287458002567291 -0.0553531982004642 -0.0250748004764318 -142.479713180991
5.4 0.755115985870361 -0.0000143014003697317 -0.0553530007600784 -0.0250745993107557 -141.614546779203
5.42 3.25626993179321 -0.00670013995841146 -0.0552507005631924 -0.0249879993498325 -137.883433001678
5.44 4.84346008300781 -0.00229672994464636 -0.0552182011306286 -0.0249556005001068 -132.333193961367
5.46 3.45487999916077 0.00967935007065535 -0.0553435012698174 -0.0251030996441841 -128.37406114859
5.48 -0.698455989360809 0.00591959012672305 -0.0554177016019821 -0.025195399299264 -129.174477357045
5.5 -3.17584991455078 0.00503482017666101 -0.0554836988449097 -0.025271400809288 -132.813902675153
5.52 -4.82940006256104 0.0186087992042303 -0.055749598890543 -0.0255318991839886 -138.347530695402
5.54 -3.54760003089905 0.0087884496897459 -0.0558849014341831 -0.0256440006196499 -142.413241779988
5.56 0.865157008171082 0.0101493000984192 -0.0560447014868259 -0.0257692001760006 -141.421457331367
5.58 3.37151002883911 0.00426652003079653 -0.0561095997691154 -0.0258246008306742 -137.558001808483
5.6 4.92236995697021 0.0076707499101758 -0.0562175996601582 -0.0259335990995169 -131.917235440913
5.62 3.50629997253418 -0.0023866300471127 -0.0561870001256466 -0.0258969999849796 -127.899649869219
5.64 -0.616883993148804 -0.00183901004493237 -0.05616420134902 -0.0258680991828442 -128.606683731342
5.66 -3.18942999839783 0.00912152044475079 -0.056282501667738 -0.0260070003569126 -132.26157259773
5.68 -4.798180103302 0.0157644003629684 -0.0565055012702942 -0.0262298993766308 -137.759683634295
5.7 -3.45019006729126 0.0127341998741031 -0.0566998012363911 -0.0263944994658232 -141.713092748548
5.72 0.825537025928497 0.0207298006862402 -0.0570231005549431 -0.0266539994627237 -140.767138869258
5.74 3.3056800365448 0.0131326001137495 -0.0572209991514683 -0.0268268007785082 -136.979307200865
5.76 4.8754301071167 0.0182859003543854 -0.0574758984148502 -0.02708899974823 -131.392403705089
5.78 3.29554009437561 -0.00431556021794677 -0.0574209988117218 -0.0270224008709192 -127.616033094123
5.8 -0.824658989906311 0.00963031034916639 -0.0575397983193398 -0.02717399969697 -128.560839501633
5.82 -3.28133988380432 0.0131449000909925 -0.0577103011310101 -0.0273740999400616 -132.321159168049
5.84 -4.91137981414795 0.0212508998811245 -0.0580115988850594 -0.0276739001274109 -137.94933066679
5.86 -3.67616009712219 0.00655301008373499 -0.0581119991838932 -0.0277580991387367 -142.161713233613
5.88 0.813969016075134 0.00365351000800729 -0.0581693984568119 -0.0278034005314112 -141.228941619421
5.9 3.35853004455566 0.00416436977684498 -0.0582325011491776 -0.0278577003628016 -137.380375908928
5.92 4.92857980728149 0.00857186038047075 -0.0583527982234955 -0.0279798004776239 -131.732738371053
5.94 3.22555994987488 0.0115959998220205 -0.0585015006363392 -0.0281578004360199 -128.036581501699
5.96 -0.964231014251709 0.0117247002199292 -0.0586478002369404 -0.0283410996198654 -129.141255316922
5.98 -3.30201005935669 0.0130815003067255 -0.0588194988667965 -0.0285384003072977 -132.925057173706
6 -4.94084978103638 0.0197673998773098 -0.0591027997434139 -0.0288143008947372 -138.587038108838
6.02 -3.49110007286072 0.00404583010822535 -0.0591652989387512 -0.0288657005876303 -142.587425264202
6.04 0.791064977645874 0.0037107199896127 -0.0592239014804363 -0.0289111994206905 -141.681004519828
6.06 3.2501699924469 0.00804467033594847 -0.0593467988073826 -0.0290150009095669 -137.956775572985
6.08 4.8836498260498 0.012045600451529 -0.0595175996422768 -0.0291849002242088 -132.360132227454
6.1 3.35314989089966 0.00258076004683971 -0.0595511011779308 -0.0292242001742125 -128.517877611753
6.12 -0.79136598110199 -0.00126892002299428 -0.0595351010560989 -0.0292045008391142 -129.42485843164
6.14 -3.20849990844727 0.00486316997557878 -0.0595992989838123 -0.0292776003479958 -133.10153560148
6.16 -4.85373020172119 0.015964699909091 -0.0598285011947155 -0.029499800875783 -138.663235699218
6.18 -3.53577995300293 0.0243465006351471 -0.0602051988244057 -0.0298082996159792 -142.715190782816
6.2 0.859731018543243 0.0194895006716251 -0.06051329895854 -0.0300471000373363 -141.72970376861
6.22 3.42534995079041 0.0138662001118064 -0.060724999755621 -0.0302262008190155 -137.804940467736
6.24 5.01106023788452 0.0143176997080445 -0.0609273016452789 -0.0304288994520903 -132.062185715479
6.26 3.39320993423462 0.00959147978574038 -0.0610508993268013 -0.0305755995213985 -128.174100530448
6.28 -0.832394003868103 0.0195384994149208 -0.061294998973608 -0.0308807995170355 -129.128073051824
6.3 -3.19200992584229 0.0166491996496916 -0.0615132004022598 -0.0311322994530201 -132.785830597664
6.32 -4.82474994659424 0.0215940997004509 -0.0618215017020702 -0.0314346998929977 -138.314308655279
6.34 -3.44466996192932 0.0209791008383036 -0.0621443018317223 -0.0317028015851974 -142.261980410629
6.36 0.970026016235352 0.00707203987985849 -0.0622553005814552 -0.0317904986441135 -141.150449085479
6.38 3.49114990234375 0.0128853004425764 -0.0624503009021282 -0.0319590009748936 -137.149474533846
6.4 4.99211978912354 0.0160137005150318 -0.0626738965511322 -0.0321883000433445 -131.429068160554
6.42 3.34298992156982 0.0153393996879458 -0.0628691017627716 -0.0324250012636185 -127.598274602281
6.44 -0.952848017215729 0.0220906995236874 -0.0631420016288757 -0.0327723994851112 -128.690326227918
6.46 -3.19521999359131 0.00790163967758417 -0.0632447004318237 -0.0328925997018814 -132.351526189099
6.48 -4.84128999710083 0.0226361993700266 -0.0635655000805855 -0.0332119986414909 -137.899483946227
6.5 -3.44605994224548 0.0299535002559423 -0.0640235021710396 -0.0335980989038944 -141.848303173358
