0 0 0 -0.0500000007450581 0 50.0000207435948
0.02 0 0 -0.0500000007450581 0 50.0000207435948
0.04 0 0 -0.0500000007450581 0 50.0000207435948
0.06 0 0 -0.0500000007450581 0 50.0000207435948
0.08 0 0 -0.0500000007450581 0 50.0000207435948
0.1 0 0 -0.0500000007450581 0 50.0000207435948
0.12 0 0 -0.0500000007450581 0 50.0000207435948
0.14 0 0 -0.0500000007450581 0 50.0000207435948
0.16 0 0 -0.0500000007450581 0 50.0000207435948
0.18 0 0 -0.0500000007450581 0 50.0000207435948
0.2 0 0 -0.0500000007450581 0 50.0000207435948
0.22 0 0 -0.0500000007450581 0 50.0000207435948
0.24 0 0 -0.0500000007450581 0 50.0000207435948
0.26 0 0 -0.0500000007450581 0 50.0000207435948
0.28 0 0 -0.0500000007450581 0 50.0000207435948
0.3 0 0 -0.0500000007450581 0 50.0000207435948
0.32 0 0 -0.0500000007450581 0 50.0000207435948
0.34 0 0 -0.0500000007450581 0 50.0000207435948
0.36 0 0 -0.0500000007450581 0 50.0000207435948
0.38 0 0 -0.0500000007450581 0 50.0000207435948
0.4 0 0 -0.0500000007450581 0 50.0000207435948
0.42 0 0 -0.0500000007450581 0 50.0000207435948
0.44 0 0 -0.0500000007450581 0 50.0000207435948
0.46 0 0 -0.0500000007450581 0 50.0000207435948
0.48 0 0 -0.0500000007450581 0 50.0000207435948
0.5 0 0 -0.0500000007450581 0 50.0000207435948
0.52 0 0 -0.0500000007450581 0 50.0000207435948
0.54 0 0 -0.0500000007450581 0 50.0000207435948
0.56 0 0 -0.0500000007450581 0 50.0000207435948
0.58 0 0 -0.0500000007450581 0 50.0000207435948
0.6 0 0 -0.0500000007450581 0 50.0000207435948
0.62 0 0 -0.0500000007450581 0 50.0000207435948
0.64 0 0 -0.0500000007450581 0 50.0000207435948
0.66 0 0 -0.0500000007450581 0 50.0000207435948
0.68 0 0 -0.0500000007450581 0 50.0000207435948
0.7 0 0 -0.0500000007450581 0 50.0000207435948
0.72 0 0 -0.0500000007450581 0 50.0000207435948
0.74 0 0 -0.0500000007450581 0 50.0000207435948
0.76 0 0 -0.0500000007450581 0 50.0000207435948
0.78 0 0 -0.0500000007450581 0 50.0000207435948
0.8 0 0 -0.0500000007450581 0 50.0000207435948
0.82 0 0 -0.0500000007450581 0 50.0000207435948
0.84 0 0 -0.0500000007450581 0 50.0000207435948
0.86 0 0 -0.0500000007450581 0 50.0000207435948
0.88 0 0 -0.0500000007450581 0 50.0000207435948
0.9 0 0 -0.0500000007450581 0 50.0000207435948
0.92 0 0 -0.0500000007450581 0 50.0000207435948
0.94 0 0 -0.0500000007450581 0 50.0000207435948
0.96 0 0 -0.0500000007450581 0 50.0000207435948
0.98 0 0 -0.0500000007450581 0 50.0000207435948
1 0 0 -0.0500000007450581 0 50.0000207435948
1.02 0 0 -0.0500000007450581 0 50.0000207435948
1.04 0 0 -0.0500000007450581 0 50.0000207435948
1.06 0 0 -0.0500000007450581 0 50.0000207435948
1.08 0 0 -0.0500000007450581 0 50.0000207435948
1.1 0 0 -0.0500000007450581 0 50.0000207435948
1.12 0 0 -0.0500000007450581 0 50.0000207435948
1.14 0 0 -0.0500000007450581 0 50.0000207435948
1.16 0 0 -0.0500000007450581 0 50.0000207435948
1.18 0 0 -0.0500000007450581 0 50.0000207435948
1.2 0 0 -0.0500000007450581 0 50.0000207435948
1.22 0 0 -0.0500000007450581 0 50.0000207435948
1.24 0 0 -0.0500000007450581 0 50.0000207435948
1.26 0 0 -0.0500000007450581 0 50.0000207435948
1.28 0 0 -0.0500000007450581 0 50.0000207435948
1.3 0 0 -0.0500000007450581 0 50.0000207435948
1.32 -1.30614995956421 0.00518397986888886 -0.0499323010444641 0.0000785459997132421 48.503283824729
1.34 -3.61005997657776 0.014941000379622 -0.0497264005243778 0.000295067991828546 44.3664124142749
1.36 -4.24130010604858 0.0498290993273258 -0.0489850006997585 0.00096108898287639 39.5062410461891
1.38 -1.51926004886627 0.109893001616001 -0.0472682006657124 0.00233337003737688 37.7653112041169
1.4 1.5843700170517 0.0304643008857965 -0.0467924997210503 0.00271410006098449 39.5808984289119
1.42 3.56275010108948 0.0189561992883682 -0.0465090982615948 0.00296590989455581 43.6635108165995
1.44 2.32732009887695 0.0339544005692005 -0.0460289008915424 0.00344608002342284 46.3303991591668
1.46 -1.47511005401611 0.0461531989276409 -0.0453817993402481 0.00410427991300821 44.6400571131824
1.48 -3.51833009719849 0.0504851005971432 -0.0446388013660908 0.00478804018348455 40.6083262197168
1.5 -2.0040500164032 0.0719626992940903 -0.0435275994241238 0.00570274982601404 38.3118526962177
1.52 1.91534996032715 0.0385825000703335 -0.0429314002394676 0.00619263015687466 40.5066827595832
1.54 3.35518002510071 0.0155151998624206 -0.0427023991942406 0.00640199007466435 44.3514611301817
1.56 2.36931991577148 0.00774839008226991 -0.042594101279974 0.00651291012763977 47.0664784007355
1.58 -2.02867007255554 0.0220804996788502 -0.0422867983579636 0.00683007016777992 44.7418166865318
1.6 -3.61543989181519 0.0211711991578341 -0.0419754981994629 0.00711704976856709 40.5988151812976
1.62 -2.56787991523743 0.0244261994957924 -0.0415964983403683 0.0074253398925066 37.6562194226934
1.64 1.59414005279541 0.0172049999237061 -0.0413274988532066 0.00763987004756927 39.4829808369706
1.66 3.77171993255615 0.00369845004752278 -0.0412722006440163 0.00768902013078332 43.8050869777155
1.68 2.88562989234924 0.0141358999535441 -0.0410738997161388 0.00789052993059158 47.1117420643652
1.7 -1.38506996631622 0.0094178095459938 -0.0409438014030457 0.0080267395824194 45.5245905163614
1.72 -3.6549699306488 0.0103903999552131 -0.0407929010689259 0.00816961005330086 41.3363253474974
1.74 -2.7904999256134 0.017552400007844 -0.040523000061512 0.00839401967823505 38.138591287542
1.76 1.32446002960205 0.0239971000701189 -0.0401494987308979 0.00869539007544518 39.6563583588622
1.78 3.50149011611938 0.015913600102067 -0.0399116985499859 0.00890695955604315 43.6687803075441
1.8 2.77953004837036 -0.00415412010625005 -0.0399702005088329 0.00884793978184462 46.8538511967784
1.82 -1.30035996437073 0.0274503994733095 -0.0395894981920719 0.00924358982592821 45.363760051975
1.84 -3.5020899772644 0.0265349000692368 -0.0392036996781826 0.00960793998092413 41.3506516692815
1.86 -2.84967994689941 0.00633643986657262 -0.0391062013804913 0.00968892034143209 38.0851928686108
1.88 1.03603994846344 0.0219577997922897 -0.0387634001672268 0.00996336992830038 39.2723617086294
1.9 3.31972002983093 0.0116940997540951 -0.0385872982442379 0.0101172998547554 43.0765141140446
1.92 3.0176899433136 0.047274898737669 -0.0379165001213551 0.0107835996896029 46.5345432681748
1.94 -0.8090980052948 0.111675001680851 -0.0363669991493225 0.0123921995982528 45.6073826543857
1.96 -3.23369002342224 0.0721814036369324 -0.0353242009878159 0.0133905997499824 41.9018342749234
1.98 -3.15282988548279 0.0907431989908218 -0.0339359007775784 0.0145594999194145 38.2889374115523
2 0.359122008085251 0.13348799943924 -0.0318464003503323 0.0162211991846561 38.7004904599916
2.02 2.87315988540649 0.076535701751709 -0.0306797008961439 0.017212200909853 41.9928772814651
2.04 2.96247005462646 0.0992536991834641 -0.0292444005608559 0.0185834001749754 45.3875974121784
2.06 0.617645978927612 0.161467999219894 -0.0269905999302864 0.0208963006734848 46.0953723498266
2.08 -2.49970006942749 0.0904652997851372 -0.0257037002593279 0.0221680998802185 43.2309276157058
2.1 -3.30549001693726 0.119174003601074 -0.0239141006022692 0.0237424001097679 39.4431027775015
2.12 -0.753176987171173 0.192686006426811 -0.0209196992218494 0.0261681992560625 38.5800571494513
2.14 2.37141990661621 0.10393500328064 -0.0193259008228779 0.0275027006864548 41.297478646593
2.16 3.30371999740601 0.0713946968317032 -0.0182849001139402 0.0284800007939339 45.0832407676679
2.18 1.60896003246307 0.084288202226162 -0.0171138998121023 0.0296927001327276 46.9270195982622
2.2 -2.03917002677917 0.0419234000146389 -0.0165289007127285 0.0302933994680643 44.5902684492275
2.22 -3.58958005905151 0.0548005998134613 -0.0157213006168604 0.0310343001037836 40.4769475310316
2.24 -1.99714994430542 0.0848338007926941 -0.0144090000540018 0.0321097001433373 38.1883833665914
2.26 1.89218997955322 0.0565988011658192 -0.0135327000170946 0.0328263007104397 40.3566269186126
2.28 3.50629997253418 0.0464861989021301 -0.0128456996753812 0.0334528014063835 44.3745505846709
2.3 2.16744995117188 0.0709512978792191 -0.0118532003834844 0.0344668999314308 46.8582634989822
2.32 -1.90775001049042 0.0359649993479252 -0.0113514000549912 0.0349823012948036 44.6721453419031
2.34 -3.66641998291016 0.0426427014172077 -0.0107233002781868 0.0355591997504234 40.4707593796435
2.36 -2.30848002433777 0.0175707992166281 -0.0104507999494672 0.0357811003923416 37.8254134537184
2.38 1.76178002357483 0.0232021994888783 -0.0100892996415496 0.036072101444006 39.8442875987806
2.4 3.67755007743835 0.0095363100990653 -0.00994747970253229 0.0361995995044708 44.0584494298827
2.42 2.72102999687195 0.00274421996437013 -0.00990908965468407 0.0362388007342815 47.1765434841158
2.44 -1.63422000408173 0.0192483998835087 -0.00964283011853695 0.0365169011056423 45.3038285571027
2.46 -3.82087993621826 0.0256175007671118 -0.00926882028579712 0.0368670001626015 40.9254587330698
2.48 -2.82284998893738 0.0295652002096176 -0.00881129968911409 0.0372416004538536 37.690711878002
2.5 1.47427999973297 0.0137088000774384 -0.00859683007001877 0.0374124012887478 39.3800772069351
2.52 3.67601990699768 0.00626695016399026 -0.00850293971598148 0.0374955013394356 43.5925212454609
2.54 2.83797001838684 0.0204131007194519 -0.00821536034345627 0.0377851985394955 46.8445723847909
2.56 -1.25519001483917 0.0349822007119656 -0.00773045001551509 0.0382895991206169 45.4062165078558
2.58 -3.65469002723694 0.0277220997959375 -0.00732702016830444 0.0386698991060257 41.2182416220316
2.6 -2.79865002632141 0.027403399348259 -0.00690481998026371 0.0390193983912468 38.0112219198995
2.62 1.43747997283936 0.0325116999447346 -0.00639830995351076 0.0394271016120911 39.6584757175049
2.64 3.65392994880676 0.02115279994905 -0.00608270009979606 0.0397088006138802 43.845538773075
2.66 2.87913990020752 0.010190200060606 -0.00593983987346292 0.0398541986942291 47.1448001799481
2.68 -1.30956995487213 0.0305828005075455 -0.00551798986271024 0.0402970984578133 45.6441666381608
2.7 -3.60766005516052 0.0300903990864754 -0.00508200982585549 0.0407118983566761 41.5101058505501
2.72 -2.84602999687195 0.0369009003043175 -0.00451565999537706 0.0411850996315479 38.2487724841381
2.74 1.25344002246857 0.0199186000972986 -0.00420591980218887 0.0414356999099255 39.6851202854572
2.76 3.56242990493774 0.00891922041773796 -0.00407279003411531 0.0415543988347054 43.7673877485917
2.78 2.71068000793457 -0.00776677997782826 -0.00418200995773077 0.0414438992738724 46.8735631227231
2.8 -1.4086400270462 0.00941985007375479 -0.00405130023136735 0.0415796004235744 45.2593674407005
2.82 -3.69156002998352 0.0188152007758617 -0.00377673003822565 0.0418368987739086 41.0291649103327
2.84 -2.85642004013062 0.00504093989729881 -0.00369882001541555 0.0419008992612362 37.7559709204269
2.86 1.48412001132965 0.011056600138545 -0.00352601008489728 0.0420388989150524 39.4566231369635
2.88 3.74676990509033 0.00618522986769676 -0.00343350996263325 0.0421210005879402 43.7500834643294
2.9 2.96050000190735 -0.00298124994151294 -0.00347534008324146 0.0420785993337631 47.1426247646975
2.92 -1.41983997821808 0.00878028012812138 -0.00335409003309906 0.042205598205328 45.5155951572245
2.94 -3.72062993049622 0.0165286995470524 -0.00311384000815451 0.0424325987696648 41.252044228234
2.96 -2.95226001739502 0.00272175995633006 -0.00307186995632946 0.0424672998487949 37.8690139662852
2.98 1.26163995265961 -0.00576838012784719 -0.0031620399095118 0.0423953011631966 39.3147601079023
3 3.68540000915527 -0.012164100073278 -0.00334444991312921 0.0422343984246254 43.5379172981412
3.02 2.63888001441956 0.0187558997422457 -0.00307943997904658 0.0424998998641968 46.5618162135307
3.04 -1.06490004062653 0.0408466011285782 -0.00251145008951426 0.0430869981646538 45.3415312013212
3.06 -3.43597006797791 0.0306992996484041 -0.0020651500672102 0.0435087010264397 41.404220842942
3.08 -2.84161996841431 0.00966912973672152 -0.00191651994828135 0.0436323992908001 38.147931571232
3.1 1.19061994552612 0.0124255996197462 -0.00172292999923229 0.0437881983816624 39.5123164994558
3.12 3.55518007278442 0.00953224021941423 -0.00158024998381734 0.0439147017896175 43.586216980857
3.14 2.91135001182556 0.013085599988699 -0.00139601994305849 0.0441005006432533 46.9223784847212
3.16 -1.21863996982574 0.0553728006780148 -0.000629837973974645 0.0449002012610435 45.5259087428712
3.18 -3.58734011650085 0.0394488982856274 -0.0000572540011489764 0.0454429984092712 41.4151662210869
3.2 -2.76168990135193 0.0428939983248711 0.000601526990067214 0.0459925010800362 38.2504902767143
3.22 1.36108005046844 0.0385497994720936 0.0012004500022158 0.0464779995381832 39.8101400680251
3.24 3.67320990562439 0.0170108992606401 0.00145362003240734 0.0467053018510342 44.019373917641
3.26 2.86910009384155 0.0041970401071012 0.00151227996684611 0.0467653013765812 47.3070615689656
3.28 -1.54655003547668 0.0115673998370767 0.00167175999376923 0.0469328984618187 45.5348460454002
3.3 -3.78118991851807 0.0203395001590252 0.00196747994050384 0.0472122989594936 41.2019686963341
3.32 -2.62411999702454 0.0205438006669283 0.00228360993787646 0.0474747009575367 38.1949130274379
3.34 1.33417999744415 0.00656937016174197 0.00238577998243272 0.0475573018193245 39.7237928165378
3.36 3.71356010437012 -0.00187376001849771 0.00235787010751665 0.0475323013961315 43.9792089902267
3.38 2.86134004592896 -0.0111811999231577 0.00220146006904542 0.0473725013434887 47.2580754522382
3.4 -1.41635000705719 0.00856164004653692 0.00231944001279771 0.0474965982139111 45.6350585809026
3.42 -3.71001005172729 0.0165042001754045 0.00255883997306228 0.047723799943924 41.3837097848644
3.44 -2.91807007789612 0.0207624994218349 0.00287827989086509 0.0479892008006573 38.0398130917652
3.46 1.2410900592804 0.0312121994793415 0.00336510990746319 0.0483799017965794 39.4620087411241
3.48 3.61645007133484 0.0148571999743581 0.00358754000626504 0.0485768988728523 43.6061577181389
3.5 3.00003004074097 0.00126073998399079 0.00360527005977929 0.0485948994755745 47.043959267042
3.52 -1.10663998126984 0.0356196984648705 0.00409646006301045 0.0491108000278473 45.7758321947912
3.54 -3.59327006340027 0.0283064991235733 0.00450563989579678 0.0495021007955074 41.6582150876073
3.56 -2.87460994720459 0.0255644004791975 0.00489724008366466 0.0498308017849922 38.3641651150709
3.58 0.970164000988007 0.0444530993700027 0.00558895012363791 0.0503893010318279 39.4758740251392
3.6 3.49390006065369 0.0298186000436544 0.00603576004505157 0.0507843010127544 43.4795908977239
3.62 3.18915009498596 0.0301597993820906 0.00645999982953072 0.0512131005525589 47.1340870282349
3.64 -0.796190977096558 0.0916728973388672 0.00771792978048325 0.052547000348568 46.2217650004177
3.66 -3.36031007766724 0.0662679001688957 0.00866653025150299 0.053472600877285 42.3710887614709
3.68 -3.49851989746094 0.0962970033288002 0.0101338997483253 0.0547199994325638 38.3621023979415
3.7 -0.207475006580353 0.188584998250008 0.0130962003022432 0.0570546984672546 38.1243810789738
3.72 2.79923009872437 0.0972962006926537 0.0145928002893925 0.0582984015345573 41.3320291585095
3.74 3.75435996055603 0.0614476017653942 0.0154844997450709 0.0591440983116627 45.6341979770672
3.76 1.58364999294281 0.0446389988064766 0.0160985998809338 0.0597921013832092 47.4489826546347
3.78 -1.98717999458313 0.0493326000869274 0.0167801007628441 0.060505598783493 45.1718214910139
3.8 -3.92484998703003 0.0553830005228519 0.0175912007689476 0.0612598992884159 40.6742751112479
3.82 -2.82289004325867 0.0192830990999937 0.0178906992077827 0.0615028999745846 37.4394701995722
3.84 1.42716002464294 0.0362326987087727 0.0184597000479698 0.0619516000151634 39.0748633736839
3.86 3.7199399471283 0.0139212999492884 0.0186691991984844 0.062134999781847 43.3376117554468
3.88 3.21374011039734 0.040133498609066 0.0192350000143051 0.062704399228096 47.0202960766625
3.9 -0.506727993488312 0.0884219035506248 0.0204470995813608 0.0639920011162758 46.4396036387116
3.92 -3.24673008918762 0.0647414997220039 0.0213693995028734 0.0649008974432945 42.7191586166695
3.94 -3.66936993598938 0.104385003447533 0.0229541007429361 0.0662598982453346 38.5143370692574
3.96 -0.0215418990701437 0.168369993567467 0.0255894009023905 0.0683562979102135 38.4896425203132
3.98 2.693039894104 0.0898604020476341 0.0269655007869005 0.0695123001933098 41.5756517609202
4 3.4403600692749 0.0490934997797012 0.0276772007346153 0.0701887980103493 45.5180027989069
4.02 1.54752004146576 0.0727249011397362 0.0286800991743803 0.0712421014904976 47.2913623791583
4.04 -2.08814001083374 0.0383128002285957 0.029211500659585 0.0717941969633102 44.8985183015649
4.06 -3.75794005393982 0.0525447987020016 0.0299832001328468 0.0725075006484985 40.5922274638431
4.08 -2.1286199092865 0.0764478966593742 0.031165199354291 0.0734774023294449 38.1530303074474
4.1 1.60379004478455 0.0444509983062744 0.0318554006516933 0.0740377977490425 39.9908497979908
4.12 3.59551000595093 0.0272419005632401 0.0322599001228809 0.0744026973843575 44.110990660073
4.14 2.92562007904053 0.0142502998933196 0.0324587002396584 0.0746069997549057 47.4634797311481
4.16 -1.5144100189209 0.0437011010944843 0.033059298992157 0.0752419978380203 45.7281062479657
4.18 -3.86401009559631 0.0467825010418892 0.033737801015377 0.0758861973881722 41.3002892694364
4.2 -3.20351004600525 0.018639400601387 0.0340255983173847 0.0761231034994125 37.629346043404
4.22 1.24291002750397 0.0303764007985592 0.034502100199461 0.0764999985694885 39.0536044098922
4.24 3.48431992530823 0.00719668017700315 0.0346105992794037 0.0765945017337799 43.046317847724
4.26 3.21951007843018 0.060182798653841 0.0354634001851082 0.07744400203228 46.7355933014888
4.28 -0.717527985572815 0.0960313007235527 0.0367897003889084 0.0788332000374794 45.9133990348645
4.3 -3.01766991615295 0.0949729010462761 0.0381518006324768 0.080156996846199 42.4553698807343
4.32 -2.41189002990723 0.191209003329277 0.0410346984863281 0.0826696008443832 39.6915953047903
4.34 0.274316996335983 0.164267003536224 0.0435569994151592 0.0847747027873993 40.0059171952998
4.36 2.90423989295959 0.0808840021491051 0.0447654016315937 0.0858502015471458 43.3339439438625
4.38 2.68575000762939 0.0998400971293449 0.0461805015802383 0.0872590020298958 46.4115862027362
4.4 -0.867857992649078 0.110549002885818 0.0477187000215054 0.0888471975922585 45.4170457727849
4.42 -3.05556011199951 0.125670000910759 0.0495368987321854 0.0905826017260551 41.9156449174252
4.44 -2.25578999519348 0.127400994300842 0.0514708012342453 0.0922416001558304 39.3306881090468
4.46 1.29841995239258 0.114909999072552 0.0532293990254402 0.0937210991978645 40.8186004235049
4.48 3.32301998138428 0.0686933994293213 0.0542386993765831 0.0946531966328621 44.6264786971124
4.5 2.10218000411987 0.0604136995971203 0.0550806000828743 0.0955199003219604 47.0354215305795
4.52 -1.56500005722046 0.0495022013783455 0.0557667016983032 0.0962337031960487 45.2420665715329
4.54 -3.61492991447449 0.0683112964034081 0.0567631013691425 0.0971684977412224 41.0996388021889
4.56 -1.78610002994537 0.122527003288269 0.0586382001638412 0.0987460985779762 39.0529179758806
4.58 1.55461001396179 0.0428613014519215 0.0592954009771347 0.0992965027689934 40.8343576699201
4.6 3.37143993377686 0.026103800162673 0.0596786998212337 0.099651001393795 44.6977551361961
4.62 2.00495004653931 0.048658300191164 0.0603565983474255 0.100349001586437 46.9952600182598
4.64 -1.77260994911194 0.0299637001007795 0.0607730001211166 0.100780002772808 44.9640095704216
4.66 -3.25166988372803 0.0316678993403912 0.061235498636961 0.101213000714779 41.2378340196658
4.68 -1.40592002868652 0.0919507965445518 0.0626353025436401 0.10240600258112 39.6267938850398
4.7 2.06145000457764 0.0306748002767563 0.0630996003746986 0.102807000279427 41.9890387151516
4.72 3.05498003959656 0.0276280995458364 0.0634988993406296 0.103188998997211 45.4898111931077
4.74 0.508875012397766 -0.00948932021856308 0.0633665025234222 0.103053003549576 46.072911272741
4.76 -2.2019898891449 0.0228303000330925 0.0636904016137123 0.103373996913433 43.5496037518111
4.78 -2.99105000495911 0.0528982989490032 0.0644787028431892 0.104079999029636 40.1221157885547
4.8 0.603285014629364 0.0763415992259979 0.0656402036547661 0.105071000754833 40.8134436306815
4.82 2.88034009933472 0.0808492004871368 0.0668331012129784 0.106163002550602 44.114084735767
4.84 2.47721004486084 0.0360875986516476 0.0673386976122856 0.106678001582623 46.952745505771
4.86 -0.985472023487091 0.0328202992677689 0.0677914991974831 0.107152998447418 45.8235035001033
4.88 -3.23147010803223 0.0421319007873535 0.0683979019522667 0.107738003134727 42.1204754604447
4.9 -2.79682993888855 0.0377652011811733 0.0689721032977104 0.108228996396065 38.9155799471445
4.92 1.30536997318268 0.0751606002449989 0.0701292008161545 0.109187997877598 40.4114016206615
4.94 3.63455009460449 0.0475875996053219 0.0708310008049011 0.109830997884274 44.5762870519965
4.96 2.69418001174927 0.0229263994842768 0.0711489021778107 0.110161997377872 47.6636145191133
4.98 -1.51216995716095 0.0249819997698069 0.0714908987283707 0.110526002943516 45.9307613757346
5 -3.6750500202179 0.0288949999958277 0.0719078034162521 0.110926002264023 41.7194648089894
5.02 -2.93059992790222 0.0126809999346733 0.072102002799511 0.111088998615742 38.3612417941061
5.04 1.17455005645752 0.0352866016328335 0.0726502016186714 0.111533999443054 39.7071783813817
5.06 3.56913995742798 0.0251576993614435 0.0730255991220474 0.111868999898434 43.7971229771433
5.08 2.91021990776062 0.0160422995686531 0.0732505992054939 0.112097002565861 47.1319662544976
5.1 -1.22264003753662 0.0635891035199165 0.0741271004080772 0.113018997013569 45.7309134557146
5.12 -2.10103011131287 0.0432985983788967 0.0747445002198219 0.113626003265381 43.3233434902706
5.14 -0.976098001003265 0.0274994000792503 0.0751482993364334 0.114000000059605 42.2048146363161
5.16 -0.541106998920441 0.00872102007269859 0.075278103351593 0.114115998148918 41.5847598181784
5.18 -0.274524986743927 0.0108460998162627 0.0754406973719597 0.114260002970696 41.2701510597237
5.2 -0.0948252975940704 0.00192278996109962 0.0754697024822235 0.114284999668598 41.1615169009747
5.22 -0.0574677996337414 0.000827556999865919 0.0754821002483368 0.114295996725559 41.0956260660515
5.24 0 0 0.0754821002483368 0.114295996725559 41.0956260660515
5.26 0 0 0.0754821002483368 0.114295996725559 41.0956260660515
5.28 0 0 0.0754821002483368 0.114295996725559 41.0956260660515
5.3 0 0 0.0754821002483368 0.114295996725559 41.0956260660515
5.32 0 0 0.0754821002483368 0.114295996725559 41.0956260660515
5.34 0 0 0.0754821002483368 0.114295996725559 41.0956260660515
5.36 0 0 0.0754821002483368 0.114295996725559 41.0956260660515
5.38 0 0 0.0754821002483368 0.114295996725559 41.0956260660515
5.4 0 0 0.0754821002483368 0.114295996725559 41.0956260660515
5.42 0 0 0.0754821002483368 0.114295996725559 41.0956260660515
5.44 0 0 0.0754821002483368 0.114295996725559 41.0956260660515
5.46 0 0 0.0754821002483368 0.114295996725559 41.0956260660515
5.48 0 0 0.0754821002483368 0.114295996725559 41.0956260660515
5.5 0 0 0.0754821002483368 0.114295996725559 41.0956260660515
5.52 0 0 0.0754821002483368 0.114295996725559 41.0956260660515
5.54 0 0 0.0754821002483368 0.114295996725559 41.0956260660515
5.56 0 0 0.0754821002483368 0.114295996725559 41.0956260660515
5.58 0 0 0.0754821002483368 0.114295996725559 41.0956260660515
5.6 0 0 0.0754821002483368 0.114295996725559 41.0956260660515
5.62 0 0 0.0754821002483368 0.114295996725559 41.0956260660515
5.64 0 0 0.0754821002483368 0.114295996725559 41.0956260660515
5.66 0 0 0.0754821002483368 0.114295996725559 41.0956260660515
5.68 0 0 0.0754821002483368 0.114295996725559 41.0956260660515
5.7 0 0 0.0754821002483368 0.114295996725559 41.0956260660515
5.72 0 0 0.0754821002483368 0.114295996725559 41.0956260660515
5.74 0 0 0.0754821002483368 0.114295996725559 41.0956260660515
5.76 0 0 0.0754821002483368 0.114295996725559 41.0956260660515
5.78 0 0 0.0754821002483368 0.114295996725559 41.0956260660515
5.8 0 0 0.0754821002483368 0.114295996725559 41.0956260660515
5.82 0 0 0.0754821002483368 0.114295996725559 41.0956260660515
5.84 0 0 0.0754821002483368 0.114295996725559 41.0956260660515
5.86 0 0 0.0754821002483368 0.114295996725559 41.0956260660515
5.88 0 0 0.0754821002483368 0.114295996725559 41.0956260660515
5.9 0 0 0.0754821002483368 0.114295996725559 41.0956260660515
5.92 0 0 0.0754821002483368 0.114295996725559 41.0956260660515
5.94 0 0 0.0754821002483368 0.114295996725559 41.0956260660515
5.96 0 0 0.0754821002483368 0.114295996725559 41.0956260660515
5.98 0 0 0.0754821002483368 0.114295996725559 41.0956260660515
6 0 0 0.0754821002483368 0.114295996725559 41.0956260660515
6.02 0 0 0.0754821002483368 0.114295996725559 41.0956260660515
6.04 0 0 0.0754821002483368 0.114295996725559 41.0956260660515
6.06 0 0 0.0754821002483368 0.114295996725559 41.0956260660515
6.08 0 0 0.0754821002483368 0.114295996725559 41.0956260660515
6.1 0 0 0.0754821002483368 0.114295996725559 41.0956260660515
6.12 0 0 0.0754821002483368 0.114295996725559 41.0956260660515
6.14 0 0 0.0754821002483368 0.114295996725559 41.0956260660515
6.16 0 0 0.0754821002483368 0.114295996725559 41.0956260660515
6.18 0 0 0.0754821002483368 0.114295996725559 41.0956260660515
6.2 0 0 0.0754821002483368 0.114295996725559 41.0956260660515
6.22 0 0 0.0754821002483368 0.114295996725559 41.0956260660515
6.24 0 0 0.0754821002483368 0.114295996725559 41.0956260660515
6.26 0 0 0.0754821002483368 0.114295996725559 41.0956260660515
6.28 0 0 0.0754821002483368 0.114295996725559 41.0956260660515
6.3 0 0 0.0754821002483368 0.114295996725559 41.0956260660515
6.32 0 0 0.0754821002483368 0.114295996725559 41.0956260660515
6.34 0 0 0.0754821002483368 0.114295996725559 41.0956260660515
6.36 0 0 0.0754821002483368 0.114295996725559 41.0956260660515
6.38 0 0 0.0754821002483368 0.114295996725559 41.0956260660515
6.4 0 0 0.0754821002483368 0.114295996725559 41.0956260660515
6.42 0 0 0.0754821002483368 0.114295996725559 41.0956260660515
6.44 0 0 0.0754821002483368 0.114295996725559 41.0956260660515
6.46 0 0 0.0754821002483368 0.114295996725559 41.0956260660515
