0 0 0 -0.0500000007450581 0 50.0000207435948
0.02 0 0 -0.0500000007450581 0 50.0000207435948
0.04 0 0 -0.0500000007450581 0 50.0000207435948
0.06 0 0 -0.0500000007450581 0 50.0000207435948
0.08 0 0 -0.0500000007450581 0 50.0000207435948
0.1 0 0 -0.0500000007450581 0 50.0000207435948
0.12 0 0 -0.0500000007450581 0 50.0000207435948
0.14 0 0 -0.0500000007450581 0 50.0000207435948
0.16 0 0 -0.0500000007450581 0 50.0000207435948
0.18 0 0 -0.0500000007450581 0 50.0000207435948
0.2 0 0 -0.0500000007450581 0 50.0000207435948
0.22 0 0 -0.0500000007450581 0 50.0000207435948
0.24 0 0 -0.0500000007450581 0 50.0000207435948
0.26 0 0 -0.0500000007450581 0 50.0000207435948
0.28 0 0 -0.0500000007450581 0 50.0000207435948
0.3 0 0 -0.0500000007450581 0 50.0000207435948
0.32 0 0 -0.0500000007450581 0 50.0000207435948
0.34 0 0 -0.0500000007450581 0 50.0000207435948
0.36 0 0 -0.0500000007450581 0 50.0000207435948
0.38 0 0 -0.0500000007450581 0 50.0000207435948
0.4 0 0 -0.0500000007450581 0 50.0000207435948
0.42 0 0 -0.0500000007450581 0 50.0000207435948
0.44 0 0 -0.0500000007450581 0 50.0000207435948
0.46 0 0 -0.0500000007450581 0 50.0000207435948
0.48 0 0 -0.0500000007450581 0 50.0000207435948
0.5 0 0 -0.0500000007450581 0 50.0000207435948
0.52 0 0 -0.0500000007450581 0 50.0000207435948
0.54 0 0 -0.0500000007450581 0 50.0000207435948
0.56 0 0 -0.0500000007450581 0 50.0000207435948
0.58 0 0 -0.0500000007450581 0 50.0000207435948
0.6 0 0 -0.0500000007450581 0 50.0000207435948
0.62 0 0 -0.0500000007450581 0 50.0000207435948
0.64 0 0 -0.0500000007450581 0 50.0000207435948
0.66 0 0 -0.0500000007450581 0 50.0000207435948
0.68 0 0 -0.0500000007450581 0 50.0000207435948
0.7 0 0 -0.0500000007450581 0 50.0000207435948
0.72 0 0 -0.0500000007450581 0 50.0000207435948
0.74 0 0 -0.0500000007450581 0 50.0000207435948
0.76 0 0 -0.0500000007450581 0 50.0000207435948
0.78 0 0 -0.0500000007450581 0 50.0000207435948
0.8 0 0 -0.0500000007450581 0 50.0000207435948
0.82 0 0 -0.0500000007450581 0 50.0000207435948
0.84 0 0 -0.0500000007450581 0 50.0000207435948
0.86 0 0 -0.0500000007450581 0 50.0000207435948
0.88 0 0 -0.0500000007450581 0 50.0000207435948
0.9 0 0 -0.0500000007450581 0 50.0000207435948
0.92 0 0 -0.0500000007450581 0 50.0000207435948
0.94 0 0 -0.0500000007450581 0 50.0000207435948
0.96 0 0 -0.0500000007450581 0 50.0000207435948
0.98 0 0 -0.0500000007450581 0 50.0000207435948
1 0 0 -0.0500000007450581 0 50.0000207435948
1.02 0 0 -0.0500000007450581 0 50.0000207435948
1.04 0 0 -0.0500000007450581 0 50.0000207435948
1.06 0 0 -0.0500000007450581 0 50.0000207435948
1.08 0 0 -0.0500000007450581 0 50.0000207435948
1.1 0 0 -0.0500000007450581 0 50.0000207435948
1.12 0 0 -0.0500000007450581 0 50.0000207435948
1.14 0 0 -0.0500000007450581 0 50.0000207435948
1.16 0 0 -0.0500000007450581 0 50.0000207435948
1.18 0 0 -0.0500000007450581 0 50.0000207435948
1.2 0 0 -0.0500000007450581 0 50.0000207435948
1.22 0 0 -0.0500000007450581 0 50.0000207435948
1.24 0 0 -0.0500000007450581 0 50.0000207435948
1.26 0 0 -0.0500000007450581 0 50.0000207435948
1.28 0 0 -0.0500000007450581 0 50.0000207435948
1.3 0 0 -0.0500000007450581 0 50.0000207435948
1.32 0 0 -0.0500000007450581 0 50.0000207435948
1.34 0 0 -0.0500000007450581 0 50.0000207435948
1.36 0 0 -0.0500000007450581 0 50.0000207435948
1.38 0 0 -0.0500000007450581 0 50.0000207435948
1.4 0 0 -0.0500000007450581 0 50.0000207435948
1.42 0 0 -0.0500000007450581 0 50.0000207435948
1.44 0 0 -0.0500000007450581 0 50.0000207435948
1.46 0 0 -0.0500000007450581 0 50.0000207435948
1.48 0 0 -0.0500000007450581 0 50.0000207435948
1.5 0 0 -0.0500000007450581 0 50.0000207435948
1.52 0 0 -0.0500000007450581 0 50.0000207435948
1.54 0 0 -0.0500000007450581 0 50.0000207435948
1.56 0 0 -0.0500000007450581 0 50.0000207435948
1.58 0 0 -0.0500000007450581 0 50.0000207435948
1.6 0 0 -0.0500000007450581 0 50.0000207435948
1.62 0 0 -0.0500000007450581 0 50.0000207435948
1.64 0 0 -0.0500000007450581 0 50.0000207435948
1.66 0 0 -0.0500000007450581 0 50.0000207435948
1.68 0 0 -0.0500000007450581 0 50.0000207435948
1.7 0 0 -0.0500000007450581 0 50.0000207435948
1.72 0 0 -0.0500000007450581 0 50.0000207435948
1.74 0 0 -0.0500000007450581 0 50.0000207435948
1.76 0 0 -0.0500000007450581 0 50.0000207435948
1.78 0 0 -0.0500000007450581 0 50.0000207435948
1.8 0 0 -0.0500000007450581 0 50.0000207435948
1.82 0 0 -0.0500000007450581 0 50.0000207435948
1.84 0 0 -0.0500000007450581 0 50.0000207435948
1.86 0 0 -0.0500000007450581 0 50.0000207435948
1.88 0 0 -0.0500000007450581 0 50.0000207435948
1.9 0 0 -0.0500000007450581 0 50.0000207435948
1.92 0 0 -0.0500000007450581 0 50.0000207435948
1.94 0 0 -0.0500000007450581 0 50.0000207435948
1.96 0 0 -0.0500000007450581 0 50.0000207435948
1.98 0 0 -0.0500000007450581 0 50.0000207435948
2 0 0 -0.0500000007450581 0 50.0000207435948
2.02 0 0 -0.0500000007450581 0 50.0000207435948
2.04 0 0 -0.0500000007450581 0 50.0000207435948
2.06 0 0 -0.0500000007450581 0 50.0000207435948
2.08 0 0 -0.0500000007450581 0 50.0000207435948
2.1 0 0 -0.0500000007450581 0 50.0000207435948
2.12 0 0 -0.0500000007450581 0 50.0000207435948
2.14 0 0 -0.0500000007450581 0 50.0000207435948
2.16 0 0 -0.0500000007450581 0 50.0000207435948
2.18 0 0 -0.0500000007450581 0 50.0000207435948
2.2 0 0 -0.0500000007450581 0 50.0000207435948
2.22 0 0 -0.0500000007450581 0 50.0000207435948
2.24 0 0 -0.0500000007450581 0 50.0000207435948
2.26 0 0 -0.0500000007450581 0 50.0000207435948
2.28 0 0 -0.0500000007450581 0 50.0000207435948
2.3 0 0 -0.0500000007450581 0 50.0000207435948
2.32 0 0 -0.0500000007450581 0 50.0000207435948
2.34 0 0 -0.0500000007450581 0 50.0000207435948
2.36 -0.767791986465454 0.0116633996367455 -0.0498487018048763 0.000177537993295118 49.1201865105648
2.38 -2.35329008102417 0.0237886998802423 -0.0495289005339146 0.000529835990164429 46.4235048828379
2.4 -2.9448299407959 0.0139437997713685 -0.0493308007717133 0.000726122001651675 43.0489543007436
2.42 -2.81984996795654 0.0184617005288601 -0.0490540005266666 0.000970460998360068 39.8177010874363
2.44 -2.54434990882874 0.0711188018321991 -0.0479387007653713 0.0018531900132075 36.902033349635
2.46 -1.95571005344391 0.159164994955063 -0.0453561991453171 0.00371444993652403 34.6609663206831
2.48 -1.71043002605438 0.191153004765511 -0.0421749018132687 0.00583459995687008 32.7009923119285
2.5 -1.41752994060516 0.223818004131317 -0.0383740998804569 0.00819933973252773 31.0765991574751
2.52 -0.8785480260849 0.253426998853683 -0.0340102016925812 0.0107773998752236 30.0698565945716
2.54 -0.311605006456375 0.279579013586044 -0.0291625000536442 0.0135639999061823 29.7127879651416
2.56 0.131651997566223 0.294537007808685 -0.0240500997751951 0.016490500420332 29.8636497684343
2.58 0.484008997678757 0.291693985462189 -0.0190050005912781 0.0194198992103338 30.4182713743233
2.6 0.793673992156982 0.289952993392944 -0.0140276001766324 0.0223955996334553 31.3277861943916
2.62 0.93079799413681 0.294627010822296 -0.00902291014790535 0.0255059991031885 32.3944021955595
2.64 1.02285003662109 0.304518014192581 -0.00391395995393395 0.0288213007152081 33.566503638269
2.66 1.04506003856659 0.314069002866745 0.0012833799701184 0.0323488004505634 34.7640407054477
2.68 1.02872002124786 0.320661008358002 0.00651398999616504 0.0360595993697643 35.9428459788277
2.7 0.991105973720551 0.331918001174927 0.0118495002388954 0.0400093011558056 37.0785630038286
2.72 0.835741996765137 0.340795993804932 0.0172527991235256 0.0441639982163906 38.0362613933968
2.74 0.682918012142181 0.353156000375748 0.0227860007435083 0.0485538989305496 38.8188644684971
2.76 0.525498986244202 0.361541986465454 0.0283959005028009 0.0531161986291409 39.4209866249689
2.78 0.392901003360748 0.369195014238358 0.0340815000236034 0.0578273981809616 39.8712736761913
2.8 0.265150994062424 0.375245004892349 0.0398286990821362 0.0626538023352623 40.1751146414195
2.82 0.151416003704071 0.378019988536835 0.0455980002880096 0.0675399005413055 40.3486048614324
2.84 0.113273002207279 0.385518997907639 0.0514685995876789 0.0725385993719101 40.4783784556627
2.86 0.0351870991289616 0.384970992803574 0.0573233999311924 0.0775388032197952 40.5187141378062
2.88 0.0172704998403788 0.386361002922058 0.0631966963410378 0.0825600996613503 40.5384841203588
2.9 0.0459464006125927 0.389744997024536 0.0691182017326355 0.0876291990280151 40.5911380486705
2.92 0.0534505993127823 0.396355003118515 0.0751350969076157 0.0927902981638908 40.6523877700526
2.94 0.0782475993037224 0.397457987070084 0.0811619013547897 0.0979736000299454 40.7420544934765
2.96 0.0619239993393421 0.397064000368118 0.0871753990650177 0.103160001337528 40.8130440646151
2.98 0.0769314020872116 0.39724799990654 0.0931845009326935 0.1083580031991 40.9012218068
3 0.087228998541832 0.399675011634827 0.0992218032479286 0.113596998155117 41.0011474743573
3.02 0.151023000478745 0.400025010108948 0.105251997709274 0.118854999542236 41.1742381283038
3.04 0.134214997291565 0.397605001926422 0.111230000853539 0.124098002910614 41.3280198374667
3.06 0.14818300306797 0.398932009935379 0.117214001715183 0.129375994205475 41.4978422458954
3.08 0.188126996159554 0.395841985940933 0.1231340020895 0.134633004665375 41.7133893557227
3.1 0.197084993124008 0.396201997995377 0.129038006067276 0.139917001128197 41.9392500511967
3.12 0.187065005302429 0.395976990461349 0.134920001029968 0.145220994949341 42.1535950477301
3.14 0.215786993503571 0.396548986434937 0.1407880038023 0.150555998086929 42.4008820466305
3.16 0.146475002169609 0.396331995725632 0.146632999181747 0.15591000020504 42.5687032096324
3.18 0.164415001869202 0.402083992958069 0.152547001838684 0.161358997225761 42.7571481288331
3.2 0.148390993475914 0.400278002023697 0.158417001366615 0.166803002357483 42.9271447070856
3.22 0.137262001633644 0.402105003595352 0.164297997951508 0.172288000583649 43.0844781146169
3.24 0.113412000238895 0.405319005250931 0.170212000608444 0.177832007408142 43.214425878671
3.26 0.10385300219059 0.403483986854553 0.176087006926537 0.183364003896713 43.3334282645802
3.28 0.0361339002847672 0.404114991426468 0.181963995099068 0.188913002610207 43.3748533618963
3.3 0.0351180993020535 0.400784999132156 0.187788993120193 0.194419994950294 43.4150763459185
3.32 0.0439607985317707 0.403438985347748 0.193646997213364 0.199967995285988 43.4654387457636
3.34 0.0153539003804326 0.399554997682571 0.199445992708206 0.205466002225876 43.4830264828764
3.36 0.024889700114727 0.400963008403778 0.205264002084732 0.210986003279686 43.5115595981342
3.38 0.0233888998627663 0.403988987207413 0.211122006177902 0.21654999256134 43.5383749208156
3.4 0.0299462992697954 0.400319010019302 0.216923996806145 0.22206699848175 43.572696621395
3.42 0.0396203994750977 0.399731993675232 0.222714006900787 0.2275799959898 43.618072983146
3.44 0.0992814972996712 0.400148987770081 0.228502005338669 0.233106002211571 43.7318639347184
3.46 0.0827269032597542 0.400976985692978 0.23429299890995 0.238655000925064 43.8266293943578
3.48 0.0760310962796211 0.401811003684998 0.240086004137993 0.24422399699688 43.913775777978
3.5 0.0473319999873638 0.400031000375748 0.245847001671791 0.249776005744934 43.9680348007446
3.52 0.0499639995396137 0.395898997783661 0.251542985439301 0.255275994539261 44.0252752010839
3.54 0.0378886982798576 0.397666990756989 0.257259994745255 0.260805010795593 44.0687049589214
3.56 0.0424601994454861 0.400364011526108 0.263011008501053 0.266377002000809 44.1173495661903
3.58 0.0481632016599178 0.397978991270065 0.268721997737885 0.271921008825302 44.1725238343057
3.6 0.0390894003212452 0.397175997495651 0.274417012929916 0.277458012104034 44.217329875261
3.62 0.0377500988543034 0.397453993558884 0.280113011598587 0.283003985881805 44.2605888783693
3.64 0.0436609014868736 0.396890014410019 0.285795003175735 0.288545995950699 44.3106063536613
3.66 0.0579295009374619 0.396701991558075 0.291469007730484 0.294091999530792 44.3770128678667
3.68 0.0585759989917278 0.397482991218567 0.297147989273071 0.299654990434647 44.4441058160838
3.7 0.0510260984301567 0.397913992404938 0.302827000617981 0.305229991674423 44.502606386325
3.72 0.0215878002345562 0.397940009832382 0.308501988649368 0.310809999704361 44.5273589918771
3.74 0.00480255018919706 0.399123996496201 0.314191997051239 0.316408008337021 44.532857294159
3.76 0.0236198008060455 0.39785099029541 0.319862991571426 0.321990013122559 44.5599014281776
3.78 0.0316314995288849 0.397215008735657 0.325522005558014 0.327565997838974 44.5961697326704
3.8 0.00309371994808316 0.393202006816864 0.331120997667313 0.333086997270584 44.5997214310388
3.82 -0.0162314996123314 0.395366013050079 0.336753010749817 0.338638991117477 44.5811023353614
3.84 -0.0195790994912386 0.402114987373352 0.342482000589371 0.344283014535904 44.5586412582758
3.86 -0.0233657006174326 0.400406986474991 0.348188996315002 0.349900007247925 44.5318839922022
3.88 -0.0399896986782551 0.394591003656387 0.353816986083984 0.355432003736496 44.4860465926823
3.9 -0.0052179298363626 0.399491012096405 0.359517991542816 0.361030995845795 44.4800872526314
3.92 -0.0164622999727726 0.403506994247437 0.365276992321014 0.36668398976326 44.4612393456168
3.94 0.0147765995934606 0.40276899933815 0.371024996042252 0.372326999902725 44.478140648718
3.96 0.0283760000020266 0.400563985109329 0.376740008592606 0.377941995859146 44.5106830850185
3.98 0.0386966988444328 0.406221985816956 0.382530987262726 0.383639991283417 44.5550315032994
4 0.0788019001483917 0.404177010059357 0.388287007808685 0.389315992593765 44.6453300192216
4.02 0.0454384014010429 0.399024993181229 0.393961995840073 0.394926011562347 44.6973555701296
4.04 0.0447691008448601 0.400694996118546 0.399655997753143 0.400566011667252 44.7486912719314
4.06 0.0182863008230925 0.404453009366989 0.405400007963181 0.406260997056961 44.76960531117
4.08 0.0080579100176692 0.403093993663788 0.411123007535934 0.41193899512291 44.7788875382521
4.1 -0.00357880000956357 0.399673014879227 0.416797012090683 0.417569994926453 44.7747621039934
4.12 -0.00531037012115121 0.405077993869781 0.42254900932312 0.423274993896484 44.7686866507267
4.14 -0.0144998002797365 0.404408007860184 0.428292006254196 0.428970992565155 44.7520722155706
4.16 0.0149384997785091 0.400853991508484 0.433984011411667 0.43461599946022 44.769202330009
4.18 0.0411903001368046 0.402446001768112 0.43969601392746 0.440286993980408 44.8163579560388
4.2 0.0294151995331049 0.404502004384995 0.445432990789413 0.445989996194839 44.8501059207278
4.22 0.0443303994834423 0.400124996900558 0.451103985309601 0.451636999845505 44.9008678866394
4.24 0.0266673993319273 0.401282995939255 0.456788003444672 0.457302987575531 44.9314637190265
4.26 0.00544894021004438 0.403124004602432 0.462494999170303 0.462998002767563 44.9377099270224
4.28 -0.021356999874115 0.402521997690201 0.468194991350174 0.468683004379272 44.9132441894154
4.3 0.00297855003736913 0.401609987020493 0.473883002996445 0.47435399889946 44.9166251330546
4.32 -0.00942039955407381 0.403562009334564 0.479598999023438 0.480053007602692 44.9058539247335
4.34 -0.0295998007059097 0.40311199426651 0.48531100153923 0.485742002725601 44.8719352053152
4.36 -0.0315852016210556 0.404264986515045 0.491043001413345 0.491445004940033 44.8357249574304
4.38 -0.0247511006891727 0.403317004442215 0.496764004230499 0.497130990028381 44.8073625969019
4.4 -0.024728000164032 0.403748005628586 0.502494990825653 0.502820014953613 44.7790002363734
4.42 -0.00641860999166965 0.399217993021011 0.508162975311279 0.508444011211395 44.7716680282994
4.44 -0.00240136007778347 0.398948013782501 0.51382702589035 0.514063000679016 44.7689154620639
4.46 0.0000922692997846752 0.403214007616043 0.519551992416382 0.519742012023926 44.7690315752797
4.48 0.028583999723196 0.403598994016647 0.525281012058258 0.525429010391235 44.8018062380121
4.5 0.0439607985317707 0.399275004863739 0.530945003032684 0.531058013439178 44.8521686378572
4.52 0.0682964995503426 0.404338002204895 0.536674022674561 0.536765992641449 44.9304323604618
4.54 0.0584375001490116 0.402056008577347 0.542364001274109 0.542447984218597 44.9973545539496
4.56 0.0365726985037327 0.402687013149261 0.548057019710541 0.548144996166229 45.0392953305481
4.58 0.0382118001580238 0.402570992708206 0.55374401807785 0.553843975067139 45.0830700129387
4.6 -0.00898160971701145 0.400029003620148 0.559392988681793 0.559508979320526 45.072756427292
4.62 -0.00574915017932653 0.400220990180969 0.565046012401581 0.565176010131836 45.0662233513509
4.64 0.00851976033300161 0.400710999965668 0.570706009864807 0.570850014686584 45.0759632011073
4.66 -0.0394584015011787 0.399325996637344 0.576348006725311 0.576502025127411 45.0307575940855
4.68 -0.0160927008837461 0.399645000696182 0.581997990608215 0.582156002521515 45.0123092531373
4.7 -0.018240200355649 0.396782010793686 0.587608993053436 0.587768018245697 44.9913952138987
4.72 -0.00833505019545555 0.399592012166977 0.593262016773224 0.59341698884964 44.9818295339661
4.74 -0.0000459662987850606 0.395482003688812 0.598855972290039 0.599008977413177 44.9817714773582
4.76 0.0251899007707834 0.397715985774994 0.604480981826782 0.604632973670959 45.0106461020744
4.78 0.0120986001566052 0.398126006126404 0.610109984874725 0.610265016555786 45.0245148011842
4.8 -0.000669625995215029 0.399554997682571 0.615758001804352 0.615917980670929 45.02376689547
4.82 0.00415581976994872 0.398703008890152 0.621393978595734 0.621559023857117 45.0285241222269
4.84 0.0104361996054649 0.40004700422287 0.627048015594482 0.627219974994659 45.040497443842
4.86 -0.011913700029254 0.400730013847351 0.632712006568909 0.632889986038208 45.0268063296507
4.88 -0.0298073999583721 0.39725399017334 0.638329029083252 0.638508975505829 44.9926553838006
4.9 -0.0203181002289057 0.398853987455368 0.643971979618073 0.644147992134094 44.9693951745821
4.92 -0.0518110990524292 0.393325001001358 0.64954000711441 0.649704992771149 44.9100374156001
4.94 -0.0587840005755425 0.386254996061325 0.655013978481293 0.655155003070831 44.8426575994379
4.96 -0.00253960001282394 0.38816300034523 0.660519003868103 0.660629987716675 44.8397342784732
4.98 -0.0187250003218651 0.396028012037277 0.666136026382446 0.666213989257813 44.8183045599522
5 0.0145690999925137 0.399645000696182 0.671805024147034 0.671847999095917 44.8349804668108
5.02 0.0143381003290415 0.396077007055283 0.677421987056732 0.677434027194977 44.8514241472376
5.04 0.0146842999383807 0.397839993238449 0.683062016963959 0.683046996593475 44.8682093371229
5.06 0.0471241995692253 0.402292996644974 0.688762009143829 0.688726007938385 44.9222395485523
5.08 0.037772998213768 0.402891993522644 0.694464981555939 0.694418013095856 44.9654985516606
5.1 0.0283068008720875 0.399978011846542 0.700123012065887 0.700073003768921 44.9979863464478
5.12 0.0135992998257279 0.401446998119354 0.705799996852875 0.705751001834869 45.0135694230392
5.14 -0.0154232997447252 0.402952998876572 0.711498022079468 0.711449980735779 44.9958655727105
5.16 -0.0035557399969548 0.397493004798889 0.717119991779327 0.717069983482361 44.9917981950598
5.18 -0.00122374994680285 0.398288011550903 0.722754001617432 0.722702026367188 44.9903638553341
5.2 0.0153769999742508 0.40250700712204 0.728446006774902 0.728393971920013 45.0080130641494
5.22 -0.00847345963120461 0.400887012481689 0.73411500453949 0.734063982963562 44.9983278559063
5.24 0.0122600002214313 0.400633990764618 0.739780008792877 0.739730000495911 45.0123673097453
5.26 0.0373113006353378 0.396564990282059 0.745384991168976 0.745342016220093 45.0551106335712
5.28 0.0220266003161669 0.398710995912552 0.751016974449158 0.750986993312836 45.0803755033111
5.3 0.0265750996768475 0.400481998920441 0.756672024726868 0.756659984588623 45.1108005809689
5.32 0.024728000164032 0.402060002088547 0.762345016002655 0.762359023094177 45.1391629414974
5.34 0.00491805979982018 0.400229007005692 0.767991006374359 0.768033027648926 45.1447773569952
5.36 -0.0115906000137329 0.400557994842529 0.773642003536224 0.773711025714874 45.1314858088703
5.38 -0.0223267991095781 0.404879987239838 0.779356002807617 0.779448986053467 45.1059306560907
5.4 -0.0130911003798246 0.402334004640579 0.785036027431488 0.785148978233337 45.090917900295
5.42 -0.00888901017606258 0.39910501241684 0.79067200422287 0.790800988674164 45.0807204278642
5.44 -0.0384657010436058 0.400590986013412 0.796330988407135 0.796472012996674 45.0366588775284
5.46 -0.0479089990258217 0.398119986057281 0.801961004734039 0.802103996276855 44.9817134207503
5.48 -0.0305233001708984 0.392625987529755 0.807516992092133 0.80765300989151 44.9467633427673
5.5 -0.0107824001461267 0.395749986171722 0.813118994235992 0.813243985176086 44.9343870399912
5.52 -0.0326475016772747 0.392814010381699 0.81868302822113 0.818790972232819 44.8969712637179
5.54 -0.00884304009377956 0.393824994564056 0.824262976646423 0.824349999427795 44.886831847895
5.56 0.00159315997734666 0.396845012903214 0.829886019229889 0.829950988292694 44.8886657536871
5.58 0.00406371988356113 0.398510992527008 0.835533022880554 0.835575997829437 44.8933615087415
5.6 0.0484630987048149 0.401214003562927 0.841214001178741 0.841242015361786 44.9488841165046
5.62 0.0344482995569706 0.400092005729675 0.84687602519989 0.846897006034851 44.9883591948127
5.64 0.0181478001177311 0.401419997215271 0.852553009986877 0.852573990821838 45.0091571208354
5.66 -0.00247055990621448 0.400397002696991 0.858214020729065 0.858237028121948 45.0062918564786
5.68 0.0182169992476702 0.402137994766235 0.863900005817413 0.863925993442535 45.0272058957171
5.7 -0.0136684998869896 0.400880992412567 0.869566977024078 0.869597017765045 45.0115067059099
5.72 -0.0237351004034281 0.401955991983414 0.87525200843811 0.875280976295471 44.9843498737699
5.74 -0.00764252990484238 0.400507003068924 0.880918025970459 0.88094300031662 44.9755833259702
5.76 -0.0281681008636951 0.401122003793716 0.886595010757446 0.886611998081207 44.9433243425202
5.78 -0.00925858970731497 0.401181012392044 0.892274022102356 0.892279982566834 44.932669247415
5.8 0.0146613996475935 0.398602992296219 0.897916972637177 0.897911012172699 44.9495124939082
5.82 0.0253513008356094 0.399809986352921 0.903575003147125 0.903560996055603 44.9785612884483
5.84 0.016185199841857 0.39936301112175 0.909223973751068 0.909207999706268 44.9970676860044
5.86 0.00985884014517069 0.399464994668961 0.914873003959656 0.914857983589172 45.0084126302158
5.88 0.0449997000396252 0.401933014392853 0.920553982257843 0.920544981956482 45.0599225018415
5.9 0.0379116013646126 0.401670008897781 0.926226019859314 0.926234006881714 45.103410316287
5.92 0.00685722986236215 0.400608986616135 0.931881010532379 0.93190997838974 45.1112582036433
5.94 -0.0244971998035908 0.398634999990463 0.937509000301361 0.937556982040405 45.08318271106
5.96 -0.000761894974857569 0.400523006916046 0.943165004253387 0.943229019641876 45.0823255223192
5.98 -0.0438224002718925 0.398775994777679 0.948799014091492 0.94887501001358 45.0320758205954
6 -0.0431990996003151 0.399403989315033 0.954446971416473 0.954523980617523 44.9825740245857
6.02 -0.0415366999804974 0.399917989969254 0.960106015205383 0.960174977779388 44.9350188324894
6.04 -0.0480707995593548 0.395857989788055 0.965713977813721 0.965764999389648 44.8798992058874
6.06 -0.0171780996024609 0.397157996892929 0.971342980861664 0.971369028091431 44.8602453365507
6.08 -0.0132068004459143 0.400712996721268 0.977024972438812 0.977020978927612 44.8450618260258
6.1 -0.00399434985592961 0.398811012506485 0.982680022716522 0.982644975185394 44.8405368257006
6.12 0.0280987005680799 0.396566987037659 0.988301992416382 0.988240003585815 44.8727377525427
6.14 0.0115903997793794 0.348897993564606 0.993246972560883 0.993162989616394 44.8859712440596
6.16 -0.0891916006803513 0.2690210044384 0.997062981128693 0.996957004070282 44.7837574631303
6.18 -0.0505411997437477 0.217409998178482 1.00014996528625 1.00002002716064 44.7258886853873
6.2 -0.0238505993038416 0.181226998567581 1.00273001194 1.00257003307343 44.6985576834235
6.22 -0.0463159009814262 0.137775003910065 1.0046900510788 1.00451004505157 44.6454427173429
6.24 -0.0494330003857613 0.0996970981359482 1.0061000585556 1.00591003894806 44.5888375245964
6.26 -0.053819801658392 0.0699499994516373 1.00709998607636 1.00689005851746 44.5271301805399
6.28 -0.0169009007513523 0.0487992987036705 1.0077999830246 1.00757002830505 44.5077631791483
6.3 -0.0400820001959801 0.027131600305438 1.00818002223969 1.00794994831085 44.4618677230204
6.32 0.0295534990727901 0.0139316003769636 1.00838005542755 1.00814998149872 44.4957318009254
6.34 0.0320008993148804 0.00914194993674755 1.00850999355316 1.00828003883362 44.5323996714846
6.36 0.04130569845438 0.00365555007010698 1.00856995582581 1.00832998752594 44.5797260522436
6.38 0 0 1.00856995582581 1.00832998752594 44.5797260522436
6.4 0 0 1.00856995582581 1.00832998752594 44.5797260522436
6.42 0 0 1.00856995582581 1.00832998752594 44.5797260522436
6.44 0 0 1.00856995582581 1.00832998752594 44.5797260522436
6.46 0 0 1.00856995582581 1.00832998752594 44.5797260522436
6.48 0 0 1.00856995582581 1.00832998752594 44.5797260522436
6.5 0 0 1.00856995582581 1.00832998752594 44.5797260522436
6.52 0 0 1.00856995582581 1.00832998752594 44.5797260522436
6.54 0 0 1.00856995582581 1.00832998752594 44.5797260522436
6.56 0 0 1.00856995582581 1.00832998752594 44.5797260522436
6.58 0 0 1.00856995582581 1.00832998752594 44.5797260522436
6.6 0 0 1.00856995582581 1.00832998752594 44.5797260522436
6.62 0 0 1.00856995582581 1.00832998752594 44.5797260522436
6.64 0 0 1.00856995582581 1.00832998752594 44.5797260522436
6.66 0 0 1.00856995582581 1.00832998752594 44.5797260522436
6.68 0 0 1.00856995582581 1.00832998752594 44.5797260522436
6.7 0 0 1.00856995582581 1.00832998752594 44.5797260522436
6.72 0 0 1.00856995582581 1.00832998752594 44.5797260522436
6.74 0 0 1.00856995582581 1.00832998752594 44.5797260522436
6.76 0 0 1.00856995582581 1.00832998752594 44.5797260522436
6.78 0 0 1.00856995582581 1.00832998752594 44.5797260522436
6.8 0 0 1.00856995582581 1.00832998752594 44.5797260522436
6.82 0 0 1.00856995582581 1.00832998752594 44.5797260522436
6.84 0 0 1.00856995582581 1.00832998752594 44.5797260522436
6.86 0 0 1.00856995582581 1.00832998752594 44.5797260522436
6.88 0 0 1.00856995582581 1.00832998752594 44.5797260522436
6.9 0 0 1.00856995582581 1.00832998752594 44.5797260522436
6.92 0 0 1.00856995582581 1.00832998752594 44.5797260522436
6.94 0 0 1.00856995582581 1.00832998752594 44.5797260522436
6.96 0 0 1.00856995582581 1.00832998752594 44.5797260522436
6.98 0 0 1.00856995582581 1.00832998752594 44.5797260522436
7 0 0 1.00856995582581 1.00832998752594 44.5797260522436
7.02 0 0 1.00856995582581 1.00832998752594 44.5797260522436
7.04 0 0 1.00856995582581 1.00832998752594 44.5797260522436
7.06 0 0 1.00856995582581 1.00832998752594 44.5797260522436
7.08 0 0 1.00856995582581 1.00832998752594 44.5797260522436
7.1 0 0 1.00856995582581 1.00832998752594 44.5797260522436
7.12 0 0 1.00856995582581 1.00832998752594 44.5797260522436
7.14 0 0 1.00856995582581 1.00832998752594 44.5797260522436
7.16 0 0 1.00856995582581 1.00832998752594 44.5797260522436
7.18 0 0 1.00856995582581 1.00832998752594 44.5797260522436
7.2 0 0 1.00856995582581 1.00832998752594 44.5797260522436
7.22 0 0 1.00856995582581 1.00832998752594 44.5797260522436
7.24 0 0 1.00856995582581 1.00832998752594 44.5797260522436
7.26 0 0 1.00856995582581 1.00832998752594 44.5797260522436
7.28 0 0 1.00856995582581 1.00832998752594 44.5797260522436
7.3 0 0 1.00856995582581 1.00832998752594 44.5797260522436
7.32 0 0 1.00856995582581 1.00832998752594 44.5797260522436
7.34 0 0 1.00856995582581 1.00832998752594 44.5797260522436
7.36 0 0 1.00856995582581 1.00832998752594 44.5797260522436
7.38 0 0 1.00856995582581 1.00832998752594 44.5797260522436
7.4 0 0 1.00856995582581 1.00832998752594 44.5797260522436
7.42 0 0 1.00856995582581 1.00832998752594 44.5797260522436
7.44 0 0 1.00856995582581 1.00832998752594 44.5797260522436
7.46 0 0 1.00856995582581 1.00832998752594 44.5797260522436
7.48 0 0 1.00856995582581 1.00832998752594 44.5797260522436
7.5 0 0 1.00856995582581 1.00832998752594 44.5797260522436
7.52 0 0 1.00856995582581 1.00832998752594 44.5797260522436
7.54 0 0 1.00856995582581 1.00832998752594 44.5797260522436
7.56 0 0 1.00856995582581 1.00832998752594 44.5797260522436
7.58 0 0 1.00856995582581 1.00832998752594 44.5797260522436
7.6 0 0 1.00856995582581 1.00832998752594 44.5797260522436
7.62 0 0 1.00856995582581 1.00832998752594 44.5797260522436
7.64 0 0 1.00856995582581 1.00832998752594 44.5797260522436
7.66 0 0 1.00856995582581 1.00832998752594 44.5797260522436
7.68 0 0 1.00856995582581 1.00832998752594 44.5797260522436
7.7 0 0 1.00856995582581 1.00832998752594 44.5797260522436
7.72 0 0 1.00856995582581 1.00832998752594 44.5797260522436
7.74 0 0 1.00856995582581 1.00832998752594 44.5797260522436
7.76 0 0 1.00856995582581 1.00832998752594 44.5797260522436
7.78 0 0 1.00856995582581 1.00832998752594 44.5797260522436
7.8 0 0 1.00856995582581 1.00832998752594 44.5797260522436
7.82 0 0 1.00856995582581 1.00832998752594 44.5797260522436
7.84 0 0 1.00856995582581 1.00832998752594 44.5797260522436
7.86 0 0 1.00856995582581 1.00832998752594 44.5797260522436
7.88 0 0 1.00856995582581 1.00832998752594 44.5797260522436
7.9 0 0 1.00856995582581 1.00832998752594 44.5797260522436
7.92 0 0 1.00856995582581 1.00832998752594 44.5797260522436
7.94 0 0 1.00856995582581 1.00832998752594 44.5797260522436
7.96 0 0 1.00856995582581 1.00832998752594 44.5797260522436
7.98 0 0 1.00856995582581 1.00832998752594 44.5797260522436
8 0 0 1.00856995582581 1.00832998752594 44.5797260522436
8.02 0 0 1.00856995582581 1.00832998752594 44.5797260522436
8.04 0 0 1.00856995582581 1.00832998752594 44.5797260522436
8.06 0 0 1.00856995582581 1.00832998752594 44.5797260522436
8.08 0 0 1.00856995582581 1.00832998752594 44.5797260522436
8.1 0 0 1.00856995582581 1.00832998752594 44.5797260522436
8.12 0 0 1.00856995582581 1.00832998752594 44.5797260522436
8.14 0 0 1.00856995582581 1.00832998752594 44.5797260522436
8.16 0 0 1.00856995582581 1.00832998752594 44.5797260522436
8.18 0 0 1.00856995582581 1.00832998752594 44.5797260522436
8.2 0 0 1.00856995582581 1.00832998752594 44.5797260522436
8.22 0 0 1.00856995582581 1.00832998752594 44.5797260522436
8.24 0 0 1.00856995582581 1.00832998752594 44.5797260522436
8.26 0 0 1.00856995582581 1.00832998752594 44.5797260522436
8.28 0 0 1.00856995582581 1.00832998752594 44.5797260522436
8.3 0 0 1.00856995582581 1.00832998752594 44.5797260522436
8.32 0 0 1.00856995582581 1.00832998752594 44.5797260522436
