0 0 0 -0.0500000007450581 0 40.0000159118569
0.02 0 0 -0.0500000007450581 0 40.0000159118569
0.04 0 0 -0.0500000007450581 0 40.0000159118569
0.06 0 0 -0.0500000007450581 0 40.0000159118569
0.08 0 0 -0.0500000007450581 0 40.0000159118569
0.1 0 0 -0.0500000007450581 0 40.0000159118569
0.12 0 0 -0.0500000007450581 0 40.0000159118569
0.14 0 0 -0.0500000007450581 0 40.0000159118569
0.16 0 0 -0.0500000007450581 0 40.0000159118569
0.18 0 0 -0.0500000007450581 0 40.0000159118569
0.2 0 0 -0.0500000007450581 0 40.0000159118569
0.22 0 0 -0.0500000007450581 0 40.0000159118569
0.24 0 0 -0.0500000007450581 0 40.0000159118569
0.26 0 0 -0.0500000007450581 0 40.0000159118569
0.28 0 0 -0.0500000007450581 0 40.0000159118569
0.3 0 0 -0.0500000007450581 0 40.0000159118569
0.32 0 0 -0.0500000007450581 0 40.0000159118569
0.34 0 0 -0.0500000007450581 0 40.0000159118569
0.36 0 0 -0.0500000007450581 0 40.0000159118569
0.38 0 0 -0.0500000007450581 0 40.0000159118569
0.4 0 0 -0.0500000007450581 0 40.0000159118569
0.42 0 0 -0.0500000007450581 0 40.0000159118569
0.44 0 0 -0.0500000007450581 0 40.0000159118569
0.46 0 0 -0.0500000007450581 0 40.0000159118569
0.48 0 0 -0.0500000007450581 0 40.0000159118569
0.5 0 0 -0.0500000007450581 0 40.0000159118569
0.52 0 0 -0.0500000007450581 0 40.0000159118569
0.54 0 0 -0.0500000007450581 0 40.0000159118569
0.56 0 0 -0.0500000007450581 0 40.0000159118569
0.58 0 0 -0.0500000007450581 0 40.0000159118569
0.6 0 0 -0.0500000007450581 0 40.0000159118569
0.62 0 0 -0.0500000007450581 0 40.0000159118569
0.64 0 0 -0.0500000007450581 0 40.0000159118569
0.66 0 0 -0.0500000007450581 0 40.0000159118569
0.68 0 0 -0.0500000007450581 0 40.0000159118569
0.7 0 0 -0.0500000007450581 0 40.0000159118569
0.72 0 0 -0.0500000007450581 0 40.0000159118569
0.74 0 0 -0.0500000007450581 0 40.0000159118569
0.76 0 0 -0.0500000007450581 0 40.0000159118569
0.78 0 0 -0.0500000007450581 0 40.0000159118569
0.8 0 0 -0.0500000007450581 0 40.0000159118569
0.82 0 0 -0.0500000007450581 0 40.0000159118569
0.84 0 0 -0.0500000007450581 0 40.0000159118569
0.86 0 0 -0.0500000007450581 0 40.0000159118569
0.88 0 0 -0.0500000007450581 0 40.0000159118569
0.9 0 0 -0.0500000007450581 0 40.0000159118569
0.92 0 0 -0.0500000007450581 0 40.0000159118569
0.94 0 0 -0.0500000007450581 0 40.0000159118569
0.96 0 0 -0.0500000007450581 0 40.0000159118569
0.98 0 0 -0.0500000007450581 0 40.0000159118569
1 0 0 -0.0500000007450581 0 40.0000159118569
1.02 0 0 -0.0500000007450581 0 40.0000159118569
1.04 0 0 -0.0500000007450581 0 40.0000159118569
1.06 0 0 -0.0500000007450581 0 40.0000159118569
1.08 0 0 -0.0500000007450581 0 40.0000159118569
1.1 0 0 -0.0500000007450581 0 40.0000159118569
1.12 0 0 -0.0500000007450581 0 40.0000159118569
1.14 0 0 -0.0500000007450581 0 40.0000159118569
1.16 0 0 -0.0500000007450581 0 40.0000159118569
1.18 0 0 -0.0500000007450581 0 40.0000159118569
1.2 0 0 -0.0500000007450581 0 40.0000159118569
1.22 0 0 -0.0500000007450581 0 40.0000159118569
1.24 0 0 -0.0500000007450581 0 40.0000159118569
1.26 0 0 -0.0500000007450581 0 40.0000159118569
1.28 0 0 -0.0500000007450581 0 40.0000159118569
1.3 0 0 -0.0500000007450581 0 40.0000159118569
1.32 0 0 -0.0500000007450581 0 40.0000159118569
1.34 0 0 -0.0500000007450581 0 40.0000159118569
1.36 0 0 -0.0500000007450581 0 40.0000159118569
1.38 0 0 -0.0500000007450581 0 40.0000159118569
1.4 0 0 -0.0500000007450581 0 40.0000159118569
1.42 0 0 -0.0500000007450581 0 40.0000159118569
1.44 0 0 -0.0500000007450581 0 40.0000159118569
1.46 0 0 -0.0500000007450581 0 40.0000159118569
1.48 0 0 -0.0500000007450581 0 40.0000159118569
1.5 0 0 -0.0500000007450581 0 40.0000159118569
1.52 0 0 -0.0500000007450581 0 40.0000159118569
1.54 0 0 -0.0500000007450581 0 40.0000159118569
1.56 0 0 -0.0500000007450581 0 40.0000159118569
1.58 0 0 -0.0500000007450581 0 40.0000159118569
1.6 0 0 -0.0500000007450581 0 40.0000159118569
1.62 0 0 -0.0500000007450581 0 40.0000159118569
1.64 0 0 -0.0500000007450581 0 40.0000159118569
1.66 0 0 -0.0500000007450581 0 40.0000159118569
1.68 0 0 -0.0500000007450581 0 40.0000159118569
1.7 0 0 -0.0500000007450581 0 40.0000159118569
1.72 0 0 -0.0500000007450581 0 40.0000159118569
1.74 0 0 -0.0500000007450581 0 40.0000159118569
1.76 0 0 -0.0500000007450581 0 40.0000159118569
1.78 0 0 -0.0500000007450581 0 40.0000159118569
1.8 0 0 -0.0500000007450581 0 40.0000159118569
1.82 0 0 -0.0500000007450581 0 40.0000159118569
1.84 0 0 -0.0500000007450581 0 40.0000159118569
1.86 0 0 -0.0500000007450581 0 40.0000159118569
1.88 0 0 -0.0500000007450581 0 40.0000159118569
1.9 0 0 -0.0500000007450581 0 40.0000159118569
1.92 0 0 -0.0500000007450581 0 40.0000159118569
1.94 0.12874299287796 0.0257054008543491 -0.0496065989136696 0.000330968003254384 40.1475548281184
1.96 0.101797997951508 0.0688302963972092 -0.0485551990568638 0.00121961999684572 40.2642076289531
1.98 0.0662876963615417 0.10869599878788 -0.0468972995877266 0.00262574991211295 40.3401251815778
2 0.094455897808075 0.149865001440048 -0.0446145981550217 0.00456814002245665 40.4483563591659
2.02 0.0789865031838417 0.178219005465508 -0.0419039018452168 0.00688270991668105 40.5388836864253
2.04 0.125094994902611 0.204028993844986 -0.0388060994446278 0.00953882001340389 40.6822391118201
2.06 0.0942941978573799 0.230207994580269 -0.0353174991905689 0.0125433998182416 40.7902995346789
2.08 0.126734003424644 0.251987993717194 -0.03150599822402 0.0158406998962164 40.9355435073793
2.1 0.0985426008701324 0.264847010374069 -0.0275078993290663 0.0193151999264956 41.0484157985084
2.12 0.106230996549129 0.289932996034622 -0.0231388006359339 0.0231277998536825 41.1701673355585
2.14 0.121307998895645 0.29788801074028 -0.0186589006334543 0.027055200189352 41.3091685153575
2.16 0.106531001627445 0.310851007699966 -0.0139932995662093 0.0311641991138458 41.4312649769606
2.18 0.117660000920296 0.327197998762131 -0.00909204035997391 0.0355001986026764 41.566082665893
2.2 0.0999047979712486 0.333586990833282 -0.00410471996292472 0.0399318002164364 41.680560051477
2.22 0.166654005646706 0.344235002994537 0.00102958001662046 0.0445185005664825 41.8715253104815
2.24 0.118814997375011 0.355457007884979 0.00631771003827453 0.049269899725914 42.0076612259236
2.26 0.116806000471115 0.359023004770279 0.0116475997492671 0.0540814995765686 42.1415602544126
2.28 0.143727004528046 0.368205994367599 0.0171009004116058 0.0590303987264633 42.3062292851125
2.3 0.114197000861168 0.37194699048996 0.022596700116992 0.0640437975525856 42.4370922945154
2.32 0.137539997696877 0.372586995363235 0.0280892997980118 0.0690796002745628 42.5947125699918
2.34 0.116297997534275 0.380923002958298 0.0336917005479336 0.0742423981428146 42.7279832210771
2.36 0.117568001151085 0.381583005189896 0.0392916984856129 0.0794271975755692 42.8626847967936
2.38 0.113943003118038 0.379108995199203 0.0448434017598629 0.0845912992954254 42.9932643533459
2.4 0.124632999300957 0.383033990859985 0.0504401996731758 0.0898222029209137 43.1361006843639
2.42 0.0980113968253136 0.380441009998322 0.0559874996542931 0.0950300022959709 43.2484026546972
2.44 0.118790999054909 0.38314300775528 0.0615627989172935 0.10028699785471 43.3845351550448
2.46 0.133105993270874 0.388462990522385 0.0672020986676216 0.105631001293659 43.5370566943058
2.48 0.139109000563622 0.391140013933182 0.0728655979037285 0.111027002334595 43.6964528189665
2.5 0.123039998114109 0.391573011875153 0.0785211026668549 0.116444997489452 43.8374586592868
2.52 0.130151003599167 0.394735991954803 0.0842085033655167 0.121919997036457 43.9865992549087
2.54 0.135993003845215 0.396508008241653 0.0899067968130112 0.127434998750687 44.1424436812009
2.56 0.137470006942749 0.397574990987778 0.0956052988767624 0.13298100233078 44.2999512585561
2.58 0.13680100440979 0.400061011314392 0.101323999464512 0.138576999306679 44.4567109301971
2.6 0.103321999311447 0.398938000202179 0.107013002038002 0.144170999526978 44.5751429953105
2.62 0.10759299993515 0.400325000286102 0.112710997462273 0.14979599416256 44.6983869286943
2.64 0.0652254968881607 0.3975929915905 0.118358999490738 0.155393004417419 44.7731570095384
2.66 0.0847586020827293 0.398966014385223 0.124018996953964 0.161017999053001 44.8702720542523
2.68 0.0827269032597542 0.397601008415222 0.129649996757507 0.166632995009422 44.9650989855942
2.7 0.0792635977268219 0.398092001676559 0.13527899980545 0.172263994812965 45.0559097657041
2.72 0.0901151970028877 0.398642987012863 0.140906006097794 0.177911996841431 45.1591583202927
2.74 0.094779297709465 0.4009889960289 0.146556004881859 0.183604001998901 45.2677924790417
2.76 0.092493399977684 0.399985998868942 0.152180999517441 0.189291998744011 45.3737867696766
2.78 0.125625997781754 0.400703012943268 0.157802999019623 0.195003002882004 45.5177159309618
2.8 0.136245995759964 0.40065398812294 0.163409993052483 0.200727000832558 45.6738472251991
2.82 0.0897919982671738 0.402906000614166 0.169035002589226 0.206496998667717 45.7767508552346
2.84 0.0926546975970268 0.402263998985291 0.174640998244286 0.212267994880676 45.8829193156933
2.86 0.0740685015916824 0.402604997158051 0.180242002010345 0.218052998185158 45.967774170847
2.88 0.110895000398159 0.400077998638153 0.1857970058918 0.223811000585556 46.0948566705443
2.9 0.0972957015037537 0.401232004165649 0.191357001662254 0.229598999023438 46.2063526785556
2.92 0.110826000571251 0.401629000902176 0.196908995509148 0.235403001308441 46.3333771216449
2.94 0.114427998661995 0.401203989982605 0.20244300365448 0.241214007139206 46.4644723574796
2.96 0.100620999932289 0.39842900633812 0.207926005125046 0.246996000409126 46.5798069318045
2.98 0.0935783013701439 0.397017002105713 0.213377997279167 0.252768009901047 46.6870067508279
3 0.127749994397163 0.39852499961853 0.218838006258011 0.258574992418289 46.8333981953088
3.02 0.0873214974999428 0.395171999931335 0.224240005016327 0.26434400677681 46.9334946175954
3.04 0.103506997227669 0.397740006446838 0.229665994644165 0.270161002874374 47.0520974374381
3.06 0.117174997925758 0.401859998703003 0.23513500392437 0.276051014661789 47.1863413904801
3.08 0.132529005408287 0.398317992687225 0.240541994571686 0.281901985406876 47.3382311372429
3.1 0.134607002139091 0.400700986385345 0.245965003967285 0.287802010774612 47.4924704690802
3.12 0.103114001452923 0.402494996786118 0.251397997140884 0.293742001056671 47.6106156662485
3.14 0.0946635976433754 0.400925993919373 0.2567979991436 0.29967001080513 47.7191337117817
3.16 0.0801639035344124 0.402384996414185 0.262207001447678 0.305628001689911 47.8109792655509
3.18 0.0534041002392769 0.401143997907639 0.267592012882233 0.311574995517731 47.8721709303251
3.2 0.0600076988339424 0.398680001497269 0.272936999797821 0.317492008209229 47.940927029605
3.22 0.0881758034229279 0.401728987693787 0.278313994407654 0.323462009429932 48.0419967538483
3.24 0.0787556022405624 0.398826986551285 0.283643007278442 0.32939800620079 48.1322372131626
3.26 0.0270368997007608 0.395570009946823 0.288920998573303 0.335290998220444 48.1632326116161
3.28 0.0481167994439602 0.405286014080048 0.294324994087219 0.341333001852036 48.2183522382181
3.3 0.0739530026912689 0.401933014392853 0.299677014350891 0.347330987453461 48.3030909801559
3.32 0.108447998762131 0.400265991687775 0.304995000362396 0.353314012289047 48.4273662721043
3.34 0.097526803612709 0.403524994850159 0.310344994068146 0.359356999397278 48.5390945065474
3.36 0.105400003492832 0.400759994983673 0.315645009279251 0.365368992090225 48.6598727416408
3.38 0.0977343991398811 0.401998996734619 0.320950001478195 0.371410995721817 48.771887844029
3.4 0.0587607994675636 0.401234000921249 0.326234996318817 0.377449005842209 48.8392096035833
3.42 0.0909233018755913 0.398734986782074 0.331477999687195 0.383457988500595 48.9434314601286
3.44 0.0477707982063293 0.398333013057709 0.336708009243011 0.389468014240265 48.9981481055695
3.46 0.0742534026503563 0.399172991514206 0.341940999031067 0.395496994256973 49.0832317720604
3.48 0.0790558010339737 0.396153002977371 0.347126007080078 0.40148800611496 49.1738171559277
3.5 0.0449768006801605 0.395428985357285 0.352293998003006 0.407474994659424 49.2253816690668
3.52 0.0807875022292137 0.396326005458832 0.357464998960495 0.413482010364532 49.3179717134555
3.54 0.09357850253582 0.394041985273361 0.362596988677979 0.419463008642197 49.4251715324789
3.56 0.13603900372982 0.399123996496201 0.367781013250351 0.425532996654511 49.5810740153791
3.58 0.090276800096035 0.399343997240067 0.37295401096344 0.431618005037308 49.6845513813048
3.6 0.109693996608257 0.401921004056931 0.37814798951149 0.437752991914749 49.8101995412764
3.62 0.117752999067307 0.399964988231659 0.383302986621857 0.443870007991791 49.9451333434246
3.64 0.118468001484871 0.401540994644165 0.388464003801346 0.450022995471954 50.0809243343137
3.66 0.0888916030526161 0.400141000747681 0.393593996763229 0.456164985895157 50.1827966057844
3.68 0.0954485982656479 0.400321006774902 0.398714989423752 0.462319999933243 50.2921718400585
3.7 0.0706513971090317 0.399507999420166 0.403815001249313 0.468470007181168 50.3731300722907
3.72 0.0342404991388321 0.400543987751007 0.408921986818314 0.474642008543015 50.4123216977482
3.74 0.0355798006057739 0.399673014879227 0.414014011621475 0.480803996324539 50.4531150025661
3.76 0.0891226008534431 0.399688005447388 0.419097989797592 0.486972987651825 50.555274141982
3.78 0.0761002972722054 0.401629000902176 0.424196988344193 0.493180006742477 50.6424785822102
3.8 0.0750384032726288 0.40183699131012 0.429287999868393 0.499397993087769 50.7284228525365
3.82 0.0840196013450623 0.400429010391235 0.434352993965149 0.50560200214386 50.8247353500229
3.84 0.0649716034531593 0.401820987462997 0.439424991607666 0.511834979057312 50.8991639214085
3.86 0.0802332013845444 0.403264999389648 0.444507002830505 0.518097996711731 50.991122173299
3.88 0.104846000671387 0.401785999536514 0.449557989835739 0.524348020553589 51.1112720309887
3.9 0.0889837965369225 0.40311598777771 0.459526985883713 0.536761999130249 51.3439526703491
3.92 0.0704898983240128 0.409289002418518 0.464635998010635 0.543157994747162 51.424682091244
3.94 0.064163401722908 0.398227006196976 0.469597995281219 0.549387991428375 51.4982500587943
3.96 0.0460618995130062 0.401766002178192 0.474597007036209 0.555678009986877 51.5510166852272
3.98 0.0634016990661621 0.404415994882584 0.47962298989296 0.562016010284424 51.6236694074287
4 0.0697740018367767 0.396454989910126 0.484540998935699 0.568234980106354 51.7035962810962
4.02 0.0511183999478817 0.401015996932983 0.489508002996445 0.574531972408295 51.7622095494587
4.04 0.0833963006734848 0.399964988231659 0.494453996419907 0.580819010734558 51.8577809714201
4.06 0.116297997534275 0.395381987094879 0.499330997467041 0.58704400062561 51.9910482074108
4.08 0.0957719013094902 0.400276005268097 0.50425398349762 0.593357026576996 52.1007717813325
4.1 0.122415997087955 0.403046995401382 0.509198009967804 0.599723994731903 52.2410297159388
4.12 0.118075996637344 0.397763013839722 0.514061987400055 0.606019020080566 52.3763630841535
4.14 0.112833999097347 0.401450991630554 0.518956005573273 0.612384021282196 52.5056790557094
4.16 0.11523599922657 0.39903599023819 0.523806989192963 0.618721008300781 52.6376895368928
4.18 0.100551001727581 0.398169010877609 0.528632998466492 0.625055015087128 52.7529114130964
4.2 0.0758232995867729 0.402520000934601 0.533501029014587 0.631467998027802 52.8398289853794
4.22 0.0711361020803452 0.398115992546082 0.538305997848511 0.63781601190567 52.9213609535019
4.24 0.0712746977806091 0.39708998799324 0.543088972568512 0.644155979156494 53.0030090348402
4.26 0.0729139968752861 0.402976989746094 0.547935009002686 0.650596022605896 53.0865456634841
4.28 0.0657334998250008 0.397637993097305 0.552707016468048 0.656957983970642 53.1618894802185
4.3 0.0768854022026062 0.398252993822098 0.557478010654449 0.663335978984833 53.2500091657955
4.32 0.0915468037128448 0.403739988803864 0.562303006649017 0.669811010360718 53.3549174563523
4.34 0.0646713972091675 0.39869698882103 0.567058026790619 0.676212012767792 53.4290011031849
4.36 0.0977343991398811 0.401982009410858 0.571842014789581 0.68267297744751 53.5410162055732
4.38 0.0984733030200005 0.401688009500504 0.576610028743744 0.689139008522034 53.6538304400943
4.4 0.0902998968958855 0.398292005062103 0.581324994564056 0.695559978485107 53.75730780602
4.42 0.119946002960205 0.402079999446869 0.586071014404297 0.702050983905792 53.8947585328774
4.44 0.100112996995449 0.400272011756897 0.590781986713409 0.708523988723755 54.0094647297986
4.46 0.0743687003850937 0.398795008659363 0.595465004444122 0.714981019496918 54.0947225661133
4.48 0.0767007023096085 0.402045994997025 0.600175023078918 0.721496999263763 54.1826134403531
4.5 0.104038000106812 0.401809006929398 0.604870975017548 0.72801798582077 54.3017899960861
4.52 0.0940864011645317 0.399778991937637 0.618743002414703 0.747399985790253 54.5304544842144
4.54 0.101728998124599 0.396335989236832 0.623336017131805 0.753859996795654 54.6470526435358
4.56 0.110687002539635 0.397415012121201 0.627928018569946 0.7603480219841 54.7738482752879
4.58 0.137031003832817 0.402117013931274 0.632557988166809 0.766924023628235 54.9308948148741
4.6 0.145065993070602 0.399006992578506 0.637133002281189 0.773461997509003 55.097110883421
4.62 0.121538996696472 0.398016005754471 0.641680002212524 0.779995977878571 55.2363989311651
4.64 0.124724999070168 0.399156004190445 0.646224021911621 0.786559998989105 55.3793513753989
4.66 0.0949871018528938 0.3975830078125 0.650735020637512 0.793107986450195 55.4881562888772
4.68 0.0926320031285286 0.400799006223679 0.655270993709564 0.799717009067535 55.5943247493359
4.7 0.0509103983640671 0.397069990634918 0.659754991531372 0.806271970272064 55.6526511497533
4.72 0.0808798000216484 0.39708998799324 0.664229989051819 0.812831997871399 55.7453573073579
4.74 0.0776704028248787 0.401374995708466 0.668744027614594 0.819471001625061 55.8343375967703
4.76 0.0616238005459309 0.399946987628937 0.673232018947601 0.826092004776001 55.9049822433557
4.78 0.0466390997171402 0.398629009723663 0.677698016166687 0.83269602060318 55.9583806622869
4.8 0.064879298210144 0.403284013271332 0.682209014892578 0.839383006095886 56.0327511770646
4.82 0.0802794024348259 0.39886799454689 0.68665999174118 0.846002995967865 56.124767485563
4.84 0.0738374963402748 0.401268988847733 0.69112902879715 0.85266900062561 56.2093354727716
4.86 0.0829809010028839 0.402303010225296 0.695598006248474 0.859359979629517 56.3044492720586
4.88 0.0656412020325661 0.398570001125336 0.700016021728516 0.865994989871979 56.3796769755772
4.9 0.0629398003220558 0.401105999946594 0.704454004764557 0.872677981853485 56.4518140184963
4.92 0.0593612007796764 0.399791985750198 0.708868026733398 0.87934398651123 56.5198222120621
4.94 0.0663570016622543 0.399242013692856 0.713268995285034 0.886007010936737 56.5958558779027
4.96 0.0583221018314362 0.400023013353348 0.717670023441315 0.892687976360321 56.6626619581746
4.98 0.040405198931694 0.400406986474991 0.722068011760712 0.89938098192215 56.709015036977
5 0.0200872998684645 0.397774994373322 0.726432979106903 0.906031012535095 56.7319883782503
5.02 0.0263442005962133 0.397044986486435 0.730787992477417 0.912671983242035 56.7621846445709
5.04 0.0048488499596715 0.398817002773285 0.735158979892731 0.919344007968903 56.7677410034607
5.06 0.00761912018060684 0.39826899766922 0.739524006843567 0.926006972789764 56.7765075512605
5.08 0.00524117005988956 0.398075014352798 0.74388599395752 0.932667016983032 56.7824668913113
5.1 -0.00471010990440845 0.398175001144409 0.748248994350433 0.939329028129578 56.7770812871507
5.12 0.0158158000558615 0.402345985174179 0.752655982971191 0.946061015129089 56.7952427601538
5.14 0.0622240006923676 0.401463001966476 0.757049024105072 0.952781975269318 56.8665191992375
5.16 0.011128700338304 0.396360993385315 0.761381983757019 0.95942097902298 56.87929506808
5.18 -0.0113829998299479 0.399803996086121 0.765751004219055 0.966117978096008 56.8662323312924
5.2 0.00247038993984461 0.401749014854431 0.77014297246933 0.97284597158432 56.8690395390412
5.22 -0.041651900857687 0.396941006183624 0.774484992027283 0.979492008686066 56.8213135922158
5.24 -0.0719442963600159 0.399266988039017 0.778859972953796 0.98617297410965 56.7389210202579
5.26 -0.0913619995117188 0.397841989994049 0.783230006694794 0.992821991443634 56.6341834844303
5.28 -0.0942481011152267 0.397758990526199 0.78761100769043 0.999462008476257 56.5261811181794
5.3 -0.102421000599861 0.401125997304916 0.792042970657349 1.00615000724792 56.4088418833331
5.32 -0.160143002867699 0.398833006620407 0.796467006206512 1.0127899646759 56.225321530524
5.34 -0.153586000204086 0.397383004426956 0.800894975662231 1.01938998699188 56.0493109707073
5.36 -0.132321000099182 0.399513989686966 0.805365979671478 1.02601003646851 55.8977046767951
5.38 -0.154324993491173 0.40182501077652 0.809882998466492 1.03266000747681 55.720833513143
5.4 -0.163907006382942 0.39921098947525 0.814390003681183 1.03925001621246 55.5330169713459
5.42 -0.190827995538712 0.396497994661331 0.818890988826752 1.04577994346619 55.3143757858245
5.44 -0.18249300122261 0.399993985891342 0.823454976081848 1.05235004425049 55.1052456387224
5.46 -0.240030005574226 0.396082997322083 0.828001976013184 1.05883002281189 54.8301700151838
5.48 -0.225853994488716 0.400211006402969 0.832628011703491 1.06535995006561 54.5713639022482
5.5 -0.287730991840363 0.393893003463745 0.837212979793549 1.07176995277405 54.2416296898766
5.52 -0.317907989025116 0.398451000452042 0.841889977455139 1.07822000980377 53.8773415504939
5.54 -0.370896995067596 0.393754005432129 0.846556007862091 1.08457005023956 53.4523227841059
5.56 -0.358729004859924 0.392733991146088 0.851256012916565 1.09086000919342 53.0412819998544
5.58 -0.404675990343094 0.392594993114471 0.856001973152161 1.09711003303528 52.5775292306833
5.6 -0.426564007997513 0.393559992313385 0.86081200838089 1.10335004329681 52.0887404031096
5.62 -0.443002998828888 0.395276010036469 0.865697026252747 1.10956001281738 51.581096838332
5.64 -0.452122986316681 0.388628989458084 0.870554983615875 1.11563003063202 51.062972348273
5.66 -0.472048997879028 0.391000986099243 0.875497996807098 1.12169003486633 50.5220999131833
5.68 -0.497330993413925 0.393231004476547 0.880527973175049 1.12773001194 49.9521786835535
5.7 -0.522197008132935 0.390834003686905 0.885589003562927 1.13368999958038 49.3537823952739
5.72 -0.543022990226746 0.392590999603271 0.890735983848572 1.1396199464798 48.7314941052776
5.74 -0.553574979305267 0.391110002994537 0.895928025245667 1.14547002315521 48.0971710219637
5.76 -0.612542986869812 0.391171008348465 0.901188015937805 1.15126001834869 47.3952393111505
5.78 -0.683656990528107 0.386294990777969 0.906457006931305 1.15690994262695 46.6118371039173
5.8 -0.688574016094208 0.388819009065628 0.911837995052338 1.16252994537354 45.8228136509971
5.82 -0.718059003353119 0.386184990406036 0.917259991168976 1.16803002357483 44.9999329503613
5.84 -0.790718972682953 0.378349006175995 0.922652006149292 1.17333996295929 44.09385713054
5.86 -0.773818016052246 0.385987013578415 0.928237974643707 1.17866003513336 43.2071483121104
5.88 -0.868435025215149 0.376363009214401 0.93376898765564 1.18376994132996 42.2119795047554
5.9 -0.869635999202728 0.376210987567902 0.939386010169983 1.18877995014191 41.2154309991882
5.92 -0.87508499622345 0.382573992013931 0.945186018943787 1.1937700510025 40.2126977573275
5.94 -0.862547993659973 0.379099011421204 0.95101797580719 1.19860994815826 39.2242908372509
5.96 -0.882196009159088 0.376987993717194 0.956900000572205 1.20333003997803 38.2133613683861
5.98 -0.926180005073547 0.385293990373611 0.962998986244202 1.20803999900818 37.1520148581629
6 -0.92297101020813 0.378425985574722 0.969072997570038 1.21255004405975 36.094394216132
6.02 -0.981616020202637 0.374343991279602 0.975166022777557 1.21691000461578 34.9695064560601
6.04 -0.998263001441956 0.377023011445999 0.981387972831726 1.22116994857788 33.8255932040552
6.06 -1.02442002296448 0.378078997135162 0.987712025642395 1.22530996799469 32.651719327256
6.08 -1.03877997398376 0.371643006801605 0.994011998176575 1.22924995422363 31.4613402983275
6.1 -1.03758001327515 0.375593990087509 1.00046002864838 1.23310995101929 30.2723409676113
6.12 -1.06268000602722 0.371120989322662 1.00690996646881 1.23678004741669 29.054630936719
6.14 -1.07596004009247 0.366694003343582 1.01336002349854 1.24027001857758 27.821628112275
6.16 -1.10449004173279 0.368063002824783 1.0199099779129 1.24363994598389 26.5560213798279
6.18 -1.10950005054474 0.367215007543564 1.02651000022888 1.24685001373291 25.2845697129986
6.2 -1.18621003627777 0.362138986587524 1.03310000896454 1.24986004829407 23.9252852285375
6.22 -1.16685998439789 0.366405010223389 1.03982996940613 1.25276005268097 22.5881732456695
6.24 -1.22393000125885 0.36319699883461 1.04656994342804 1.25547003746033 21.185687814708
6.26 -1.22239005565643 0.363285005092621 1.05338001251221 1.25801002979279 19.7849201763228
6.28 -1.28841996192932 0.361131995916367 1.06019997596741 1.26037001609802 18.3085218532581
6.3 -1.27121996879578 0.360574007034302 1.06708002090454 1.26253998279572 16.85177739953
6.32 -1.26672005653381 0.356357991695404 1.07392001152039 1.26452004909515 15.4002460876859
6.34 -1.30823004245758 0.355762004852295 1.08080995082855 1.26631999015808 13.9011023809114
6.36 -1.30594003200531 0.356788992881775 1.08775997161865 1.2679500579834 12.4045934196091
6.38 -1.33161997795105 0.353242009878159 1.09467995166779 1.26936995983124 10.878692446761
6.4 -1.34332001209259 0.351781010627747 1.10160005092621 1.27060997486115 9.33938381257217
6.42 -1.34458994865417 0.350237995386124 1.10853004455566 1.27164995670319 7.79858619714426
6.44 -1.33236002922058 0.352632999420166 1.11553001403809 1.27251005172729 6.27182504734755
6.46 -1.37380003929138 0.353918999433517 1.12258005142212 1.27319002151489 4.69753773375859
6.48 -1.35157001018524 0.349902987480164 1.1295599937439 1.27366995811462 3.14875840195528
6.5 -1.37356996536255 0.348821997642517 1.13653004169464 1.2739599943161 1.57476307895334
6.52 -1.39777004718781 0.351332008838654 1.14355003833771 1.27404999732971 -0.0269619616402754
6.54 -1.44515001773834 0.343901991844177 1.15042996406555 1.27394998073578 -1.68297760795529
6.56 -1.46977996826172 0.341251999139786 1.15725004673004 1.27365005016327 -3.36722136222797
6.58 -1.46127998828888 0.338349997997284 1.16400003433228 1.2731499671936 -5.0417306028295
6.6 -1.42507994174957 0.340258985757828 1.17077004909515 1.27245998382568 -6.67472894186344
6.62 -1.44202995300293 0.340193003416061 1.17751002311707 1.2715699672699 -8.32719673512651
6.64 -1.50847995281219 0.335992008447647 1.18414998054504 1.27049994468689 -10.0558100385778
6.66 -1.49822998046875 0.33781498670578 1.19078004360199 1.26921999454498 -11.7726207751434
6.68 -1.56450998783112 0.337976008653641 1.19737994670868 1.26772999763489 -13.565406267168
6.7 -1.56333994865417 0.336176007986069 1.20388996601105 1.26605999469757 -15.3568726789091
6.72 -1.6313099861145 0.333829998970032 1.21028995513916 1.26417994499207 -17.2262049547356
6.74 -1.61143004894257 0.338784992694855 1.21672999858856 1.26206994056702 -19.0727909930787
6.76 -1.64775002002716 0.334529012441635 1.22301995754242 1.25978004932404 -20.9609728834673
6.78 -1.65340995788574 0.33296599984169 1.22920000553131 1.25730001926422 -22.8556297931889
6.8 -1.67455005645752 0.33602300286293 1.23535001277924 1.25458002090454 -24.7745236291804
6.82 -1.67043995857239 0.329349011182785 1.24127995967865 1.25171995162964 -26.6887182950229
6.84 -1.70462000370026 0.330292999744415 1.24713003635406 1.24865996837616 -28.6420448221678
6.86 -1.67767000198364 0.331218987703323 1.25288999080658 1.24538004398346 -30.5645467055883
6.88 -1.68870997428894 0.327356994152069 1.25847005844116 1.24196004867554 -32.4996554106694
6.9 -1.73140001296997 0.327358990907669 1.26392996311188 1.23835003376007 -34.4836955909645
6.92 -1.76435005664825 0.32838699221611 1.26927995681763 1.23452997207642 -36.5054896418968
6.94 -1.72990000247955 0.322890013456345 1.27439999580383 1.2305999994278 -38.4878086145211
6.96 -1.78134000301361 0.321132987737656 1.27936005592346 1.22651994228363 -40.5290277234529
6.98 -1.79851996898651 0.319530993700027 1.28413999080658 1.22228002548218 -42.5900168149374
7 -1.76364994049072 0.318473011255264 1.28875005245209 1.21788001060486 -44.6110083186423
7.02 -1.75496995449066 0.316666007041931 1.29317998886108 1.21335995197296 -46.6220345763481
7.04 -1.82351994514465 0.310934990644455 1.29736995697021 1.20876002311707 -48.7116694812116
7.06 -1.79440999031067 0.311765998601913 1.30139994621277 1.2039999961853 -50.7678979308446
7.08 -1.81405997276306 0.312985986471176 1.30526995658875 1.19907999038696 -52.8466489292657
7.1 -1.8709499835968 0.306905001401901 1.30887997150421 1.19412004947662 -54.9905974984092
7.12 -1.82460999488831 0.30579999089241 1.31229996681213 1.18904995918274 -57.0814345165666
7.14 -1.89663994312286 0.306416988372803 1.31552994251251 1.18384003639221 -59.2547255783845
7.16 -1.90848994255066 0.307395994663239 1.31858003139496 1.17850005626678 -61.441704339299
7.18 -1.88951003551483 0.306856006383896 1.3214099407196 1.17306005954742 -63.6069084571396
7.2 -1.94826996326447 0.303045004606247 1.32398998737335 1.16758000850677 -65.8397246175741
7.22 -1.96903002262115 0.30682298541069 1.3264000415802 1.16192996501923 -68.0960366287535
7.24 -2.00675010681152 0.306618988513947 1.32857000827789 1.15619003772736 -70.3953105298123
7.26 -1.98334002494812 0.301093995571136 1.33047997951508 1.15048003196716 -72.6682403912423
7.28 -2.06177997589111 0.304010003805161 1.33217000961304 1.14463996887207 -75.0311170138523
7.3 -2.00671005249023 0.300489008426666 1.33360004425049 1.13881003856659 -77.3303977451002
7.32 -2.02342009544373 0.299050003290176 1.33480000495911 1.13294994831085 -79.6491581758611
7.34 -2.05711007118225 0.299302011728287 1.33574998378754 1.12704002857208 -82.0063042697574
7.36 -2.04170989990234 0.29635301232338 1.33644998073578 1.12115001678467 -84.3456918718117
7.38 -2.07788991928101 0.295374006032944 1.33691000938416 1.11526000499725 -86.7269007221539
7.4 -2.06050992012024 0.297600001096725 1.33712995052338 1.10931003093719 -89.0880629672822
7.42 -2.02620005607605 0.296148985624313 1.33711004257202 1.10338997840881 -91.4102589831956
7.44 -2.06329989433289 0.295623987913132 1.33684003353119 1.09748005867004 -93.7742830775861
7.46 -2.03285002708435 0.295295000076294 1.33633005619049 1.09159994125366 -96.103930829884
7.48 -2.09680008888245 0.289822995662689 1.33559000492096 1.08585000038147 -98.5069143233002
7.5 -2.05036997795105 0.291687995195389 1.33460998535156 1.08010005950928 -100.856041775111
7.52 -2.01881003379822 0.294510006904602 1.3333899974823 1.07433998584747 -103.169645413048
7.54 -2.06809997558594 0.294041991233826 1.33193004131317 1.0686399936676 -105.539400036153
7.56 -2.05058002471924 0.294566988945007 1.33022999763489 1.06299996376038 -107.889101223854
7.58 -2.04981994628906 0.294225990772247 1.32831001281738 1.05744004249573 -110.238228675664
7.6 -2.03457999229431 0.296003997325897 1.32614994049072 1.05192995071411 -112.569590805444
7.62 -2.03099989891052 0.298646003007889 1.32375001907349 1.04646003246307 -114.89695044437
7.64 -2.05417990684509 0.295724004507065 1.32114994525909 1.041139960289 -117.250660953114
7.66 -2.0239999294281 0.300662994384766 1.31828999519348 1.03585994243622 -119.569988289575
7.68 -2.04297995567322 0.298440009355545 1.31524002552032 1.03073000907898 -121.911090269111
7.7 -2.03555011749268 0.300507009029388 1.31195998191834 1.02568995952606 -124.243599870671
7.72 -1.97407996654511 0.302596002817154 1.3084499835968 1.02075004577637 -126.506222976644
7.74 -1.99398994445801 0.300392985343933 1.30478000640869 1.01600003242493 -128.791167140824
7.76 -1.94515001773834 0.305674999952316 1.30086004734039 1.01130998134613 -131.019980810405
7.78 -1.95938003063202 0.304186999797821 1.29677999019623 1.00680005550385 -133.265405500047
7.8 -1.94854998588562 0.307410001754761 1.29247999191284 1.00240004062653 -135.498221660482
7.82 -1.95559000968933 0.311195999383926 1.28795003890991 0.998127996921539 -137.739056463002
7.84 -1.86441004276276 0.313789010047913 1.28322994709015 0.993995010852814 -139.875607937274
7.86 -1.84187996387482 0.317164987325668 1.27830994129181 0.989997029304504 -141.985822202107
7.88 -1.81668996810913 0.320203006267548 1.27319002151489 0.986145973205566 -144.067950729073
7.9 -1.8145899772644 0.314054995775223 1.26803994178772 0.982553005218506 -146.147210576587
