0 0 0 -0.0500000007450581 0 50.0000207435948
0.02 0 0 -0.0500000007450581 0 50.0000207435948
0.04 0 0 -0.0500000007450581 0 50.0000207435948
0.06 0 0 -0.0500000007450581 0 50.0000207435948
0.08 0 0 -0.0500000007450581 0 50.0000207435948
0.1 0 0 -0.0500000007450581 0 50.0000207435948
0.12 0 0 -0.0500000007450581 0 50.0000207435948
0.14 0 0 -0.0500000007450581 0 50.0000207435948
0.16 0 0 -0.0500000007450581 0 50.0000207435948
0.18 0 0 -0.0500000007450581 0 50.0000207435948
0.2 0 0 -0.0500000007450581 0 50.0000207435948
0.22 0 0 -0.0500000007450581 0 50.0000207435948
0.24 0 0 -0.0500000007450581 0 50.0000207435948
0.26 0 0 -0.0500000007450581 0 50.0000207435948
0.28 0 0 -0.0500000007450581 0 50.0000207435948
0.3 0 0 -0.0500000007450581 0 50.0000207435948
0.32 0 0 -0.0500000007450581 0 50.0000207435948
0.34 0 0 -0.0500000007450581 0 50.0000207435948
0.36 0 0 -0.0500000007450581 0 50.0000207435948
0.38 0 0 -0.0500000007450581 0 50.0000207435948
0.4 0 0 -0.0500000007450581 0 50.0000207435948
0.42 0 0 -0.0500000007450581 0 50.0000207435948
0.44 0 0 -0.0500000007450581 0 50.0000207435948
0.46 0 0 -0.0500000007450581 0 50.0000207435948
0.48 0 0 -0.0500000007450581 0 50.0000207435948
0.5 0 0 -0.0500000007450581 0 50.0000207435948
0.52 0 0 -0.0500000007450581 0 50.0000207435948
0.54 0 0 -0.0500000007450581 0 50.0000207435948
0.56 0 0 -0.0500000007450581 0 50.0000207435948
0.58 0 0 -0.0500000007450581 0 50.0000207435948
0.6 0 0 -0.0500000007450581 0 50.0000207435948
0.62 0 0 -0.0500000007450581 0 50.0000207435948
0.64 0 0 -0.0500000007450581 0 50.0000207435948
0.66 0 0 -0.0500000007450581 0 50.0000207435948
0.68 0 0 -0.0500000007450581 0 50.0000207435948
0.7 0 0 -0.0500000007450581 0 50.0000207435948
0.72 0 0 -0.0500000007450581 0 50.0000207435948
0.74 0 0 -0.0500000007450581 0 50.0000207435948
0.76 0 0 -0.0500000007450581 0 50.0000207435948
0.78 0 0 -0.0500000007450581 0 50.0000207435948
0.8 0 0 -0.0500000007450581 0 50.0000207435948
0.82 0 0 -0.0500000007450581 0 50.0000207435948
0.84 0 0 -0.0500000007450581 0 50.0000207435948
0.86 0 0 -0.0500000007450581 0 50.0000207435948
0.88 0 0 -0.0500000007450581 0 50.0000207435948
0.9 0 0 -0.0500000007450581 0 50.0000207435948
0.92 0 0 -0.0500000007450581 0 50.0000207435948
0.94 0 0 -0.0500000007450581 0 50.0000207435948
0.96 0 0 -0.0500000007450581 0 50.0000207435948
0.98 0 0 -0.0500000007450581 0 50.0000207435948
1 0 0 -0.0500000007450581 0 50.0000207435948
1.02 0 0 -0.0500000007450581 0 50.0000207435948
1.04 0 0 -0.0500000007450581 0 50.0000207435948
1.06 0 0 -0.0500000007450581 0 50.0000207435948
1.08 0 0 -0.0500000007450581 0 50.0000207435948
1.1 0 0 -0.0500000007450581 0 50.0000207435948
1.12 0 0 -0.0500000007450581 0 50.0000207435948
1.14 0 0 -0.0500000007450581 0 50.0000207435948
1.16 0 0 -0.0500000007450581 0 50.0000207435948
1.18 0 0 -0.0500000007450581 0 50.0000207435948
1.2 0 0 -0.0500000007450581 0 50.0000207435948
1.22 0 0 -0.0500000007450581 0 50.0000207435948
1.24 0 0 -0.0500000007450581 0 50.0000207435948
1.26 0 0 -0.0500000007450581 0 50.0000207435948
1.28 0 0 -0.0500000007450581 0 50.0000207435948
1.3 0 0 -0.0500000007450581 0 50.0000207435948
1.32 0 0 -0.0500000007450581 0 50.0000207435948
1.34 0 0 -0.0500000007450581 0 50.0000207435948
1.36 0 0 -0.0500000007450581 0 50.0000207435948
1.38 0 0 -0.0500000007450581 0 50.0000207435948
1.4 0 0 -0.0500000007450581 0 50.0000207435948
1.42 0 0 -0.0500000007450581 0 50.0000207435948
1.44 0 0 -0.0500000007450581 0 50.0000207435948
1.46 0 0 -0.0500000007450581 0 50.0000207435948
1.48 0 0 -0.0500000007450581 0 50.0000207435948
1.5 0 0 -0.0500000007450581 0 50.0000207435948
1.52 0 0 -0.0500000007450581 0 50.0000207435948
1.54 0 0 -0.0500000007450581 0 50.0000207435948
1.56 0 0 -0.0500000007450581 0 50.0000207435948
1.58 0 0 -0.0500000007450581 0 50.0000207435948
1.6 0 0 -0.0500000007450581 0 50.0000207435948
1.62 0 0 -0.0500000007450581 0 50.0000207435948
1.64 0 0 -0.0500000007450581 0 50.0000207435948
1.66 0 0 -0.0500000007450581 0 50.0000207435948
1.68 0 0 -0.0500000007450581 0 50.0000207435948
1.7 0 0 -0.0500000007450581 0 50.0000207435948
1.72 0 0 -0.0500000007450581 0 50.0000207435948
1.74 0 0 -0.0500000007450581 0 50.0000207435948
1.76 0 0 -0.0500000007450581 0 50.0000207435948
1.78 0 0 -0.0500000007450581 0 50.0000207435948
1.8 0 0 -0.0500000007450581 0 50.0000207435948
1.82 0 0 -0.0500000007450581 0 50.0000207435948
1.84 0 0 -0.0500000007450581 0 50.0000207435948
1.86 0 0 -0.0500000007450581 0 50.0000207435948
1.88 0 0 -0.0500000007450581 0 50.0000207435948
1.9 0 0 -0.0500000007450581 0 50.0000207435948
1.92 0 0 -0.0500000007450581 0 50.0000207435948
1.94 0 0 -0.0500000007450581 0 50.0000207435948
1.96 0 0 -0.0500000007450581 0 50.0000207435948
1.98 -0.504626989364624 -0.000147123006172478 -0.0500019006431103 -2.24447990149201E-6 49.4217359473264
2 -1.3342000246048 -0.0012914000544697 -0.0500189997255802 -0.0000216354001167929 47.8928561582265
2.02 -1.81582999229431 0.00230489997193217 -0.0499874018132687 0.0000119975002235151 45.812042442676
2.04 -2.18703007698059 0.00832664966583252 -0.0498687997460365 0.000128843996208161 43.3059265078871
2.06 -2.36258006095886 0.0188969001173973 -0.0495877005159855 0.000381499994546175 40.5985863699604
2.08 -2.4470100402832 0.0424056984484196 -0.048930399119854 0.000917493016459048 37.7945307533862
2.1 -2.27520990371704 0.0920815020799637 -0.0474499017000198 0.00201270007528365 35.187345094354
2.12 -1.96791994571686 0.147229999303818 -0.0450103990733624 0.00366183998994529 32.9322386115631
2.14 -1.8157000541687 0.181858003139496 -0.0419223010540009 0.00558343017473817 30.8516571224445
2.16 -1.55737996101379 0.226459994912148 -0.0379983000457287 0.00784524995833635 29.067007239495
2.18 -1.30629003047943 0.260832011699677 -0.0334059000015259 0.0103198997676373 27.5700995659
2.2 -1.06804001331329 0.292300999164581 -0.0281952004879713 0.0129701001569629 26.3462030911669
2.22 -0.79916900396347 0.310469001531601 -0.0226089004427195 0.0156811997294426 25.4304454781972
2.24 -0.543646991252899 0.327140003442764 -0.0166848991066217 0.0184586998075247 24.807469046642
2.26 -0.243931993842125 0.338757008314133 -0.0105280000716448 0.0212862994521856 24.5279213567443
2.28 0.00526423985138536 0.34672799706459 -0.00421938020735979 0.0241653993725777 24.5339951024638
2.3 0.286368995904922 0.347265005111694 0.00209059007465839 0.0270674005150795 24.862127635475
2.32 0.509613990783691 0.342040985822678 0.00828266981989145 0.0299750994890928 25.4460866113965
2.34 0.752368986606598 0.340229988098145 0.0144050000235438 0.0329449996352196 26.3082733431585
2.36 0.943497002124786 0.333932995796204 0.020363699644804 0.0359613001346588 27.3894444774477
2.38 1.06563997268677 0.323956996202469 0.0260844007134438 0.039003100246191 28.6105337444319
2.4 1.18480002880096 0.326157987117767 0.0317736007273197 0.0421942993998528 29.9682131344381
2.42 1.28768002986908 0.321143001317978 0.037296000868082 0.0454741008579731 31.4438106178227
2.44 1.34643995761871 0.32294699549675 0.0427605994045734 0.0489173009991646 32.9867264456669
2.46 1.31124997138977 0.325167000293732 0.0481687001883984 0.05252930149436 34.4893100064622
2.48 1.36933994293213 0.326180011034012 0.0534945987164974 0.0562965013086796 36.0584674210977
2.5 1.36705994606018 0.32863000035286 0.058754600584507 0.0602375008165836 37.6249917978081
2.52 1.3173999786377 0.339183986186981 0.0640724003314972 0.0644493028521538 39.1346206987323
2.54 1.22245001792908 0.34417799115181 0.0693581998348236 0.068858802318573 40.5354446861782
2.56 1.13652002811432 0.350050002336502 0.0746269971132278 0.0734689980745316 41.837780760887
2.58 0.967046976089478 0.356433987617493 0.0798918977379799 0.078275203704834 42.9459379725869
2.6 0.872384011745453 0.366553008556366 0.0852143988013268 0.0833164975047112 43.9456351953615
2.62 0.796051979064941 0.3698950111866 0.0904998034238815 0.0884926989674568 44.8578411099629
2.64 0.609287977218628 0.374788999557495 0.095780998468399 0.0938121005892754 45.5560469525839
2.66 0.564588010311127 0.383845001459122 0.101125001907349 0.0993231981992722 46.2030297915244
2.68 0.408161997795105 0.387582987546921 0.106467001140118 0.104939997196198 46.6707372402249
2.7 0.34586900472641 0.391772001981735 0.111823998391628 0.110657997429371 47.0670521366258
2.72 0.241692006587982 0.390991002321243 0.117136999964714 0.116397000849247 47.3440197225645
2.74 0.157071992754936 0.393285989761353 0.122458003461361 0.122189998626709 47.5239849619107
2.76 0.0852205008268356 0.392509013414383 0.127754002809525 0.127984002232552 47.6216737425148
2.78 -0.0239429008215666 0.388561010360718 0.132992997765541 0.133724004030228 47.5942300424297
2.8 -0.0985656976699829 0.391544997692108 0.138280004262924 0.139501005411148 47.4812996946926
2.82 -0.181061998009682 0.392336010932922 0.143592998385429 0.145273998379707 47.2737746420455
2.84 -0.273277997970581 0.390513002872467 0.148908004164696 0.150996997952461 46.9606514497353
2.86 -0.285237997770309 0.388265013694763 0.154223993420601 0.156657993793488 46.6337790866259
2.88 -0.316177010536194 0.392785012722015 0.159636005759239 0.162351995706558 46.2714990228592
2.9 -0.333840012550354 0.394614011049271 0.165111005306244 0.168036997318268 45.8889332972575
2.92 -0.328112989664078 0.391413986682892 0.170578002929688 0.173638999462128 45.5129587042048
2.94 -0.292533993721008 0.394023001194 0.17611700296402 0.179244995117188 45.1777227744568
2.96 -0.307148993015289 0.393862009048462 0.181686997413635 0.184815004467964 44.8257528812421
2.98 -0.218026995658875 0.400204002857208 0.187376007437706 0.190445005893707 44.5758874859301
3 -0.220474004745483 0.397273987531662 0.193048000335693 0.196009993553162 44.3232695243825
3.02 -0.172588005661964 0.398570001125336 0.198760002851486 0.201569005846977 44.1254843214918
3.04 -0.142019003629684 0.398303985595703 0.20448599755764 0.207106992602348 43.9627653097999
3.06 -0.153540000319481 0.400828003883362 0.21026499569416 0.212663993239403 43.7868093914966
3.08 -0.131974995136261 0.399020999670029 0.21603399515152 0.218178004026413 43.6355480221374
3.1 -0.0843198969960213 0.403201997280121 0.221874997019768 0.223737999796867 43.5389486567059
3.12 -0.0730990022420883 0.399185001850128 0.22766600549221 0.229232996702194 43.4551832167249
3.14 -0.0163237992674112 0.397891014814377 0.233444005250931 0.234705999493599 43.4365026493449
3.16 0.00981270987540483 0.399255990982056 0.239241003990173 0.240197002887726 43.447734895435
3.18 0.173627004027367 0.386164993047714 0.244838997721672 0.245517998933792 43.6466641550116
3.2 0.11361999809742 0.394143998622894 0.250537008047104 0.250964999198914 43.7768987870109
3.22 0.087228998541832 0.408899009227753 0.256437003612518 0.256628006696701 43.8768210394736
3.24 0.165269002318382 0.398155003786087 0.262167990207672 0.262156993150711 44.0662426757257
3.26 0.140726000070572 0.3906210064888 0.267773985862732 0.267598003149033 44.2274727061784
3.28 0.127011001110077 0.402496993541718 0.273535013198853 0.273220002651215 44.3730035468239
3.3 0.136684998869896 0.404109001159668 0.279305011034012 0.278880000114441 44.5296505203437
3.32 0.16168999671936 0.4009889960289 0.285012990236282 0.284514009952545 44.7149433072424
3.34 0.110595002770424 0.398633003234863 0.29067200422287 0.290129005908966 44.8416808823866
3.36 0.109370999038219 0.400600999593735 0.296346992254257 0.295785009860992 44.9669875328997
3.38 0.0814801007509232 0.401769995689392 0.302026987075806 0.301468014717102 45.0603801245159
3.4 0.0475398004055023 0.398750007152557 0.307657986879349 0.307116001844406 45.1148679586197
3.42 0.0267369002103806 0.398032009601593 0.313273996114731 0.31275799870491 45.1454637910068
3.44 0.0408209003508091 0.400689005851746 0.318924009799957 0.31844100356102 45.1922744924835
3.46 0.0328092016279697 0.401340991258621 0.324579000473022 0.324137985706329 45.2298610234861
3.48 0.0132296998053789 0.40038800239563 0.330217987298965 0.329824000597 45.245044534011
3.5 0.0320933982729912 0.401048004627228 0.335862994194031 0.335521012544632 45.2817704611782
3.52 0.0122600002214313 0.403526991605759 0.341540992259979 0.341257005929947 45.2958645565305
3.54 0.00436394009739161 0.402406990528107 0.347202003002167 0.34697699546814 45.3008505946246
3.56 0.0164158996194601 0.401529014110565 0.352849990129471 0.352685987949371 45.3196438601259
3.58 -0.00187013996765018 0.401520013809204 0.358496993780136 0.358395993709564 45.3175230863886
3.6 0.0276602990925312 0.400599002838135 0.36412900686264 0.364095002412796 45.3492083339483
3.62 0.00369448005221784 0.398301988840103 0.369726985692978 0.369762003421783 45.3534498814229
3.64 -0.0141532002016902 0.402628004550934 0.375387012958527 0.375490009784698 45.3372350123333
3.66 -0.0451616011559963 0.401309996843338 0.381031006574631 0.381195992231369 45.2854963293704
3.68 -0.0627320036292076 0.400420993566513 0.386669009923935 0.38688400387764 45.2135880977885
3.7 -0.0617392994463444 0.400350004434586 0.392313003540039 0.392562985420227 45.1428273379872
3.72 -0.0487633012235165 0.402613997459412 0.397996008396149 0.398268014192581 45.0869666358602
3.74 -0.0550433993339539 0.397448003292084 0.40361100435257 0.403894007205963 45.0238830086859
3.76 -0.0286068990826607 0.401185005903244 0.409283995628357 0.40956899523735 44.9911083459536
3.78 0.0137146003544331 0.402029007673264 0.414970010519028 0.41525399684906 45.0068075357609
3.8 0.0030709900893271 0.400894999504089 0.420637995004654 0.420924991369247 45.0103626492239
3.82 0.0157236997038126 0.40192899107933 0.426320999860764 0.426611006259918 45.0283533674977
3.84 0.0105053996667266 0.404691994190216 0.432040005922318 0.432336986064911 45.0403847457207
3.86 -0.000507818011101335 0.405481994152069 0.437770992517471 0.438075989484787 45.0398110098304
3.88 -0.013761100359261 0.40242999792099 0.443459004163742 0.443769991397858 45.0240537634152
3.9 -0.0379809997975826 0.402570992708206 0.449151992797852 0.44946300983429 44.9805113074563
3.92 -0.0266906004399061 0.400059014558792 0.460514008998871 0.460803002119064 44.9070560380274
3.94 -0.0353487990796566 0.398434996604919 0.466159999370575 0.466426014900208 44.8665496011546
3.96 -0.0282835997641087 0.396710008382797 0.471785008907318 0.472021996974945 44.8341779195833
3.98 -0.0345637984573841 0.398562014102936 0.477439999580383 0.477640002965927 44.7945286714514
4 -0.0229963008314371 0.398461997509003 0.48309600353241 0.483253985643387 44.7682290280523
4.02 -0.00147766002919525 0.400925993919373 0.488788992166519 0.488900005817413 44.766511235476
4.04 0.0194176007062197 0.405737996101379 0.494549989700317 0.494616001844406 44.7887400861298
4.06 0.0206643007695675 0.402606993913651 0.500262975692749 0.500289976596832 44.8124613331173
4.08 0.0398974008858204 0.399753004312515 0.505932986736298 0.50592702627182 44.8581826194214
4.1 0.0125832995399833 0.400123000144959 0.511604011058807 0.511572003364563 44.8725635827188
4.12 0.02989980019629 0.402493000030518 0.517307996749878 0.517253994941711 44.9068272266902
4.14 0.0102513004094362 0.40133398771286 0.522992014884949 0.522921025753021 44.918571736968
4.16 -0.0113367000594735 0.399816006422043 0.528654992580414 0.528566002845764 44.9056251133963
4.18 -0.0189097002148628 0.396979987621307 0.534278988838196 0.534169971942902 44.8839085269302
4.2 -0.0115906000137329 0.395036995410919 0.539878010749817 0.539744973182678 44.8706750354133
4.22 0.020456500351429 0.398252993822098 0.545521974563599 0.54536497592926 44.8941094144556
4.24 0.0051719699986279 0.396328002214432 0.55113697052002 0.550960004329681 44.9000106978985
4.26 0.0258363001048565 0.396923005580902 0.556757986545563 0.55656498670578 44.9296298132343
4.28 0.0499177016317844 0.398207992315292 0.562394022941589 0.562192976474762 44.9868121569657
4.3 0.0355798006057739 0.399497985839844 0.568042993545532 0.567843019962311 45.0276088768782
4.32 0.0427832007408142 0.394650995731354 0.57361900806427 0.573428988456726 45.0765949936055
4.34 0.0187943000346422 0.397652000188828 0.579234004020691 0.579061985015869 45.0981374102477
4.36 0.0162313003093004 0.400417000055313 0.584886014461517 0.584734976291656 45.1167599210198
4.38 0.0149616003036499 0.400480002164841 0.590537011623383 0.590411007404327 45.1338900354582
4.4 0.0171086993068457 0.399006992578506 0.596166014671326 0.596068024635315 45.153485848187
4.42 -0.00946618989109993 0.399527996778488 0.601801991462708 0.601733028888702 45.1426565832579
4.44 -0.0263212006539106 0.399298995733261 0.607436001300812 0.607392013072968 45.1125183735452
4.46 0.011128899641335 0.401865988969803 0.613107979297638 0.613086998462677 45.1252396008744
4.48 -0.0339171998202801 0.39826300740242 0.618728995323181 0.618730008602142 45.0863928999699
4.5 -0.0209416002035141 0.398227006196976 0.624354004859924 0.624369025230408 45.0623847850373
4.52 -0.0333169996738434 0.398214012384415 0.629980981349945 0.63000500202179 45.024227933239
4.54 -0.00704193999990821 0.399673014879227 0.635631024837494 0.635658979415894 45.0161478194509
4.56 -0.0271291993558407 0.398476004600525 0.641267001628876 0.641294002532959 44.9850363077815
4.58 0.00309388991445303 0.401693999767303 0.646948993206024 0.64697402715683 44.9885880061499
4.6 0.0211031008511782 0.401416003704071 0.652625977993011 0.652651011943817 45.0127668758117
4.62 0.0453230999410152 0.399015009403229 0.658264994621277 0.658298015594482 45.0647343701118
4.64 -0.00138538994360715 0.397264003753662 0.663877010345459 0.663922011852264 45.0631292756568
4.66 0.0106900995597243 0.399022996425629 0.669512987136841 0.669571995735168 45.0753928803116
4.68 -0.0191868003457785 0.402922004461288 0.675204992294312 0.6752769947052 45.0533894259004
4.7 -0.0342635996639729 0.401138007640839 0.680873990058899 0.680953025817871 45.0141431589295
4.72 -0.0157002992928028 0.397549986839294 0.686496019363403 0.686574995517731 44.9961524406557
4.74 -0.00674189021810889 0.402025014162064 0.692182004451752 0.692260026931763 44.9884172514206
4.76 -0.0537273995578289 0.401425987482071 0.697862982749939 0.69793301820755 44.9268226054854
4.78 -0.0235272999852896 0.401654988527298 0.703552007675171 0.703604996204376 44.8998945846826
4.8 0.0291147995740175 0.402285009622574 0.709249973297119 0.709285974502563 44.9332395682107
4.82 -0.000623492000158876 0.401957988739014 0.714941024780273 0.714963018894196 44.9325531341991
4.84 0.0433145985007286 0.40158799290657 0.720624029636383 0.720638990402222 44.9821710434246
4.86 0.0491326004266739 0.400528997182846 0.726288020610809 0.726303994655609 45.0384927833206
4.88 0.0171780996024609 0.400366008281708 0.731944978237152 0.731971025466919 45.0581466526573
4.9 0.00223971996456385 0.402860999107361 0.737636029720306 0.737673997879028 45.060725049069
4.92 0.0274522993713617 0.399913996458054 0.743285000324249 0.743336975574493 45.0921780701969
4.94 0.0346101000905037 0.402007013559341 0.748959004878998 0.749032974243164 45.1318273183288
4.96 -0.0328552983701229 0.398133009672165 0.754577994346619 0.754674971103668 45.0941861458129
4.98 -0.0428295992314816 0.399865001440048 0.760226011276245 0.760336995124817 45.045138557383
5 -0.041490200906992 0.397727996110916 0.765848994255066 0.765963971614838 44.9975833652868
5.02 -0.0728448033332825 0.400947988033295 0.771522998809814 0.771628975868225 44.9141047932509
5.04 -0.0621779002249241 0.400801002979279 0.777203977108002 0.777285993099213 44.8428283541672
5.06 -0.0271984003484249 0.399515986442566 0.782871007919312 0.782918989658356 44.8116587858898
5.08 0.00154703005682677 0.404614001512527 0.788610994815826 0.78862202167511 44.813434635074
5.1 -0.0111750001087785 0.407995998859406 0.794400990009308 0.794372022151947 44.8006587662315
5.12 0.0214492995291948 0.408356994390488 0.800194978713989 0.800127983093262 44.8252372019598
5.14 0.0312620997428894 0.406127989292145 0.805953979492188 0.805855989456177 44.8610478837782
5.16 0.0304538998752832 0.405014991760254 0.811694025993347 0.811572015285492 44.8959399051532
5.18 0.0114751001819968 0.401609987020493 0.817382991313934 0.817242026329041 44.9091187551567
5.2 0.0441686995327473 0.405386000871658 0.823122978210449 0.822968006134033 44.9597133814336
5.22 -0.0219110995531082 0.400752007961273 0.82879501581192 0.828630983829498 44.9346158513284
5.24 -0.00242443010210991 0.398454993963242 0.834437012672424 0.83425897359848 44.9318086435795
5.26 0.0191635992377996 0.39860001206398 0.84008002281189 0.839890003204346 44.9537540413828
5.28 0.00854283012449741 0.398914992809296 0.845724999904633 0.84552800655365 44.9635519477472
5.3 0.00833505019545555 0.398541003465652 0.851364016532898 0.851161003112793 44.9731176276798
5.32 0.031793400645256 0.398656010627747 0.857002973556519 0.856797993183136 45.0095601019964
5.34 0.0552281998097897 0.400193989276886 0.862658977508545 0.862461984157562 45.0728144838999
5.36 0.0557131990790367 0.399439990520477 0.868296980857849 0.868121027946472 45.1366972432071
5.38 0.0591300018131733 0.39708200097084 0.87389600276947 0.873753011226654 45.2044219839223
5.4 0.0386505983769894 0.394277006387711 0.879450023174286 0.879351019859314 45.2487123455953
5.42 0.0162544008344412 0.394603997468948 0.885004997253418 0.884957015514374 45.2673314412728
5.44 -0.0126296002417803 0.396248996257782 0.890583992004395 0.890586018562317 45.2528958364619
5.46 0.0242893993854523 0.397022992372513 0.896171987056732 0.89622700214386 45.2807391026135
5.48 -0.0155619001016021 0.398636996746063 0.901782989501953 0.901890993118286 45.2628644975556
5.5 -0.0140610001981258 0.398941993713379 0.907400012016296 0.907558023929596 45.2467623265873
5.52 -0.0264132991433144 0.401008009910584 0.913048028945923 0.913251996040344 45.2165114187533
5.54 -0.0312159992754459 0.401616007089615 0.918708026409149 0.918950974941254 45.1807587935428
5.56 -0.0715750977396965 0.398380011320114 0.924328029155731 0.92459899187088 45.098711146138
5.58 -0.0157466996461153 0.399426013231277 0.929967999458313 0.930257022380829 45.0806623712563
5.6 -0.0622240006923676 0.39641198515892 0.935570001602173 0.935867011547089 45.0093859321726
5.62 -0.0602153018116951 0.395114988088608 0.941160023212433 0.941452026367188 44.9403463800421
5.64 -0.0342407003045082 0.39512899518013 0.946754992008209 0.947032988071442 44.9010966979766
5.66 -0.00422518979758024 0.397633999586105 0.952389001846313 0.952646017074585 44.8962848297063
5.68 -0.00198564003221691 0.399556994438171 0.958050012588501 0.958285987377167 44.8939933012398
5.7 -0.0255823004990816 0.395543992519379 0.9636549949646 0.963868021965027 44.8647156953625
5.72 0.0300152990967035 0.395298004150391 0.969256997108459 0.969447016716003 44.8990920374552
5.74 -0.0434762015938759 0.396261006593704 0.974873006343842 0.975039005279541 44.8492453168924
5.76 -0.0599614009261131 0.398288011550903 0.980524003505707 0.980652987957001 44.7805472742204
5.78 -0.0489019006490707 0.399960994720459 0.986204981803894 0.986284971237183 44.7245124022696
5.8 -0.0978960990905762 0.346278011798859 0.991129994392395 0.99115401506424 44.6123265451521
5.82 -0.10572300106287 0.269964993000031 0.994978010654449 0.994942009449005 44.4912033855056
5.84 -0.13289900124073 0.218446001410484 0.998099029064178 0.997999012470245 44.3389106575818
5.86 -0.0489942990243435 0.186536997556686 1.00076997280121 1.00060999393463 44.2827630875097
5.88 -0.0625011026859283 0.141850993037224 1.00279998779297 1.00258004665375 44.2111417238729
5.9 -0.0815493017435074 0.105985000729561 1.00432002544403 1.00406002998352 44.1176944907434
5.92 -0.0213108006864786 0.0758225992321968 1.00540995597839 1.00512003898621 44.0932833946497
5.94 -0.0380039997398853 0.0476101003587246 1.00609004497528 1.00577998161316 44.0497409386909
5.96 -0.0563594996929169 0.0268230997025967 1.0064799785614 1.00615000724792 43.9851102736696
5.98 0.0262979995459318 0.0174972005188465 1.00672996044159 1.00639998912811 44.0152484833823
6 0.00182400003541261 0.00948319025337696 1.00687003135681 1.00653004646301 44.0173692571196
6.02 0.00653410004451871 0.00579289998859167 1.0069500207901 1.0066100358963 44.0248175784095
6.04 0 0 1.0069500207901 1.0066100358963 44.0248175784095
6.06 0 0 1.0069500207901 1.0066100358963 44.0248175784095
6.08 0 0 1.0069500207901 1.0066100358963 44.0248175784095
6.1 0 0 1.0069500207901 1.0066100358963 44.0248175784095
6.12 0 0 1.0069500207901 1.0066100358963 44.0248175784095
6.14 0 0 1.0069500207901 1.0066100358963 44.0248175784095
6.16 0 0 1.0069500207901 1.0066100358963 44.0248175784095
6.18 0 0 1.0069500207901 1.0066100358963 44.0248175784095
6.2 0 0 1.0069500207901 1.0066100358963 44.0248175784095
6.22 0 0 1.0069500207901 1.0066100358963 44.0248175784095
6.24 0 0 1.0069500207901 1.0066100358963 44.0248175784095
6.26 0 0 1.0069500207901 1.0066100358963 44.0248175784095
6.28 0 0 1.0069500207901 1.0066100358963 44.0248175784095
6.3 0 0 1.0069500207901 1.0066100358963 44.0248175784095
6.32 0 0 1.0069500207901 1.0066100358963 44.0248175784095
6.34 0 0 1.0069500207901 1.0066100358963 44.0248175784095
6.36 0 0 1.0069500207901 1.0066100358963 44.0248175784095
6.38 0 0 1.0069500207901 1.0066100358963 44.0248175784095
6.4 0 0 1.0069500207901 1.0066100358963 44.0248175784095
6.42 0 0 1.0069500207901 1.0066100358963 44.0248175784095
6.44 0 0 1.0069500207901 1.0066100358963 44.0248175784095
6.46 0 0 1.0069500207901 1.0066100358963 44.0248175784095
6.48 0 0 1.0069500207901 1.0066100358963 44.0248175784095
6.5 0 0 1.0069500207901 1.0066100358963 44.0248175784095
6.52 0 0 1.0069500207901 1.0066100358963 44.0248175784095
6.54 0 0 1.0069500207901 1.0066100358963 44.0248175784095
6.56 0 0 1.0069500207901 1.0066100358963 44.0248175784095
6.58 0 0 1.0069500207901 1.0066100358963 44.0248175784095
6.6 0 0 1.0069500207901 1.0066100358963 44.0248175784095
6.62 0 0 1.0069500207901 1.0066100358963 44.0248175784095
6.64 0 0 1.0069500207901 1.0066100358963 44.0248175784095
6.66 0 0 1.0069500207901 1.0066100358963 44.0248175784095
6.68 0 0 1.0069500207901 1.0066100358963 44.0248175784095
6.7 0 0 1.0069500207901 1.0066100358963 44.0248175784095
6.72 0 0 1.0069500207901 1.0066100358963 44.0248175784095
6.74 0 0 1.0069500207901 1.0066100358963 44.0248175784095
6.76 0 0 1.0069500207901 1.0066100358963 44.0248175784095
6.78 0 0 1.0069500207901 1.0066100358963 44.0248175784095
6.8 0 0 1.0069500207901 1.0066100358963 44.0248175784095
6.82 0 0 1.0069500207901 1.0066100358963 44.0248175784095
6.84 0 0 1.0069500207901 1.0066100358963 44.0248175784095
6.86 0 0 1.0069500207901 1.0066100358963 44.0248175784095
6.88 0 0 1.0069500207901 1.0066100358963 44.0248175784095
6.9 0 0 1.0069500207901 1.0066100358963 44.0248175784095
6.92 0 0 1.0069500207901 1.0066100358963 44.0248175784095
6.94 0 0 1.0069500207901 1.0066100358963 44.0248175784095
6.96 0 0 1.0069500207901 1.0066100358963 44.0248175784095
6.98 0 0 1.0069500207901 1.0066100358963 44.0248175784095
7 0 0 1.0069500207901 1.0066100358963 44.0248175784095
7.02 0 0 1.0069500207901 1.0066100358963 44.0248175784095
7.04 0 0 1.0069500207901 1.0066100358963 44.0248175784095
7.06 0 0 1.0069500207901 1.0066100358963 44.0248175784095
7.08 0 0 1.0069500207901 1.0066100358963 44.0248175784095
7.1 0 0 1.0069500207901 1.0066100358963 44.0248175784095
7.12 0 0 1.0069500207901 1.0066100358963 44.0248175784095
7.14 0 0 1.0069500207901 1.0066100358963 44.0248175784095
7.16 0 0 1.0069500207901 1.0066100358963 44.0248175784095
7.18 0 0 1.0069500207901 1.0066100358963 44.0248175784095
7.2 0 0 1.0069500207901 1.0066100358963 44.0248175784095
7.22 0 0 1.0069500207901 1.0066100358963 44.0248175784095
7.24 0 0 1.0069500207901 1.0066100358963 44.0248175784095
7.26 0 0 1.0069500207901 1.0066100358963 44.0248175784095
7.28 0 0 1.0069500207901 1.0066100358963 44.0248175784095
7.3 0 0 1.0069500207901 1.0066100358963 44.0248175784095
7.32 0 0 1.0069500207901 1.0066100358963 44.0248175784095
7.34 0 0 1.0069500207901 1.0066100358963 44.0248175784095
7.36 0 0 1.0069500207901 1.0066100358963 44.0248175784095
7.38 0 0 1.0069500207901 1.0066100358963 44.0248175784095
7.4 0 0 1.0069500207901 1.0066100358963 44.0248175784095
7.42 0 0 1.0069500207901 1.0066100358963 44.0248175784095
7.44 0 0 1.0069500207901 1.0066100358963 44.0248175784095
7.46 0 0 1.0069500207901 1.0066100358963 44.0248175784095
7.48 0 0 1.0069500207901 1.0066100358963 44.0248175784095
7.5 0 0 1.0069500207901 1.0066100358963 44.0248175784095
7.52 0 0 1.0069500207901 1.0066100358963 44.0248175784095
7.54 0 0 1.0069500207901 1.0066100358963 44.0248175784095
7.56 0 0 1.0069500207901 1.0066100358963 44.0248175784095
7.58 0 0 1.0069500207901 1.0066100358963 44.0248175784095
7.6 0 0 1.0069500207901 1.0066100358963 44.0248175784095
7.62 0 0 1.0069500207901 1.0066100358963 44.0248175784095
7.64 0 0 1.0069500207901 1.0066100358963 44.0248175784095
7.66 0 0 1.0069500207901 1.0066100358963 44.0248175784095
7.68 0 0 1.0069500207901 1.0066100358963 44.0248175784095
7.7 0 0 1.0069500207901 1.0066100358963 44.0248175784095
7.72 0 0 1.0069500207901 1.0066100358963 44.0248175784095
7.74 0 0 1.0069500207901 1.0066100358963 44.0248175784095
7.76 0 0 1.0069500207901 1.0066100358963 44.0248175784095
7.78 0 0 1.0069500207901 1.0066100358963 44.0248175784095
7.8 0 0 1.0069500207901 1.0066100358963 44.0248175784095
7.82 0 0 1.0069500207901 1.0066100358963 44.0248175784095
7.84 0 0 1.0069500207901 1.0066100358963 44.0248175784095
7.86 0 0 1.0069500207901 1.0066100358963 44.0248175784095
7.88 0 0 1.0069500207901 1.0066100358963 44.0248175784095
7.9 0 0 1.0069500207901 1.0066100358963 44.0248175784095
7.92 0 0 1.0069500207901 1.0066100358963 44.0248175784095
7.94 0 0 1.0069500207901 1.0066100358963 44.0248175784095
7.96 0 0 1.0069500207901 1.0066100358963 44.0248175784095
7.98 0 0 1.0069500207901 1.0066100358963 44.0248175784095
8 0 0 1.0069500207901 1.0066100358963 44.0248175784095
8.02 0 0 1.0069500207901 1.0066100358963 44.0248175784095
8.04 0 0 1.0069500207901 1.0066100358963 44.0248175784095
8.06 0 0 1.0069500207901 1.0066100358963 44.0248175784095
8.08 0 0 1.0069500207901 1.0066100358963 44.0248175784095
8.1 0 0 1.0069500207901 1.0066100358963 44.0248175784095
8.12 0 0 1.0069500207901 1.0066100358963 44.0248175784095
8.14 0 0 1.0069500207901 1.0066100358963 44.0248175784095
8.16 0 0 1.0069500207901 1.0066100358963 44.0248175784095
8.18 0 0 1.0069500207901 1.0066100358963 44.0248175784095
8.2 0 0 1.0069500207901 1.0066100358963 44.0248175784095
8.22 0 0 1.0069500207901 1.0066100358963 44.0248175784095
8.24 0 0 1.0069500207901 1.0066100358963 44.0248175784095
8.26 0 0 1.0069500207901 1.0066100358963 44.0248175784095
8.28 0 0 1.0069500207901 1.0066100358963 44.0248175784095
8.3 0 0 1.0069500207901 1.0066100358963 44.0248175784095
8.32 0 0 1.0069500207901 1.0066100358963 44.0248175784095
8.34 0 0 1.0069500207901 1.0066100358963 44.0248175784095
8.36 0 0 1.0069500207901 1.0066100358963 44.0248175784095
8.38 0 0 1.0069500207901 1.0066100358963 44.0248175784095
8.4 0 0 1.0069500207901 1.0066100358963 44.0248175784095
8.42 0 0 1.0069500207901 1.0066100358963 44.0248175784095
8.44 0 0 1.0069500207901 1.0066100358963 44.0248175784095
8.46 0 0 1.0069500207901 1.0066100358963 44.0248175784095
8.48 0 0 1.0069500207901 1.0066100358963 44.0248175784095
8.5 0 0 1.0069500207901 1.0066100358963 44.0248175784095
8.52 0 0 1.0069500207901 1.0066100358963 44.0248175784095
8.54 0 0 1.0069500207901 1.0066100358963 44.0248175784095
8.56 0 0 1.0069500207901 1.0066100358963 44.0248175784095
8.58 0 0 1.0069500207901 1.0066100358963 44.0248175784095
8.6 0 0 1.0069500207901 1.0066100358963 44.0248175784095
8.62 0 0 1.0069500207901 1.0066100358963 44.0248175784095
8.64 0 0 1.0069500207901 1.0066100358963 44.0248175784095
8.66 0 0 1.0069500207901 1.0066100358963 44.0248175784095
8.68 0 0 1.0069500207901 1.0066100358963 44.0248175784095
8.7 0 0 1.0069500207901 1.0066100358963 44.0248175784095
8.72 0 0 1.0069500207901 1.0066100358963 44.0248175784095
8.74 0 0 1.0069500207901 1.0066100358963 44.0248175784095
8.76 0 0 1.0069500207901 1.0066100358963 44.0248175784095
8.78 0 0 1.0069500207901 1.0066100358963 44.0248175784095
8.8 0 0 1.0069500207901 1.0066100358963 44.0248175784095
8.82 0 0 1.0069500207901 1.0066100358963 44.0248175784095
