0 0 0 -0.0500000007450581 0 50.0000207435948
0.02 0 0 -0.0500000007450581 0 50.0000207435948
0.04 0 0 -0.0500000007450581 0 50.0000207435948
0.06 0 0 -0.0500000007450581 0 50.0000207435948
0.08 0 0 -0.0500000007450581 0 50.0000207435948
0.1 0 0 -0.0500000007450581 0 50.0000207435948
0.12 0 0 -0.0500000007450581 0 50.0000207435948
0.14 0 0 -0.0500000007450581 0 50.0000207435948
0.16 0 0 -0.0500000007450581 0 50.0000207435948
0.18 0 0 -0.0500000007450581 0 50.0000207435948
0.2 0 0 -0.0500000007450581 0 50.0000207435948
0.22 0 0 -0.0500000007450581 0 50.0000207435948
0.24 0 0 -0.0500000007450581 0 50.0000207435948
0.26 0 0 -0.0500000007450581 0 50.0000207435948
0.28 0 0 -0.0500000007450581 0 50.0000207435948
0.3 0 0 -0.0500000007450581 0 50.0000207435948
0.32 0 0 -0.0500000007450581 0 50.0000207435948
0.34 0 0 -0.0500000007450581 0 50.0000207435948
0.36 0 0 -0.0500000007450581 0 50.0000207435948
0.38 0 0 -0.0500000007450581 0 50.0000207435948
0.4 0 0 -0.0500000007450581 0 50.0000207435948
0.42 0 0 -0.0500000007450581 0 50.0000207435948
0.44 0 0 -0.0500000007450581 0 50.0000207435948
0.46 0 0 -0.0500000007450581 0 50.0000207435948
0.48 0 0 -0.0500000007450581 0 50.0000207435948
0.5 0 0 -0.0500000007450581 0 50.0000207435948
0.52 0 0 -0.0500000007450581 0 50.0000207435948
0.54 0 0 -0.0500000007450581 0 50.0000207435948
0.56 0 0 -0.0500000007450581 0 50.0000207435948
0.58 0 0 -0.0500000007450581 0 50.0000207435948
0.6 0 0 -0.0500000007450581 0 50.0000207435948
0.62 0 0 -0.0500000007450581 0 50.0000207435948
0.64 0 0 -0.0500000007450581 0 50.0000207435948
0.66 0 0 -0.0500000007450581 0 50.0000207435948
0.68 0 0 -0.0500000007450581 0 50.0000207435948
0.7 0 0 -0.0500000007450581 0 50.0000207435948
0.72 0 0 -0.0500000007450581 0 50.0000207435948
0.74 0 0 -0.0500000007450581 0 50.0000207435948
0.76 0 0 -0.0500000007450581 0 50.0000207435948
0.78 0 0 -0.0500000007450581 0 50.0000207435948
0.8 0 0 -0.0500000007450581 0 50.0000207435948
0.82 0 0 -0.0500000007450581 0 50.0000207435948
0.84 0 0 -0.0500000007450581 0 50.0000207435948
0.86 0 0 -0.0500000007450581 0 50.0000207435948
0.88 0 0 -0.0500000007450581 0 50.0000207435948
0.9 0 0 -0.0500000007450581 0 50.0000207435948
0.92 0 0 -0.0500000007450581 0 50.0000207435948
0.94 0 0 -0.0500000007450581 0 50.0000207435948
0.96 0 0 -0.0500000007450581 0 50.0000207435948
0.98 0 0 -0.0500000007450581 0 50.0000207435948
1 0 0 -0.0500000007450581 0 50.0000207435948
1.02 0 0 -0.0500000007450581 0 50.0000207435948
1.04 0 0 -0.0500000007450581 0 50.0000207435948
1.06 0 0 -0.0500000007450581 0 50.0000207435948
1.08 -1.2880699634552 -0.00485499994829297 -0.0500634014606476 -0.0000735728972358629 48.5239690526304
1.1 -3.55103993415833 0.0175318997353315 -0.049821998924017 0.000180727001861669 44.4547643262836
1.12 -3.95073008537292 0.0402396991848946 -0.0492256991565228 0.000721230986528099 39.9275954160873
1.14 -2.79012989997864 0.083033598959446 -0.0479229018092155 0.00175113999284804 36.7303189788062
1.16 -0.850934028625488 0.17280800640583 -0.0451355017721653 0.00379445008002222 35.7552036068545
1.18 0.417189985513687 0.165452003479004 -0.0424581989645958 0.00573919015005231 36.2332792827151
1.2 1.3896199464798 0.122980996966362 -0.0404945984482765 0.00722044007852674 37.8257003216636
1.22 1.541100025177 0.136388003826141 -0.0383661016821861 0.00892626028507948 39.591669637233
1.24 0.880280017852783 0.196475997567177 -0.0353601016104221 0.0114572001621127 40.6003622191446
1.26 0.474287986755371 0.251033991575241 -0.0315635986626148 0.0147425998002291 41.1438711072539
1.28 0.223129004240036 0.27319198846817 -0.0274570994079113 0.0183467008173466 41.3995797294009
1.3 -0.12474799901247 0.294939011335373 -0.0230273995548487 0.0222420003265142 41.2566272851671
1.32 -0.38544300198555 0.322008013725281 -0.0181696005165577 0.0264701992273331 40.8149360270152
1.34 -0.513446986675262 0.337099999189377 -0.0130446003749967 0.030850600451231 40.2265630413426
1.36 -0.455471009016037 0.350351005792618 -0.00767417019233108 0.0353513993322849 39.7045999849701
1.38 -0.296804994344711 0.363633006811142 -0.00206519989296794 0.0399807989597321 39.3644907152492
1.4 -0.00528729986399412 0.370216012001038 0.0036595300771296 0.044676698744297 39.358476733685
1.42 0.228000998497009 0.375863999128342 0.00946095958352089 0.0494571998715401 39.6197451298164
1.44 0.375075995922089 0.377972990274429 0.0152658000588417 0.0542996004223824 40.0495211229612
1.46 0.44623601436615 0.379451990127563 0.0210532993078232 0.0592086017131805 40.5608871408365
1.48 0.375353008508682 0.385271996259689 0.0268884003162384 0.064240999519825 40.9910046434398
1.5 0.261918008327484 0.388411998748779 0.0327385999262333 0.0693518966436386 41.2911197404757
1.52 0.155894994735718 0.392630010843277 0.0386307016015053 0.0745429024100304 41.4697701684066
1.54 0.0472162999212742 0.397426009178162 0.0445840992033482 0.0798093974590302 41.5238550213494
1.56 -0.0341712981462479 0.398703008890152 0.0505558997392654 0.0850936025381088 41.4847214524998
1.58 -0.118052996695042 0.398279994726181 0.0565293990075588 0.0903631001710892 41.349446140893
1.6 -0.164252996444702 0.399753004312515 0.0625398978590965 0.0956351980566978 41.1612300330295
1.62 -0.12576399743557 0.400011986494064 0.0685696005821228 0.100892998278141 41.0171301170151
1.64 -0.0337787009775639 0.401470988988876 0.0746297016739845 0.106160998344421 40.9783995293266
1.66 0.0595688000321388 0.397431999444962 0.0806275010108948 0.111377000808716 41.0466399493242
1.68 0.163490995764732 0.400891005992889 0.0866656973958015 0.116651996970177 41.2339954533523
1.7 0.170902997255325 0.39885801076889 0.0926557034254074 0.121919997036457 41.4298340523295
1.72 0.215417996048927 0.397951006889343 0.0986118018627167 0.127198994159698 41.6767214851635
1.74 0.168431997299194 0.393698006868362 0.104483999311924 0.132444992661476 41.8696914046893
1.76 0.132345005869865 0.394811987876892 0.110357001423836 0.137722998857498 42.0213557552095
1.78 0.106462001800537 0.398806989192963 0.116277001798153 0.143068999052048 42.1433361035968
1.8 0.0488326996564865 0.399603992700577 0.12219999730587 0.148433998227119 42.1993163340342
1.82 0.00473335012793541 0.402493000030518 0.128162994980812 0.153842002153397 42.2047599948027
1.84 -0.0382810011506081 0.407101005315781 0.134196996688843 0.15930899977684 42.1608691991962
1.86 -0.0231120008975267 0.403057008981705 0.140173003077507 0.164718002080917 42.1343988010678
1.88 -0.0211722999811172 0.401165008544922 0.146124005317688 0.170100003480911 42.1101072332847
1.9 0.010390100069344 0.400279998779297 0.152062997221947 0.175467997789383 42.1220224982918
1.92 0.0186787992715836 0.401912987232208 0.158023998141289 0.180860996246338 42.1434522168127
1.94 0.0709284991025925 0.399859011173248 0.163949996232986 0.186231002211571 42.22469731699
1.96 0.114704996347427 0.399298995733261 0.169856995344162 0.191605001688004 42.3561921188911
1.98 0.0978266969323158 0.397601008415222 0.175727993249893 0.196968004107475 42.4682618627927
2 0.111171998083591 0.395500987768173 0.18155699968338 0.202315002679825 42.5956312304352
2.02 0.110803000628948 0.397915989160538 0.187409996986389 0.20770800113678 42.7226556735245
2.04 0.0319085009396076 0.397718012332916 0.193251997232437 0.213107004761696 42.7592108459624
2.06 0.041882898658514 0.400824010372162 0.199135005474091 0.218551993370056 42.8071656041251
2.08 0.0500793009996414 0.402206987142563 0.205034002661705 0.224021002650261 42.8645767591937
2.1 0.00840441975742579 0.402520000934601 0.210933998227119 0.229497998952866 42.8742039108288
2.12 -0.0622011013329029 0.399944990873337 0.216800004243851 0.234936997294426 42.8029274717451
2.14 0.00182400003541261 0.402043998241425 0.222699001431465 0.24040000140667 42.8050482454824
2.16 -0.0107824997976422 0.400139003992081 0.228570997714996 0.24583800137043 42.7926719427063
2.18 0.0138071002438664 0.401764005422592 0.234466999769211 0.251296997070313 42.8084838306349
2.2 0.0477245002985001 0.39869698882103 0.24031400680542 0.256718993186951 42.8632004760759
2.22 0.111956998705864 0.397915989160538 0.246141001582146 0.262138992547989 42.9914885041617
2.24 0.0682502016425133 0.396622002124786 0.251940011978149 0.267551988363266 43.0696941701584
2.26 0.0803026035428047 0.396041989326477 0.257721990346909 0.272965013980865 43.1617138937514
2.28 0.0663106963038445 0.399630010128021 0.263547986745834 0.278436988592148 43.2376860878895
2.3 0.0374730005860329 0.401941001415253 0.269403010606766 0.283946007490158 43.2806001664447
2.32 0.0158849991858006 0.397541999816895 0.275189995765686 0.289398014545441 43.2988231111503
2.34 0.0179861001670361 0.399488985538483 0.281004011631012 0.294878005981445 43.3194468673492
2.36 -0.0109671000391245 0.398140996694565 0.286798000335693 0.300339996814728 43.3068998098438
2.38 0.0171316005289555 0.398992985486984 0.292603999376297 0.305815011262894 43.3264956225726
2.4 0.0129989003762603 0.399955004453659 0.298422008752823 0.311304003000259 43.3413922651524
2.42 0.0621547996997833 0.401096999645233 0.30425301194191 0.316814005374908 43.4126106476282
2.44 0.0220266003161669 0.397839993238449 0.310030996799469 0.322282999753952 43.4378789324626
2.46 0.0338478982448578 0.398550987243652 0.31581699848175 0.327766001224518 43.4766675767591
2.48 0.0513723008334637 0.397514998912811 0.321583986282349 0.333238989114761 43.5355096564588
2.5 0.0219110995531082 0.395496994256973 0.327316999435425 0.338688999414444 43.560607186564
2.52 0.0364339016377926 0.39486101269722 0.333038002252579 0.344132989645004 43.6023737933387
2.54 0.0423447005450726 0.395417004823685 0.338761985301971 0.349588990211487 43.6509057024862
2.56 0.0398281998932362 0.398692011833191 0.344529002904892 0.355096012353897 43.6965689321824
2.58 0.00916615035384893 0.397204995155334 0.350273013114929 0.360583990812302 43.7070532725583
2.6 0.0340788997709751 0.403566002845764 0.356104999780655 0.366162985563278 43.7460741432866
2.62 0.0097433403134346 0.402662992477417 0.361923009157181 0.371731996536255 43.7572449176742
2.64 0.0311005003750324 0.402947008609772 0.367742002010345 0.377308011054993 43.7928848447633
2.66 0.0303154997527599 0.402738004922867 0.373553991317749 0.382883995771408 43.8276607529224
2.68 -0.00214727991260588 0.40216600894928 0.379357010126114 0.388453990221024 43.8251984697267
2.7 -0.0224421992897987 0.404693990945816 0.385197997093201 0.394057005643845 43.7994725622178
2.72 0.0109901996329427 0.403088003396988 0.391016006469727 0.399637997150421 43.8120776763311
2.74 0.0173396002501249 0.398030012845993 0.396759003400803 0.40514999628067 43.831902300397
2.76 0.0200178995728493 0.401598006486893 0.402552008628845 0.410712987184525 43.8548756416704
2.78 0.0206183008849621 0.401116013526917 0.408336013555527 0.41627299785614 43.8784841905365
2.8 0.0325319990515709 0.397915989160538 0.41407099366188 0.421790987253189 43.915783853594
2.82 0.0468932017683983 0.398746013641357 0.419813007116318 0.427325010299683 43.9695271970782
2.84 0.0536811016499996 0.399984002113342 0.425567001104355 0.432882010936737 44.0310057297975
2.86 0.0684811994433403 0.399634003639221 0.431309998035431 0.438441008329391 44.1094982637394
2.88 0.0401743985712528 0.400950014591217 0.437065005302429 0.444025009870529 44.1555098330832
2.9 0.0175473000854254 0.400869011878967 0.442815989255905 0.449611008167267 44.1756179099997
2.92 0.0181015003472567 0.402152001857758 0.448583990335464 0.455217003822327 44.196361194509
2.94 -0.00879689957946539 0.400600999593735 0.454329013824463 0.460801988840103 44.1862764201995
2.96 -0.0410056002438068 0.400970995426178 0.460081994533539 0.466389000415802 44.1392949639935
2.98 -0.0241045001894236 0.400153011083603 0.465826004743576 0.471960991621017 44.1116770940846
3 -0.0242199990898371 0.401308000087738 0.471590012311935 0.477546006441116 44.0839465260543
3.02 0.0113826002925634 0.399502009153366 0.477328985929489 0.483105003833771 44.096951206234
3.04 0.0126756001263857 0.396194994449615 0.48301899433136 0.488620012998581 44.1115063393553
3.06 0.069589301943779 0.394717991352081 0.488682985305786 0.494118988513947 44.191259043199
3.08 0.0609311014413834 0.394704014062881 0.494340002536774 0.499624997377396 44.2610465010436
3.1 0.0662415027618408 0.393862009048462 0.499978005886078 0.505127012729645 44.3369640536684
3.12 0.0553206987679005 0.397260010242462 0.505657017230988 0.510681986808777 44.4003891903011
3.14 0.0199255999177694 0.399554997682571 0.511366009712219 0.516274988651276 44.4231951919398
3.16 0.00886610988527536 0.401995986700058 0.517107009887695 0.521902978420258 44.4333346077627
3.18 -0.00819647964090109 0.400101989507675 0.522822022438049 0.527504026889801 44.4239396825593
3.2 -0.0198331996798515 0.4009810090065 0.528550028800964 0.5331169962883 44.4012497941365
3.22 -0.0619932003319263 0.401598006486893 0.534291982650757 0.538733005523682 44.33020216639
3.24 -0.0474474988877773 0.400135010480881 0.540018975734711 0.54432201385498 44.2758304455021
3.26 -0.0138993002474308 0.401284992694855 0.545765995979309 0.54992401599884 44.2599024443577
3.28 0.0221420992165804 0.401905000209808 0.551522016525269 0.555535972118378 44.2852834273134
3.3 -0.00196224008686841 0.399951010942459 0.557247996330261 0.561120986938477 44.2830499554549
3.32 0.049871601164341 0.400606989860535 0.562981009483337 0.566717982292175 44.3401708274837
3.34 0.0710209980607033 0.402920007705688 0.568741023540497 0.572354018688202 44.4215900974848
3.36 0.0903692021965981 0.400774985551834 0.574460983276367 0.577969014644623 44.5251221049239
3.38 0.0584607012569904 0.396822988986969 0.580115020275116 0.583537995815277 44.5921023550197
3.4 0.0489251017570496 0.399260014295578 0.585798978805542 0.589146971702576 44.6481952835784
3.42 -0.000461852003354579 0.399316012859344 0.59148097038269 0.594758987426758 44.6476215476881
3.44 -0.0341712981462479 0.401697993278503 0.597199022769928 0.600403010845184 44.6084879788385
3.46 -0.0667954012751579 0.405966997146606 0.602982997894287 0.606100976467133 44.5319420488102
3.48 -0.0588762983679771 0.403598010540009 0.608739972114563 0.611759006977081 44.46450417604
3.5 -0.0681117996573448 0.401187002658844 0.614471018314362 0.617375016212463 44.3864112081647
3.52 -0.0200178995728493 0.4043850004673 0.620250999927521 0.62303102016449 44.3634925084047
3.54 0.00877366960048676 0.405638009309769 0.626051008701324 0.628704011440277 44.3735192261063
3.56 0.0673035979270935 0.404119998216629 0.631824016571045 0.634360015392303 44.4506388920249
3.58 0.101728998124599 0.398943990468979 0.637513995170593 0.639953970909119 44.5672370513462
3.6 0.087990902364254 0.398039013147354 0.643181025981903 0.64554500579834 44.6680745491578
3.62 0.0638172030448914 0.396578013896942 0.648818016052246 0.651125013828278 44.7411848940336
3.64 0.0323472991585732 0.395166009664536 0.654429972171783 0.656690001487732 44.7782557457539
3.66 0.000785131007432938 0.399549007415771 0.660102009773254 0.662317991256714 44.7791744061972
3.68 0.0116135999560356 0.403744012117386 0.665834009647369 0.668007016181946 44.7924659543221
3.7 -0.00706533994525671 0.404089003801346 0.671568989753723 0.673699975013733 44.7843858405339
3.72 -0.0167392995208502 0.404107004404068 0.67730700969696 0.679392993450165 44.7651930089662
3.74 -0.0441456995904446 0.402850985527039 0.683030009269714 0.685064017772675 44.7146017977839
3.76 -0.0779474005103111 0.400128990411758 0.688721001148224 0.690689980983734 44.6252765838184
3.78 -0.0402204990386963 0.400346010923386 0.694422006607056 0.696312010288239 44.5792103729613
3.8 -0.0425987988710403 0.398611009120941 0.700102984905243 0.701905012130737 44.5303950109632
3.82 0.00565672013908625 0.398337006568909 0.705781996250153 0.707493007183075 44.5368700302964
3.84 0.0153769999742508 0.393977999687195 0.711396992206573 0.713020026683807 44.5544577674091
3.86 0.070582203567028 0.397563993930817 0.717059016227722 0.718602001667023 44.635361358128
3.88 0.0501717999577522 0.391364991664886 0.722625970840454 0.724105000495911 44.6928271547099
3.9 0.0539350993931293 0.394104987382889 0.728227019309998 0.729650974273682 44.7546506119823
3.92 0.0293917991220951 0.397998005151749 0.733878016471863 0.735257029533386 44.7883405200634
3.94 0.0141765000298619 0.399266988039017 0.739543974399567 0.740884006023407 44.8046134457609
3.96 0.0104361996054649 0.394665002822876 0.745144009590149 0.746447026729584 44.816528710768
3.98 -0.0119599997997284 0.398707002401352 0.750801026821136 0.752066016197205 44.8028341814821
4 -0.00477914977818727 0.401888012886047 0.756505012512207 0.757730007171631 44.7973358792003
4.02 -0.0061414698138833 0.400173991918564 0.762184023857117 0.763369023799896 44.7903451805848
4.04 -0.00824262015521526 0.396771997213364 0.767816007137299 0.768958985805511 44.7808921987735
4.06 -0.0347024016082287 0.397855013608933 0.773465991020203 0.774562001228333 44.7411268374256
4.08 -0.00754992011934519 0.398900985717773 0.779133021831512 0.780178010463715 44.7324764028418
4.1 -0.0279141999781132 0.394344002008438 0.784738004207611 0.785727024078369 44.700504287337
4.12 0.0210107993334532 0.396789997816086 0.790377020835876 0.791310012340546 44.7245704588775
4.14 0.0122370002791286 0.394955009222031 0.795988976955414 0.796868979930878 44.738548441014
4.16 0.0328321009874344 0.397042989730835 0.801627993583679 0.802460014820099 44.7761930286245
4.18 0.0406129993498325 0.398950010538101 0.807289004325867 0.80808299779892 44.8227168621561
4.2 0.0230195000767708 0.399428009986877 0.812954008579254 0.813714981079102 44.8491292036765
4.22 0.0388815999031067 0.40038201212883 0.818629026412964 0.81936502456665 44.8936483766867
4.24 0.0159313008189201 0.402336001396179 0.824329018592834 0.825044989585876 44.9119259629056
4.26 0.00316308997571468 0.403335005044937 0.830040991306305 0.830739974975586 44.915535717882
4.28 -0.015077100135386 0.40429499745369 0.835767984390259 0.836449027061462 44.8982894902277
4.3 -0.0303847007453442 0.403079986572266 0.84148097038269 0.842136979103088 44.8634555254606
4.32 -0.0525962002575397 0.402303010225296 0.847186982631683 0.847809970378876 44.8031791060352
4.34 -0.0412826016545296 0.399982005357742 0.852864980697632 0.853444993495941 44.7558527252762
4.36 -0.0235274992883205 0.399755001068115 0.858543992042542 0.859072983264923 44.7289247044734
4.38 0.0117290001362562 0.402678996324539 0.864265024662018 0.864741027355194 44.7423323658142
4.4 0.02989980019629 0.402608007192612 0.869982004165649 0.870410978794098 44.7766506512989
4.42 0.0347715988755226 0.396512001752853 0.875609993934631 0.875998020172119 44.8164706541601
4.44 0.0744379982352257 0.39698201417923 0.881237983703613 0.881599009037018 44.9017865470827
4.46 0.05799899995327 0.397071987390518 0.886858999729156 0.887207984924316 44.9682477028016
4.48 0.0374730005860329 0.398247003555298 0.8924919962883 0.892839014530182 45.0111617813568
4.5 0.0250744000077248 0.400586992502213 0.898154973983765 0.898506999015808 45.0399271230463
4.52 -0.0534964986145496 0.400875002145767 0.903823018074036 0.904177010059357 44.9786193450562
4.54 -0.0592687018215656 0.402799993753433 0.909524977207184 0.909868001937866 44.9106657930038
4.56 -0.0509798005223274 0.404092997312546 0.915251970291138 0.915570974349976 44.8522813359785
4.58 -0.0599613003432751 0.403816998004913 0.920980989933014 0.921262979507446 44.7835832933065
4.6 -0.0498487018048763 0.402402997016907 0.926696002483368 0.926930010318756 44.726459006183
4.62 -0.019394600763917 0.403304010629654 0.932428002357483 0.932605028152466 44.7042301555292
4.64 0.0251896996051073 0.403715014457703 0.938165009021759 0.938286006450653 44.7330501387321
4.66 0.0588300004601479 0.399405986070633 0.943836987018585 0.943912029266357 44.8004880115022
4.68 0.0724755004048347 0.395529001951218 0.949446022510529 0.949490010738373 44.8835670174717
4.7 0.0885683000087738 0.395552009344101 0.955045998096466 0.955076992511749 44.9850363077815
4.72 0.0869520977139473 0.395927995443344 0.960641980171204 0.96068000793457 45.0846751073936
4.74 0.0743917971849442 0.389418005943298 0.966136991977692 0.966198980808258 45.1699295286138
4.76 0.0196486990898848 0.391948997974396 0.971661984920502 0.971759974956512 45.1924486623073
4.78 -0.0253053996711969 0.397873014211655 0.977271020412445 0.977403998374939 45.1634545092806
4.8 -0.113943003118038 0.396780014038086 0.982873022556305 0.983025014400482 45.0328783678228
4.82 -0.131789997220039 0.400214999914169 0.988537013530731 0.988681018352509 44.8818458098009
4.84 -0.128165006637573 0.349370002746582 0.993494987487793 0.993605017662048 44.7349967426456
4.86 -0.156057000160217 0.266860008239746 0.99729198217392 0.997355997562408 44.55617897508
4.88 -0.155272006988525 0.219559997320175 1.00042998790741 1.00042998790741 44.3782183962552
4.9 -0.12049999833107 0.180781006813049 1.00301003456116 1.00295996665955 44.2401324618051
4.92 -0.100088998675346 0.136427998542786 1.00496995449066 1.0048600435257 44.1254262648838
4.94 -0.0694738999009132 0.105912998318672 1.00648999214172 1.00633001327515 44.0458443157694
4.96 -0.00923551991581917 0.0733603984117508 1.00755000114441 1.00734996795654 44.0352438621775
4.98 -0.0426678992807865 0.0506015010178089 1.0082700252533 1.00805997848511 43.9863704435715
5 0.0138071002438664 0.0262324996292591 1.00864994525909 1.00841999053955 44.0021857465947
5.02 -0.00978961028158665 0.0121456999331713 1.00882995128632 1.00858998298645 43.9909535005046
5.04 0.0045023001730442 0.00664702011272311 1.00891995429993 1.00867998600006 43.9961102933279
5.06 -0.023250300437212 0.00205764989368618 1.00894999504089 1.00871002674103 43.9694691404703
5.08 0 0 1.00894999504089 1.00871002674103 43.9694691404703
5.1 0 0 1.00894999504089 1.00871002674103 43.9694691404703
5.12 0 0 1.00894999504089 1.00871002674103 43.9694691404703
5.14 0 0 1.00894999504089 1.00871002674103 43.9694691404703
5.16 0 0 1.00894999504089 1.00871002674103 43.9694691404703
5.18 0 0 1.00894999504089 1.00871002674103 43.9694691404703
5.2 0 0 1.00894999504089 1.00871002674103 43.9694691404703
5.22 0 0 1.00894999504089 1.00871002674103 43.9694691404703
5.24 0 0 1.00894999504089 1.00871002674103 43.9694691404703
5.26 0 0 1.00894999504089 1.00871002674103 43.9694691404703
5.28 0 0 1.00894999504089 1.00871002674103 43.9694691404703
5.3 0 0 1.00894999504089 1.00871002674103 43.9694691404703
5.32 0 0 1.00894999504089 1.00871002674103 43.9694691404703
5.34 0 0 1.00894999504089 1.00871002674103 43.9694691404703
5.36 0 0 1.00894999504089 1.00871002674103 43.9694691404703
5.38 0 0 1.00894999504089 1.00871002674103 43.9694691404703
5.4 0 0 1.00894999504089 1.00871002674103 43.9694691404703
5.42 0 0 1.00894999504089 1.00871002674103 43.9694691404703
5.44 0 0 1.00894999504089 1.00871002674103 43.9694691404703
5.46 0 0 1.00894999504089 1.00871002674103 43.9694691404703
5.48 0 0 1.00894999504089 1.00871002674103 43.9694691404703
5.5 0 0 1.00894999504089 1.00871002674103 43.9694691404703
5.52 0 0 1.00894999504089 1.00871002674103 43.9694691404703
5.54 0 0 1.00894999504089 1.00871002674103 43.9694691404703
5.56 0 0 1.00894999504089 1.00871002674103 43.9694691404703
5.58 0 0 1.00894999504089 1.00871002674103 43.9694691404703
5.6 0 0 1.00894999504089 1.00871002674103 43.9694691404703
5.62 0 0 1.00894999504089 1.00871002674103 43.9694691404703
5.64 0 0 1.00894999504089 1.00871002674103 43.9694691404703
5.66 0 0 1.00894999504089 1.00871002674103 43.9694691404703
5.68 0 0 1.00894999504089 1.00871002674103 43.9694691404703
5.7 0 0 1.00894999504089 1.00871002674103 43.9694691404703
5.72 0 0 1.00894999504089 1.00871002674103 43.9694691404703
5.74 0 0 1.00894999504089 1.00871002674103 43.9694691404703
5.76 0 0 1.00894999504089 1.00871002674103 43.9694691404703
5.78 0 0 1.00894999504089 1.00871002674103 43.9694691404703
5.8 0 0 1.00894999504089 1.00871002674103 43.9694691404703
5.82 0 0 1.00894999504089 1.00871002674103 43.9694691404703
5.84 0 0 1.00894999504089 1.00871002674103 43.9694691404703
5.86 0 0 1.00894999504089 1.00871002674103 43.9694691404703
5.88 0 0 1.00894999504089 1.00871002674103 43.9694691404703
5.9 0 0 1.00894999504089 1.00871002674103 43.9694691404703
5.92 0 0 1.00894999504089 1.00871002674103 43.9694691404703
5.94 0 0 1.00894999504089 1.00871002674103 43.9694691404703
5.96 0 0 1.00894999504089 1.00871002674103 43.9694691404703
5.98 0 0 1.00894999504089 1.00871002674103 43.9694691404703
6 0 0 1.00894999504089 1.00871002674103 43.9694691404703
6.02 0 0 1.00894999504089 1.00871002674103 43.9694691404703
6.04 0 0 1.00894999504089 1.00871002674103 43.9694691404703
6.06 0 0 1.00894999504089 1.00871002674103 43.9694691404703
6.08 0 0 1.00894999504089 1.00871002674103 43.9694691404703
6.1 0 0 1.00894999504089 1.00871002674103 43.9694691404703
6.12 0 0 1.00894999504089 1.00871002674103 43.9694691404703
6.14 0 0 1.00894999504089 1.00871002674103 43.9694691404703
6.16 0 0 1.00894999504089 1.00871002674103 43.9694691404703
6.18 0 0 1.00894999504089 1.00871002674103 43.9694691404703
6.2 0 0 1.00894999504089 1.00871002674103 43.9694691404703
6.22 0 0 1.00894999504089 1.00871002674103 43.9694691404703
6.24 0 0 1.00894999504089 1.00871002674103 43.9694691404703
6.26 0 0 1.00894999504089 1.00871002674103 43.9694691404703
6.28 0 0 1.00894999504089 1.00871002674103 43.9694691404703
6.3 0 0 1.00894999504089 1.00871002674103 43.9694691404703
6.32 0 0 1.00894999504089 1.00871002674103 43.9694691404703
6.34 0 0 1.00894999504089 1.00871002674103 43.9694691404703
6.36 0 0 1.00894999504089 1.00871002674103 43.9694691404703
6.38 0 0 1.00894999504089 1.00871002674103 43.9694691404703
6.4 0 0 1.00894999504089 1.00871002674103 43.9694691404703
6.42 0 0 1.00894999504089 1.00871002674103 43.9694691404703
6.44 0 0 1.00894999504089 1.00871002674103 43.9694691404703
6.46 0 0 1.00894999504089 1.00871002674103 43.9694691404703
6.48 0 0 1.00894999504089 1.00871002674103 43.9694691404703
6.5 0 0 1.00894999504089 1.00871002674103 43.9694691404703
6.52 0 0 1.00894999504089 1.00871002674103 43.9694691404703
6.54 0 0 1.00894999504089 1.00871002674103 43.9694691404703
6.56 0 0 1.00894999504089 1.00871002674103 43.9694691404703
6.58 0 0 1.00894999504089 1.00871002674103 43.9694691404703
6.6 0 0 1.00894999504089 1.00871002674103 43.9694691404703
6.62 0 0 1.00894999504089 1.00871002674103 43.9694691404703
6.64 0 0 1.00894999504089 1.00871002674103 43.9694691404703
6.66 0 0 1.00894999504089 1.00871002674103 43.9694691404703
6.68 0 0 1.00894999504089 1.00871002674103 43.9694691404703
6.7 0 0 1.00894999504089 1.00871002674103 43.9694691404703
6.72 0 0 1.00894999504089 1.00871002674103 43.9694691404703
6.74 0 0 1.00894999504089 1.00871002674103 43.9694691404703
6.76 0 0 1.00894999504089 1.00871002674103 43.9694691404703
